169,168,166,161,160,158,169,168,166,166,165,163,565,1
161,160,158,169,168,166,176,175,173,169,168,166,176,1
169,168,166,169,168,166,163,162,160,169,168,166,937,2
161,160,158,169,168,166,175,174,172,169,168,166,736,1
169,168,166,176,175,173,169,168,166,166,165,163,554,1
169,168,166,161,160,158,169,168,166,172,171,169,371,2
169,168,166,176,175,173,169,168,166,176,175,173,165,2
169,168,166,161,160,158,169,168,166,166,165,163,235,1
161,160,158,169,168,166,166,165,163,169,168,166,466,2
169,168,166,169,168,166,176,175,173,169,168,166,583,1
161,160,158,169,168,166,163,162,160,169,168,166,101,2
169,168,166,169,168,166,169,168,166,167,166,164,577,1
169,168,166,169,168,166,169,168,166,175,174,172,714,2
169,168,166,169,168,166,169,168,166,164,163,161,344,1
169,168,166,161,160,158,169,168,166,170,169,167,337,2
176,175,173,169,168,166,167,166,164,169,168,166,27,2
176,175,173,169,168,166,164,163,161,169,168,166,916,2
169,168,166,176,175,173,169,168,166,161,160,158,320,1
176,175,173,169,168,166,173,172,170,169,168,166,460,1
169,168,166,169,168,166,169,168,166,170,169,167,51,2
176,175,173,169,168,166,161,160,158,169,168,166,650,2
169,168,166,169,168,166,169,168,166,169,168,166,545,2
176,175,173,169,168,166,175,174,172,169,168,166,857,1
176,175,173,169,168,166,167,166,164,169,168,166,819,2
169,168,166,176,175,173,169,168,166,169,168,166,820,2
161,160,158,169,168,166,172,171,169,169,168,166,272,1
176,175,173,169,168,166,161,160,158,169,168,166,155,2
169,168,166,176,175,173,169,168,166,175,174,172,923,2
161,160,158,169,168,166,169,168,166,169,168,166,138,1
169,168,166,176,175,173,169,168,166,166,165,163,785,1
169,168,166,161,160,158,169,168,166,175,174,172,703,2
169,168,166,161,160,158,169,168,166,170,169,167,667,2
169,168,166,176,175,173,169,168,166,170,169,167,95,2
169,168,166,169,168,166,169,168,166,164,163,161,674,1
176,175,173,169,168,166,172,171,169,169,168,166,657,1
169,168,166,169,168,166,166,165,163,169,168,166,114,2
176,175,173,169,168,166,166,165,163,169,168,166,191,2
169,168,166,161,160,158,169,168,166,170,169,167,601,2
169,168,166,169,168,166,169,168,166,170,169,167,876,2
169,168,166,169,168,166,176,175,173,169,168,166,319,1
169,168,166,176,175,173,169,168,166,172,171,169,129,2
176,175,173,169,168,166,170,169,167,169,168,166,623,1
176,175,173,169,168,166,161,160,158,169,168,166,815,2
169,168,166,161,160,158,169,168,166,176,175,173,935,2
161,160,158,169,168,166,170,169,167,169,168,166,106,1
169,168,166,169,168,166,169,168,166,161,160,158,474,1
169,168,166,161,160,158,169,168,166,167,166,164,797,1
169,168,166,169,168,166,169,168,166,173,172,170,20,2
161,160,158,169,168,166,163,162,160,169,168,166,233,2
169,168,166,169,168,166,176,175,173,169,168,166,22,1
169,168,166,169,168,166,173,172,170,169,168,166,845,1
169,168,166,161,160,158,169,168,166,161,160,158,430,1
161,160,158,169,168,166,167,166,164,169,168,166,170,2
169,168,166,169,168,166,172,171,169,169,168,166,877,1
169,168,166,161,160,158,169,168,166,167,166,164,38,1
169,168,166,161,160,158,169,168,166,176,175,173,737,2
169,168,166,169,168,166,169,168,166,163,162,160,79,1
161,160,158,169,168,166,161,160,158,169,168,166,331,2
176,175,173,169,168,166,175,174,172,169,168,166,230,1
169,168,166,169,168,166,169,168,166,172,171,169,349,2
169,168,166,176,175,173,169,168,166,173,172,170,361,2
169,168,166,176,175,173,169,168,166,167,166,164,753,1
176,175,173,169,168,166,167,166,164,169,168,166,621,2
169,168,166,161,160,158,169,168,166,167,166,164,236,1
169,168,166,161,160,158,169,168,166,175,174,172,670,2
169,168,166,169,168,166,163,162,160,169,168,166,607,2
169,168,166,161,160,158,169,168,166,161,160,158,727,1
169,168,166,176,175,173,169,168,166,169,168,166,490,2
176,175,173,169,168,166,172,171,169,169,168,166,723,1
169,168,166,169,168,166,169,168,166,163,162,160,277,1
169,168,166,176,175,173,169,168,166,173,172,170,526,2
161,160,158,169,168,166,169,168,166,169,168,166,105,1
176,175,173,169,168,166,161,160,158,169,168,166,452,2
176,175,173,169,168,166,175,174,172,169,168,166,494,1
169,168,166,169,168,166,163,162,160,169,168,166,970,2
169,168,166,169,168,166,176,175,173,169,168,166,286,1
176,175,173,169,168,166,167,166,164,169,168,166,357,2
169,168,166,176,175,173,169,168,166,169,168,166,853,2
169,168,166,169,168,166,163,162,160,169,168,166,310,2
176,175,173,169,168,166,176,175,173,169,168,166,264,1
176,175,173,169,168,166,175,174,172,169,168,166,329,1
169,168,166,169,168,166,161,160,158,169,168,166,771,2
169,168,166,176,175,173,169,168,166,163,162,160,222,1
169,168,166,176,175,173,169,168,166,173,172,170,724,2
176,175,173,169,168,166,173,172,170,169,168,166,889,1
169,168,166,169,168,166,169,168,166,169,168,166,281,1
169,168,166,169,168,166,172,171,169,169,168,166,184,1
169,168,166,161,160,158,169,168,166,170,169,167,40,2
169,168,166,169,168,166,175,174,172,169,168,166,120,1
169,168,166,169,168,166,163,162,160,169,168,166,739,2
169,168,166,161,160,158,169,168,166,173,172,170,471,2
161,160,158,169,168,166,175,174,172,169,168,166,538,1
161,160,158,169,168,166,161,160,158,169,168,166,529,2
176,175,173,169,168,166,166,165,163,169,168,166,983,2
176,175,173,169,168,166,175,174,172,169,168,166,527,1
169,168,166,169,168,166,169,168,166,170,169,167,348,2
169,168,166,169,168,166,169,168,166,172,171,169,316,2
161,160,158,169,168,166,163,162,160,169,168,166,662,2
169,168,166,161,160,158,169,168,166,169,168,166,402,2
161,160,158,169,168,166,172,171,169,169,168,166,866,1
169,168,166,161,160,158,169,168,166,167,166,164,302,1
169,168,166,169,168,166,169,168,166,176,175,173,715,2
169,168,166,169,168,166,169,168,166,175,174,172,384,2
169,168,166,161,160,158,169,168,166,176,175,173,242,2
169,168,166,176,175,173,169,168,166,161,160,158,485,1
161,160,158,169,168,166,167,166,164,169,168,166,104,2
169,168,166,169,168,166,167,166,164,169,168,166,643,2
169,168,166,176,175,173,169,168,166,161,160,158,23,1
169,168,166,161,160,158,169,168,166,175,174,172,472,2
169,168,166,176,175,173,169,168,166,176,175,173,396,2
169,168,166,161,160,158,169,168,166,167,166,164,434,1
176,175,173,169,168,166,173,172,170,169,168,166,592,1
169,168,166,169,168,166,169,168,166,173,172,170,317,2
176,175,173,169,168,166,173,172,170,169,168,166,559,1
169,168,166,161,160,158,169,168,166,176,175,173,572,2
169,168,166,169,168,166,169,168,166,166,165,163,345,1
176,175,173,169,168,166,161,160,158,169,168,166,254,2
176,175,173,169,168,166,172,171,169,169,168,166,228,1
176,175,173,169,168,166,163,162,160,169,168,166,651,2
161,160,158,169,168,166,163,162,160,169,168,166,464,2
169,168,166,169,168,166,169,168,166,169,168,166,710,2
161,160,158,169,168,166,173,172,170,169,168,166,966,1
169,168,166,161,160,158,169,168,166,176,175,173,44,2
176,175,173,169,168,166,163,162,160,169,168,166,783,2
169,168,166,161,160,158,169,168,166,175,174,172,571,2
161,160,158,169,168,166,166,165,163,169,168,166,433,2
169,168,166,176,175,173,169,168,166,170,169,167,458,2
169,168,166,176,175,173,169,168,166,166,165,163,950,1
161,160,158,169,168,166,176,175,173,169,168,166,704,1
169,168,166,169,168,166,161,160,158,169,168,166,738,2
169,168,166,169,168,166,169,168,166,170,169,167,810,2
161,160,158,169,168,166,173,172,170,169,168,166,636,1
176,175,173,169,168,166,163,162,160,169,168,166,189,2
169,168,166,176,175,173,169,168,166,161,160,158,287,1
169,168,166,169,168,166,169,168,166,169,168,166,842,1
161,160,158,169,168,166,173,172,170,169,168,166,702,1
169,168,166,161,160,158,169,168,166,161,160,158,199,1
161,160,158,169,168,166,170,169,167,169,168,166,403,1
169,168,166,161,160,158,169,168,166,164,163,161,795,1
169,168,166,161,160,158,169,168,166,161,160,158,859,1
169,168,166,161,160,158,169,168,166,163,162,160,266,1
169,168,166,169,168,166,169,168,166,166,165,163,81,1
176,175,173,169,168,166,169,168,166,169,168,166,655,1
169,168,166,169,168,166,172,171,169,169,168,166,52,1
169,168,166,169,168,166,169,168,166,173,172,170,977,2
169,168,166,169,168,166,169,168,166,163,162,160,376,1
169,168,166,169,168,166,176,175,173,169,168,166,55,1
169,168,166,176,175,173,169,168,166,176,175,173,594,2
169,168,166,169,168,166,175,174,172,169,168,166,285,1
169,168,166,169,168,166,161,160,158,169,168,166,441,2
169,168,166,169,168,166,175,174,172,169,168,166,252,1
176,175,173,169,168,166,164,163,161,169,168,166,982,2
169,168,166,169,168,166,169,168,166,166,165,163,246,1
169,168,166,169,168,166,169,168,166,176,175,173,913,2
161,160,158,169,168,166,166,165,163,169,168,166,697,2
169,168,166,161,160,158,169,168,166,176,175,173,77,2
176,175,173,169,168,166,167,166,164,169,168,166,291,2
169,168,166,161,160,158,169,168,166,176,175,173,143,2
169,168,166,169,168,166,164,163,161,169,168,166,542,2
169,168,166,169,168,166,166,165,163,169,168,166,147,2
169,168,166,161,160,158,169,168,166,164,163,161,696,1
176,175,173,169,168,166,173,172,170,169,168,166,856,1
169,168,166,169,168,166,166,165,163,169,168,166,741,2
161,160,158,169,168,166,164,163,161,169,168,166,564,2
176,175,173,169,168,166,170,169,167,169,168,166,689,1
169,168,166,169,168,166,169,168,166,176,175,173,220,2
169,168,166,169,168,166,175,174,172,169,168,166,450,1
169,168,166,169,168,166,173,172,170,169,168,166,713,1
169,168,166,169,168,166,176,175,173,169,168,166,154,1
169,168,166,176,175,173,169,168,166,166,165,163,356,1
169,168,166,169,168,166,169,168,166,170,169,167,480,2
169,168,166,161,160,158,169,168,166,175,174,172,967,2
176,175,173,169,168,166,170,169,167,169,168,166,62,1
169,168,166,169,168,166,173,172,170,169,168,166,878,1
161,160,158,169,168,166,164,163,161,169,168,166,498,2
176,175,173,169,168,166,169,168,166,169,168,166,61,1
169,168,166,176,175,173,169,168,166,169,168,166,457,2
169,168,166,169,168,166,169,168,166,176,175,173,352,2
169,168,166,161,160,158,169,168,166,176,175,173,836,2
169,168,166,169,168,166,169,168,166,169,168,166,677,1
169,168,166,176,175,173,169,168,166,164,163,161,718,1
169,168,166,161,160,158,169,168,166,164,163,161,399,1
176,175,173,169,168,166,164,163,161,169,168,166,586,2
169,168,166,161,160,158,169,168,166,164,163,161,432,1
161,160,158,169,168,166,172,171,169,169,168,166,140,1
169,168,166,169,168,166,169,168,166,164,163,161,146,1
161,160,158,169,168,166,161,160,158,169,168,166,562,2
161,160,158,169,168,166,166,165,163,169,168,166,334,2
169,168,166,176,175,173,169,168,166,170,169,167,29,2
169,168,166,169,168,166,175,174,172,169,168,166,153,1
161,160,158,169,168,166,173,172,170,169,168,166,735,1
169,168,166,176,175,173,169,168,166,169,168,166,589,2
169,168,166,169,168,166,169,168,166,161,160,158,309,1
169,168,166,161,160,158,169,168,166,167,166,164,698,1
169,168,166,176,175,173,169,168,166,169,168,166,292,2
161,160,158,169,168,166,161,160,158,169,168,166,958,2
169,168,166,161,160,158,169,168,166,176,175,173,341,2
169,168,166,176,175,173,169,168,166,164,163,161,25,1
161,160,158,169,168,166,163,162,160,169,168,166,860,2
169,168,166,161,160,158,169,168,166,173,172,170,42,2
169,168,166,169,168,166,169,168,166,173,172,170,548,2
176,175,173,169,168,166,172,171,169,169,168,166,690,1
169,168,166,169,168,166,169,168,166,161,160,158,276,1
176,175,173,169,168,166,164,163,161,169,168,166,355,2
169,168,166,169,168,166,169,168,166,169,168,166,908,1
169,168,166,169,168,166,161,160,158,169,168,166,936,2
169,168,166,169,168,166,172,171,169,169,168,166,910,1
176,175,173,169,168,166,170,169,167,169,168,166,590,1
161,160,158,169,168,166,176,175,173,169,168,166,968,1
161,160,158,169,168,166,176,175,173,169,168,166,539,1
176,175,173,169,168,166,176,175,173,169,168,166,99,1
176,175,173,169,168,166,169,168,166,169,168,166,919,1
161,160,158,169,168,166,170,169,167,169,168,166,271,1
169,168,166,169,168,166,163,162,160,169,168,166,805,2
169,168,166,169,168,166,169,168,166,167,166,164,874,1
176,175,173,169,168,166,161,160,158,169,168,166,716,2
176,175,173,169,168,166,170,169,167,169,168,166,722,1
161,160,158,169,168,166,163,162,160,169,168,166,332,2
169,168,166,169,168,166,166,165,163,169,168,166,642,2
169,168,166,169,168,166,169,168,166,170,169,167,84,2
161,160,158,169,168,166,163,162,160,169,168,166,563,2
161,160,158,169,168,166,176,175,173,169,168,166,275,1
169,168,166,169,168,166,176,175,173,169,168,166,847,1
169,168,166,169,168,166,169,168,166,166,165,163,510,1
169,168,166,161,160,158,169,168,166,176,175,173,110,2
169,168,166,161,160,158,169,168,166,172,171,169,734,2
169,168,166,161,160,158,169,168,166,169,168,166,633,2
169,168,166,161,160,158,169,168,166,167,166,164,830,1
176,175,173,169,168,166,164,163,161,169,168,166,817,2
169,168,166,161,160,158,169,168,166,164,163,161,663,1
169,168,166,169,168,166,161,160,158,169,168,166,672,2
169,168,166,161,160,158,169,168,166,166,165,163,631,1
169,168,166,169,168,166,169,168,166,173,172,170,251,2
169,168,166,169,168,166,169,168,166,169,168,166,314,1
169,168,166,161,160,158,169,168,166,166,165,163,928,1
169,168,166,169,168,166,164,163,161,169,168,166,905,2
169,168,166,169,168,166,172,171,169,169,168,166,85,1
169,168,166,161,160,158,169,168,166,169,168,166,534,2
169,168,166,169,168,166,169,168,166,173,172,170,812,2
169,168,166,169,168,166,163,162,160,169,168,166,574,2
176,175,173,169,168,166,175,174,172,169,168,166,989,1
176,175,173,169,168,166,176,175,173,169,168,166,198,1
176,175,173,169,168,166,167,166,164,169,168,166,852,2
176,175,173,169,168,166,173,172,170,169,168,166,790,1
169,168,166,161,160,158,169,168,166,169,168,166,270,2
176,175,173,169,168,166,175,174,172,169,168,166,296,1
169,168,166,169,168,166,169,168,166,167,166,164,16,1
169,168,166,176,175,173,169,168,166,169,168,166,688,2
169,168,166,161,160,158,169,168,166,161,160,158,892,1
169,168,166,169,168,166,163,162,160,169,168,166,343,2
161,160,158,169,168,166,170,169,167,169,168,166,502,1
161,160,158,169,168,166,173,172,170,169,168,166,174,1
169,168,166,161,160,158,169,168,166,175,174,172,241,2
169,168,166,169,168,166,169,168,166,176,175,173,121,2
176,175,173,169,168,166,170,169,167,169,168,166,524,1
169,168,166,169,168,166,169,168,166,166,165,163,180,1
169,168,166,161,160,158,169,168,166,167,166,164,896,1
169,168,166,161,160,158,169,168,166,169,168,166,600,2
169,168,166,176,175,173,169,168,166,167,166,164,126,1
176,175,173,169,168,166,167,166,164,169,168,166,60,2
169,168,166,169,168,166,172,171,169,169,168,166,580,1
161,160,158,169,168,166,163,162,160,169,168,166,728,2
169,168,166,176,175,173,169,168,166,167,166,164,984,1
169,168,166,176,175,173,169,168,166,161,160,158,56,1
169,168,166,161,160,158,169,168,166,175,174,172,868,2
161,160,158,169,168,166,164,163,161,169,168,166,531,2
169,168,166,169,168,166,169,168,166,167,166,164,511,1
169,168,166,161,160,158,169,168,166,161,160,158,595,1
169,168,166,176,175,173,169,168,166,176,175,173,330,2
161,160,158,169,168,166,175,174,172,169,168,166,769,1
176,175,173,169,168,166,176,175,173,169,168,166,792,1
161,160,158,169,168,166,176,175,173,169,168,166,473,1
169,168,166,169,168,166,169,168,166,161,160,158,342,1
169,168,166,161,160,158,169,168,166,163,162,160,134,1
161,160,158,169,168,166,169,168,166,169,168,166,39,1
169,168,166,176,175,173,169,168,166,163,162,160,618,1
169,168,166,176,175,173,169,168,166,173,172,170,757,2
176,175,173,169,168,166,163,162,160,169,168,166,123,2
169,168,166,161,160,158,169,168,166,161,160,158,265,1
169,168,166,169,168,166,167,166,164,169,168,166,940,2
176,175,173,169,168,166,176,175,173,169,168,166,429,1
176,175,173,169,168,166,172,171,169,169,168,166,261,1
161,160,158,169,168,166,166,165,163,169,168,166,532,2
169,168,166,161,160,158,169,168,166,163,162,160,35,1
169,168,166,169,168,166,169,168,166,169,168,166,215,2
169,168,166,169,168,166,164,163,161,169,168,166,278,2
169,168,166,161,160,158,169,168,166,169,168,166,765,2
176,175,173,169,168,166,169,168,166,169,168,166,391,1
176,175,173,169,168,166,169,168,166,169,168,166,886,1
169,168,166,169,168,166,169,168,166,164,163,161,971,1
169,168,166,161,160,158,169,168,166,169,168,166,72,2
169,168,166,169,168,166,169,168,166,167,166,164,676,1
176,175,173,169,168,166,164,163,161,169,168,166,190,2
176,175,173,169,168,166,164,163,161,169,168,166,223,2
169,168,166,176,175,173,169,168,166,166,165,163,26,1
169,168,166,169,168,166,169,168,166,167,166,164,379,1
169,168,166,169,168,166,169,168,166,167,166,164,346,1
169,168,166,169,168,166,166,165,163,169,168,166,972,2
169,168,166,176,175,173,169,168,166,164,163,161,91,1
169,168,166,161,160,158,169,168,166,167,166,164,533,1
176,175,173,169,168,166,166,165,163,169,168,166,92,2
169,168,166,169,168,166,169,168,166,170,169,167,678,2
169,168,166,161,160,158,169,168,166,161,160,158,496,1
161,160,158,169,168,166,166,165,163,169,168,166,829,2
169,168,166,161,160,158,169,168,166,173,172,170,768,2
161,160,158,169,168,166,166,165,163,169,168,166,301,2
169,168,166,169,168,166,175,174,172,169,168,166,846,1
176,175,173,169,168,166,166,165,163,169,168,166,917,2
161,160,158,169,168,166,175,174,172,169,168,166,505,1
169,168,166,169,168,166,169,168,166,176,175,173,748,2
176,175,173,169,168,166,175,174,172,169,168,166,791,1
169,168,166,176,175,173,169,168,166,173,172,170,394,2
176,175,173,169,168,166,172,171,169,169,168,166,855,1
169,168,166,176,175,173,169,168,166,170,169,167,293,2
176,175,173,169,168,166,164,163,161,169,168,166,784,2
169,168,166,169,168,166,169,168,166,175,174,172,813,2
176,175,173,169,168,166,166,165,163,169,168,166,59,2
169,168,166,169,168,166,173,172,170,169,168,166,449,1
161,160,158,169,168,166,164,163,161,169,168,166,729,2
161,160,158,169,168,166,163,162,160,169,168,166,365,2
169,168,166,161,160,158,169,168,166,175,174,172,340,2
169,168,166,161,160,158,169,168,166,175,174,172,901,2
176,175,173,169,168,166,172,171,169,169,168,166,96,1
169,168,166,169,168,166,167,166,164,169,168,166,478,2
169,168,166,176,175,173,169,168,166,163,162,160,288,1
169,168,166,169,168,166,169,168,166,163,162,160,508,1
169,168,166,169,168,166,172,171,169,169,168,166,250,1
169,168,166,161,160,158,169,168,166,173,172,170,537,2
176,175,173,169,168,166,170,169,167,169,168,166,392,1
169,168,166,169,168,166,169,168,166,161,160,158,837,1
176,175,173,169,168,166,173,172,170,169,168,166,823,1
161,160,158,169,168,166,163,162,160,169,168,166,68,2
169,168,166,176,175,173,169,168,166,170,169,167,194,2
169,168,166,176,175,173,169,168,166,172,171,169,30,2
161,160,158,169,168,166,170,169,167,169,168,166,469,1
169,168,166,169,168,166,169,168,166,176,175,173,451,2
161,160,158,169,168,166,167,166,164,169,168,166,401,2
169,168,166,169,168,166,170,169,167,169,168,166,546,1
169,168,166,169,168,166,169,168,166,172,171,169,151,2
169,168,166,161,160,158,169,168,166,166,165,163,796,1
161,160,158,169,168,166,163,162,160,169,168,166,200,2
176,175,173,169,168,166,176,175,173,169,168,166,33,1
169,168,166,176,175,173,169,168,166,173,172,170,262,2
169,168,166,161,160,158,169,168,166,175,174,172,307,2
169,168,166,176,175,173,169,168,166,170,169,167,557,2
169,168,166,169,168,166,170,169,167,169,168,166,282,1
169,168,166,169,168,166,169,168,166,176,175,173,682,2
169,168,166,169,168,166,169,168,166,163,162,160,838,1
169,168,166,169,168,166,169,168,166,167,166,164,544,1
169,168,166,161,160,158,169,168,166,169,168,166,237,2
176,175,173,169,168,166,170,169,167,169,168,166,359,1
169,168,166,169,168,166,169,168,166,163,162,160,541,1
176,175,173,169,168,166,163,162,160,169,168,166,849,2
169,168,166,161,160,158,169,168,166,176,175,173,638,2
169,168,166,169,168,166,169,168,166,166,165,163,807,1
169,168,166,169,168,166,167,166,164,169,168,166,709,2
176,175,173,169,168,166,175,174,172,169,168,166,131,1
169,168,166,169,168,166,169,168,166,169,168,166,149,2
169,168,166,169,168,166,169,168,166,166,165,163,15,1
169,168,166,169,168,166,175,174,172,169,168,166,549,1
169,168,166,169,168,166,169,168,166,164,163,161,806,1
169,168,166,161,160,158,169,168,166,161,160,158,925,1
169,168,166,161,160,158,169,168,166,161,160,158,133,1
176,175,173,169,168,166,163,162,160,169,168,166,90,2
169,168,166,169,168,166,170,169,167,169,168,166,315,1
176,175,173,169,168,166,167,166,164,169,168,166,786,2
176,175,173,169,168,166,175,174,172,169,168,166,560,1
169,168,166,176,175,173,169,168,166,170,169,167,227,2
169,168,166,176,175,173,169,168,166,164,163,161,883,1
169,168,166,176,175,173,169,168,166,167,166,164,456,1
169,168,166,161,160,158,169,168,166,170,169,167,139,2
169,168,166,161,160,158,169,168,166,163,162,160,431,1
161,160,158,169,168,166,167,166,164,169,168,166,269,2
161,160,158,169,168,166,173,172,170,169,168,166,603,1
161,160,158,169,168,166,167,166,164,169,168,166,731,2
169,168,166,176,175,173,169,168,166,166,165,163,257,1
161,160,158,169,168,166,173,172,170,169,168,166,504,1
169,168,166,169,168,166,161,160,158,169,168,166,45,2
169,168,166,161,160,158,169,168,166,166,165,163,136,1
176,175,173,169,168,166,170,169,167,169,168,166,656,1
176,175,173,169,168,166,163,162,160,169,168,166,948,2
169,168,166,169,168,166,172,171,169,169,168,166,976,1
169,168,166,169,168,166,169,168,166,175,174,172,945,2
176,175,173,169,168,166,166,165,163,169,168,166,521,2
169,168,166,169,168,166,172,171,169,169,168,166,811,1
161,160,158,169,168,166,161,160,158,169,168,166,1,2
169,168,166,169,168,166,169,168,166,170,169,167,150,2
176,175,173,169,168,166,164,163,161,169,168,166,487,2
169,168,166,169,168,166,169,168,166,161,160,158,903,1
161,160,158,169,168,166,170,169,167,169,168,166,865,1
169,168,166,169,168,166,169,168,166,163,162,160,145,1
169,168,166,169,168,166,161,160,158,169,168,166,804,2
169,168,166,169,168,166,173,172,170,169,168,166,515,1
169,168,166,169,168,166,169,168,166,167,166,164,841,1
169,168,166,169,168,166,161,160,158,169,168,166,507,2
169,168,166,169,168,166,170,169,167,169,168,166,381,1
176,175,173,169,168,166,172,171,169,169,168,166,558,1
169,168,166,169,168,166,169,168,166,161,160,158,573,1
169,168,166,161,160,158,169,168,166,170,169,167,304,2
169,168,166,176,175,173,169,168,166,169,168,166,985,2
169,168,166,169,168,166,167,166,164,169,168,166,907,2
169,168,166,161,160,158,169,168,166,172,171,169,8,2
169,168,166,169,168,166,169,168,166,166,165,163,378,1
169,168,166,161,160,158,169,168,166,172,171,169,833,2
169,168,166,169,168,166,166,165,163,169,168,166,576,2
169,168,166,161,160,158,169,168,166,167,166,164,665,1
169,168,166,169,168,166,169,168,166,176,175,173,253,2
161,160,158,169,168,166,170,169,167,169,168,166,733,1
169,168,166,161,160,158,169,168,166,166,165,163,400,1
169,168,166,169,168,166,169,168,166,163,162,160,772,1
176,175,173,169,168,166,172,171,169,169,168,166,954,1
176,175,173,169,168,166,170,169,167,169,168,166,821,1
169,168,166,169,168,166,169,168,166,169,168,166,116,1
161,160,158,169,168,166,164,163,161,169,168,166,828,2
161,160,158,169,168,166,175,174,172,169,168,166,406,1
169,168,166,176,175,173,169,168,166,169,168,166,226,2
176,175,173,169,168,166,163,162,160,169,168,166,519,2
169,168,166,176,175,173,169,168,166,172,171,169,888,2
161,160,158,169,168,166,163,162,160,169,168,166,497,2
169,168,166,176,175,173,169,168,166,169,168,166,94,2
169,168,166,169,168,166,173,172,170,169,168,166,218,1
161,160,158,169,168,166,172,171,169,169,168,166,437,1
176,175,173,169,168,166,161,160,158,169,168,166,617,2
176,175,173,169,168,166,172,171,169,169,168,166,393,1
161,160,158,169,168,166,166,165,163,169,168,166,169,2
176,175,173,169,168,166,164,163,161,169,168,166,850,2
169,168,166,176,175,173,169,168,166,167,166,164,720,1
176,175,173,169,168,166,169,168,166,169,168,166,28,1
169,168,166,169,168,166,169,168,166,169,168,166,182,2
169,168,166,161,160,158,169,168,166,166,165,163,268,1
169,168,166,169,168,166,169,168,166,172,171,169,745,2
176,175,173,169,168,166,173,172,170,169,168,166,295,1
169,168,166,176,175,173,169,168,166,164,163,161,520,1
169,168,166,161,160,158,169,168,166,173,172,170,75,2
169,168,166,176,175,173,169,168,166,167,166,164,489,1
161,160,158,169,168,166,167,166,164,169,168,166,929,2
161,160,158,169,168,166,169,168,166,169,168,166,303,1
169,168,166,161,160,158,169,168,166,170,169,167,7,2
169,168,166,176,175,173,169,168,166,173,172,170,31,2
169,168,166,176,175,173,169,168,166,167,166,164,225,1
176,175,173,169,168,166,172,171,169,169,168,166,987,1
169,168,166,176,175,173,169,168,166,163,162,160,321,1
161,160,158,169,168,166,176,175,173,169,168,166,209,1
169,168,166,176,175,173,169,168,166,176,175,173,495,2
169,168,166,161,160,158,169,168,166,163,162,160,2,1
169,168,166,169,168,166,176,175,173,169,168,166,418,1
169,168,166,161,160,158,169,168,166,163,162,160,167,1
161,160,158,169,168,166,175,174,172,169,168,166,274,1
169,168,166,176,175,173,169,168,166,169,168,166,259,2
169,168,166,169,168,166,172,171,169,169,168,166,283,1
169,168,166,169,168,166,169,168,166,166,165,163,774,1
169,168,166,169,168,166,169,168,166,172,171,169,712,2
176,175,173,169,168,166,167,166,164,169,168,166,918,2
176,175,173,169,168,166,176,175,173,169,168,166,462,1
176,175,173,169,168,166,175,174,172,169,168,166,725,1
161,160,158,169,168,166,176,175,173,169,168,166,671,1
169,168,166,169,168,166,169,168,166,164,163,161,575,1
176,175,173,169,168,166,166,165,163,169,168,166,851,2
169,168,166,176,175,173,169,168,166,163,162,160,57,1
169,168,166,169,168,166,172,171,169,169,168,166,547,1
169,168,166,176,175,173,169,168,166,166,165,163,686,1
176,175,173,169,168,166,163,162,160,169,168,166,552,2
169,168,166,169,168,166,172,171,169,169,168,166,448,1
169,168,166,176,175,173,169,168,166,169,168,166,622,2
169,168,166,169,168,166,172,171,169,169,168,166,118,1
176,175,173,169,168,166,169,168,166,169,168,166,160,1
169,168,166,176,175,173,169,168,166,166,165,163,752,1
169,168,166,169,168,166,170,169,167,169,168,166,612,1
161,160,158,169,168,166,164,163,161,169,168,166,630,2
161,160,158,169,168,166,169,168,166,169,168,166,468,1
169,168,166,161,160,158,169,168,166,166,165,163,862,1
169,168,166,169,168,166,169,168,166,161,160,158,705,1
169,168,166,161,160,158,169,168,166,175,174,172,175,2
169,168,166,176,175,173,169,168,166,163,162,160,915,1
169,168,166,161,160,158,169,168,166,172,171,169,800,2
176,175,173,169,168,166,175,174,172,169,168,166,164,1
169,168,166,169,168,166,169,168,166,161,160,158,969,1
161,160,158,169,168,166,167,166,164,169,168,166,335,2
169,168,166,161,160,158,169,168,166,167,166,164,71,1
169,168,166,161,160,158,169,168,166,173,172,170,141,2
161,160,158,169,168,166,167,166,164,169,168,166,566,2
169,168,166,169,168,166,169,168,166,164,163,161,113,1
161,160,158,169,168,166,166,165,163,169,168,166,367,2
169,168,166,169,168,166,169,168,166,169,168,166,776,1
169,168,166,176,175,173,169,168,166,161,160,158,584,1
176,175,173,169,168,166,175,174,172,169,168,166,692,1
169,168,166,161,160,158,169,168,166,161,160,158,661,1
176,175,173,169,168,166,169,168,166,169,168,166,721,1
169,168,166,169,168,166,164,163,161,169,168,166,443,2
169,168,166,169,168,166,169,168,166,166,165,163,312,1
169,168,166,169,168,166,169,168,166,175,174,172,417,2
161,160,158,169,168,166,170,169,167,169,168,166,832,1
176,175,173,169,168,166,173,172,170,169,168,166,229,1
176,175,173,169,168,166,163,162,160,169,168,166,156,2
169,168,166,169,168,166,164,163,161,169,168,166,740,2
161,160,158,169,168,166,169,168,166,169,168,166,732,1
169,168,166,169,168,166,169,168,166,169,168,166,743,2
169,168,166,161,160,158,169,168,166,173,172,170,669,2
176,175,173,169,168,166,176,175,173,169,168,166,858,1
169,168,166,161,160,158,169,168,166,167,166,164,137,1
169,168,166,169,168,166,169,168,166,161,160,158,210,1
169,168,166,176,175,173,169,168,166,164,163,161,322,1
169,168,166,176,175,173,169,168,166,170,169,167,953,2
161,160,158,169,168,166,164,163,161,169,168,166,333,2
169,168,166,169,168,166,169,168,166,169,168,166,413,1
169,168,166,169,168,166,170,169,167,169,168,166,183,1
169,168,166,161,160,158,169,168,166,166,165,163,37,1
169,168,166,161,160,158,169,168,166,170,169,167,436,2
169,168,166,169,168,166,176,175,173,169,168,166,979,1
169,168,166,169,168,166,175,174,172,169,168,166,516,1
169,168,166,161,160,158,169,168,166,176,175,173,11,2
169,168,166,169,168,166,164,163,161,169,168,166,608,2
176,175,173,169,168,166,175,174,172,169,168,166,758,1
169,168,166,161,160,158,169,168,166,175,174,172,802,2
169,168,166,161,160,158,169,168,166,161,160,158,232,1
169,168,166,169,168,166,166,165,163,169,168,166,48,2
161,160,158,169,168,166,161,160,158,169,168,166,298,2
169,168,166,161,160,158,169,168,166,163,162,160,629,1
169,168,166,169,168,166,175,174,172,169,168,166,648,1
169,168,166,169,168,166,167,166,164,169,168,166,214,2
169,168,166,169,168,166,163,162,160,169,168,166,409,2
161,160,158,169,168,166,176,175,173,169,168,166,308,1
176,175,173,169,168,166,170,169,167,169,168,166,986,1
169,168,166,169,168,166,169,168,166,164,163,161,245,1
169,168,166,169,168,166,164,163,161,169,168,166,707,2
176,175,173,169,168,166,167,166,164,169,168,166,522,2
176,175,173,169,168,166,161,160,158,169,168,166,353,2
169,168,166,161,160,158,169,168,166,170,169,167,535,2
169,168,166,169,168,166,169,168,166,169,168,166,974,2
176,175,173,169,168,166,173,172,170,169,168,166,988,1
169,168,166,176,175,173,169,168,166,161,160,158,881,1
169,168,166,161,160,158,169,168,166,169,168,166,666,2
169,168,166,176,175,173,169,168,166,172,171,169,525,2
169,168,166,161,160,158,169,168,166,164,163,161,300,1
169,168,166,176,175,173,169,168,166,176,175,173,693,2
176,175,173,169,168,166,176,175,173,169,168,166,924,1
176,175,173,169,168,166,175,174,172,169,168,166,890,1
169,168,166,176,175,173,169,168,166,164,163,161,289,1
169,168,166,176,175,173,169,168,166,166,165,163,389,1
169,168,166,169,168,166,176,175,173,169,168,166,616,1
176,175,173,169,168,166,163,162,160,169,168,166,420,2
176,175,173,169,168,166,170,169,167,169,168,166,887,1
161,160,158,169,168,166,164,163,161,169,168,166,69,2
169,168,166,169,168,166,169,168,166,167,166,164,247,1
169,168,166,161,160,158,169,168,166,173,172,170,933,2
169,168,166,169,168,166,175,174,172,169,168,166,351,1
169,168,166,169,168,166,172,171,169,169,168,166,19,1
169,168,166,176,175,173,169,168,166,169,168,166,754,2
169,168,166,176,175,173,169,168,166,172,171,169,63,2
161,160,158,169,168,166,167,166,164,169,168,166,5,2
169,168,166,169,168,166,169,168,166,170,169,167,777,2
169,168,166,161,160,158,169,168,166,172,171,169,668,2
169,168,166,169,168,166,176,175,173,169,168,166,649,1
169,168,166,161,160,158,169,168,166,167,166,164,764,1
169,168,166,169,168,166,175,174,172,169,168,166,54,1
169,168,166,169,168,166,169,168,166,164,163,161,938,1
169,168,166,176,175,173,169,168,166,173,172,170,64,2
169,168,166,176,175,173,169,168,166,161,160,158,89,1
176,175,173,169,168,166,161,160,158,169,168,166,947,2
169,168,166,169,168,166,176,175,173,169,168,166,781,1
169,168,166,161,160,158,169,168,166,164,163,161,201,1
169,168,166,176,175,173,169,168,166,161,160,158,848,1
176,175,173,169,168,166,161,160,158,169,168,166,980,2
169,168,166,176,175,173,169,168,166,167,166,164,951,1
161,160,158,169,168,166,164,163,161,169,168,166,135,2
169,168,166,176,175,173,169,168,166,163,162,160,354,1
176,175,173,169,168,166,164,163,161,169,168,166,652,2
169,168,166,176,175,173,169,168,166,176,175,173,528,2
169,168,166,169,168,166,169,168,166,161,160,158,78,1
169,168,166,161,160,158,169,168,166,176,175,173,605,2
169,168,166,176,175,173,169,168,166,170,169,167,755,2
161,160,158,169,168,166,161,160,158,169,168,166,34,2
169,168,166,161,160,158,169,168,166,175,174,172,373,2
169,168,166,169,168,166,172,171,169,169,168,166,778,1
169,168,166,169,168,166,169,168,166,166,165,163,411,1
169,168,166,176,175,173,169,168,166,175,174,172,197,2
176,175,173,169,168,166,170,169,167,169,168,166,326,1
161,160,158,169,168,166,164,163,161,169,168,166,234,2
169,168,166,169,168,166,169,168,166,176,175,173,946,2
161,160,158,169,168,166,163,162,160,169,168,166,761,2
169,168,166,169,168,166,169,168,166,176,175,173,187,2
169,168,166,176,175,173,169,168,166,176,175,173,891,2
176,175,173,169,168,166,164,163,161,169,168,166,751,2
169,168,166,169,168,166,169,168,166,167,166,164,973,1
161,160,158,169,168,166,161,160,158,169,168,166,364,2
169,168,166,169,168,166,166,165,163,169,168,166,279,2
169,168,166,161,160,158,169,168,166,167,166,164,863,1
176,175,173,169,168,166,172,171,169,169,168,166,789,1
161,160,158,169,168,166,166,165,163,169,168,166,763,2
169,168,166,176,175,173,169,168,166,176,175,173,132,2
161,160,158,169,168,166,164,163,161,169,168,166,3,2
176,175,173,169,168,166,170,169,167,169,168,166,920,1
169,168,166,176,175,173,169,168,166,170,169,167,854,2
161,160,158,169,168,166,172,171,169,169,168,166,932,1
169,168,166,169,168,166,169,168,166,163,162,160,673,1
161,160,158,169,168,166,176,175,173,169,168,166,374,1
161,160,158,169,168,166,170,169,167,169,168,166,73,1
169,168,166,161,160,158,169,168,166,172,171,169,239,2
161,160,158,169,168,166,175,174,172,169,168,166,109,1
169,168,166,169,168,166,169,168,166,169,168,166,380,2
169,168,166,169,168,166,176,175,173,169,168,166,880,1
169,168,166,169,168,166,163,162,160,169,168,166,640,2
176,175,173,169,168,166,175,174,172,169,168,166,626,1
169,168,166,176,175,173,169,168,166,172,171,169,822,2
169,168,166,169,168,166,175,174,172,169,168,166,483,1
161,160,158,169,168,166,169,168,166,169,168,166,864,1
169,168,166,161,160,158,169,168,166,163,162,160,398,1
169,168,166,176,175,173,169,168,166,164,163,161,256,1
161,160,158,169,168,166,176,175,173,169,168,166,902,1
169,168,166,161,160,158,169,168,166,172,171,169,569,2
161,160,158,169,168,166,176,175,173,169,168,166,440,1
169,168,166,169,168,166,175,174,172,169,168,166,219,1
169,168,166,169,168,166,161,160,158,169,168,166,111,2
176,175,173,169,168,166,167,166,164,169,168,166,588,2
169,168,166,161,160,158,169,168,166,169,168,166,204,2
169,168,166,161,160,158,169,168,166,164,163,161,366,1
169,168,166,176,175,173,169,168,166,169,168,166,556,2
169,168,166,169,168,166,169,168,166,167,166,164,148,1
169,168,166,161,160,158,169,168,166,164,163,161,861,1
176,175,173,169,168,166,169,168,166,169,168,166,325,1
169,168,166,169,168,166,169,168,166,170,169,167,414,2
161,160,158,169,168,166,164,163,161,169,168,166,168,2
161,160,158,169,168,166,166,165,163,169,168,166,499,2
169,168,166,161,160,158,169,168,166,161,160,158,67,1
169,168,166,176,175,173,169,168,166,172,171,169,459,2
176,175,173,169,168,166,161,160,158,169,168,166,518,2
169,168,166,176,175,173,169,168,166,167,166,164,885,1
169,168,166,169,168,166,169,168,166,164,163,161,80,1
169,168,166,161,160,158,169,168,166,173,172,170,867,2
169,168,166,169,168,166,172,171,169,169,168,166,217,1
161,160,158,169,168,166,167,166,164,169,168,166,203,2
169,168,166,176,175,173,169,168,166,173,172,170,130,2
169,168,166,169,168,166,169,168,166,163,162,160,112,1
169,168,166,169,168,166,175,174,172,169,168,166,747,1
169,168,166,176,175,173,169,168,166,163,162,160,882,1
161,160,158,169,168,166,166,165,163,169,168,166,961,2
176,175,173,169,168,166,164,163,161,169,168,166,58,2
161,160,158,169,168,166,166,165,163,169,168,166,664,2
169,168,166,176,175,173,169,168,166,166,165,163,422,1
176,175,173,169,168,166,167,166,164,169,168,166,93,2
169,168,166,169,168,166,163,162,160,169,168,166,13,2
176,175,173,169,168,166,161,160,158,169,168,166,914,2
161,160,158,169,168,166,169,168,166,169,168,166,699,1
169,168,166,169,168,166,164,163,161,169,168,166,377,2
169,168,166,169,168,166,176,175,173,169,168,166,88,1
169,168,166,161,160,158,169,168,166,169,168,166,369,2
169,168,166,169,168,166,169,168,166,167,166,164,49,1
169,168,166,176,175,173,169,168,166,164,163,161,949,1
169,168,166,169,168,166,169,168,166,169,168,166,611,1
169,168,166,176,175,173,169,168,166,167,166,164,555,1
169,168,166,161,160,158,169,168,166,164,163,161,597,1
169,168,166,169,168,166,169,168,166,169,168,166,17,2
169,168,166,161,160,158,169,168,166,164,163,161,762,1
169,168,166,169,168,166,175,174,172,169,168,166,912,1
169,168,166,161,160,158,169,168,166,175,174,172,43,2
169,168,166,161,160,158,169,168,166,173,172,170,900,2
169,168,166,169,168,166,169,168,166,170,169,167,645,2
169,168,166,169,168,166,161,160,158,169,168,166,144,2
161,160,158,169,168,166,163,162,160,169,168,166,926,2
169,168,166,161,160,158,169,168,166,161,160,158,694,1
169,168,166,176,175,173,169,168,166,166,165,163,125,1
161,160,158,169,168,166,163,162,160,169,168,166,893,2
176,175,173,169,168,166,161,160,158,169,168,166,221,2
169,168,166,161,160,158,169,168,166,173,172,170,9,2
169,168,166,169,168,166,166,165,163,169,168,166,708,2
169,168,166,176,175,173,169,168,166,164,163,161,124,1
169,168,166,169,168,166,170,169,167,169,168,166,513,1
169,168,166,176,175,173,169,168,166,161,160,158,386,1
169,168,166,176,175,173,169,168,166,172,171,169,327,2
169,168,166,176,175,173,169,168,166,172,171,169,162,2
169,168,166,169,168,166,164,163,161,169,168,166,47,2
169,168,166,169,168,166,169,168,166,170,169,167,447,2
161,160,158,169,168,166,163,162,160,169,168,166,794,2
176,175,173,169,168,166,173,172,170,169,168,166,328,1
169,168,166,161,160,158,169,168,166,170,169,167,898,2
169,168,166,176,175,173,169,168,166,169,168,166,952,2
169,168,166,169,168,166,169,168,166,166,165,163,873,1
169,168,166,176,175,173,169,168,166,163,162,160,816,1
169,168,166,169,168,166,169,168,166,169,168,166,50,1
169,168,166,176,175,173,169,168,166,176,175,173,561,2
169,168,166,169,168,166,176,175,173,169,168,166,385,1
169,168,166,176,175,173,169,168,166,169,168,166,787,2
169,168,166,169,168,166,161,160,158,169,168,166,540,2
176,175,173,169,168,166,172,171,169,169,168,166,624,1
169,168,166,169,168,166,170,169,167,169,168,166,975,1
169,168,166,169,168,166,169,168,166,170,169,167,249,2
169,168,166,161,160,158,169,168,166,166,165,163,4,1
169,168,166,169,168,166,166,165,163,169,168,166,939,2
169,168,166,169,168,166,169,168,166,166,165,163,213,1
169,168,166,169,168,166,169,168,166,175,174,172,87,2
169,168,166,161,160,158,169,168,166,170,169,167,568,2
176,175,173,169,168,166,167,166,164,169,168,166,159,2
169,168,166,176,175,173,169,168,166,167,166,164,390,1
169,168,166,161,160,158,169,168,166,172,171,169,965,2
176,175,173,169,168,166,172,171,169,169,168,166,756,1
169,168,166,176,175,173,169,168,166,163,162,160,684,1
169,168,166,161,160,158,169,168,166,170,169,167,799,2
169,168,166,169,168,166,169,168,166,167,166,164,412,1
169,168,166,176,175,173,169,168,166,166,165,163,719,1
169,168,166,169,168,166,169,168,166,163,162,160,475,1
176,175,173,169,168,166,176,175,173,169,168,166,726,1
169,168,166,169,168,166,169,168,166,170,169,167,117,2
169,168,166,169,168,166,161,160,158,169,168,166,243,2
161,160,158,169,168,166,175,174,172,169,168,166,637,1
161,160,158,169,168,166,172,171,169,169,168,166,305,1
169,168,166,169,168,166,169,168,166,166,165,163,477,1
169,168,166,161,160,158,169,168,166,163,162,160,959,1
169,168,166,169,168,166,169,168,166,164,163,161,14,1
169,168,166,169,168,166,169,168,166,164,163,161,839,1
169,168,166,169,168,166,164,163,161,169,168,166,641,2
176,175,173,169,168,166,176,175,173,169,168,166,825,1
169,168,166,169,168,166,169,168,166,169,168,166,512,2
176,175,173,169,168,166,175,174,172,169,168,166,395,1
176,175,173,169,168,166,166,165,163,169,168,166,455,2
169,168,166,169,168,166,169,168,166,163,162,160,442,1
169,168,166,176,175,173,169,168,166,175,174,172,956,2
169,168,166,161,160,158,169,168,166,166,165,163,598,1
169,168,166,176,175,173,169,168,166,166,165,163,653,1
169,168,166,176,175,173,169,168,166,163,162,160,24,1
169,168,166,169,168,166,173,172,170,169,168,166,614,1
169,168,166,161,160,158,169,168,166,163,162,160,695,1
169,168,166,176,175,173,169,168,166,163,162,160,255,1
169,168,166,169,168,166,169,168,166,164,163,161,212,1
169,168,166,169,168,166,169,168,166,164,163,161,872,1
169,168,166,169,168,166,169,168,166,163,162,160,871,1
161,160,158,169,168,166,161,160,158,169,168,166,826,2
169,168,166,169,168,166,169,168,166,169,168,166,83,1
169,168,166,169,168,166,176,175,173,169,168,166,550,1
161,160,158,169,168,166,161,160,158,169,168,166,100,2
169,168,166,169,168,166,161,160,158,169,168,166,870,2
169,168,166,169,168,166,169,168,166,164,163,161,509,1
169,168,166,176,175,173,169,168,166,164,163,161,421,1
176,175,173,169,168,166,169,168,166,169,168,166,424,1
169,168,166,169,168,166,167,166,164,169,168,166,181,2
176,175,173,169,168,166,173,172,170,169,168,166,658,1
169,168,166,161,160,158,169,168,166,167,166,164,368,1
169,168,166,169,168,166,169,168,166,170,169,167,18,2
161,160,158,169,168,166,169,168,166,169,168,166,831,1
169,168,166,161,160,158,169,168,166,175,174,172,10,2
169,168,166,176,175,173,169,168,166,176,175,173,957,2
169,168,166,169,168,166,169,168,166,163,162,160,706,1
169,168,166,169,168,166,170,169,167,169,168,166,942,1
161,160,158,169,168,166,172,171,169,169,168,166,107,1
169,168,166,169,168,166,175,174,172,169,168,166,615,1
176,175,173,169,168,166,166,165,163,169,168,166,818,2
176,175,173,169,168,166,176,175,173,169,168,166,627,1
169,168,166,169,168,166,172,171,169,169,168,166,646,1
169,168,166,169,168,166,169,168,166,169,168,166,644,1
161,160,158,169,168,166,161,160,158,169,168,166,760,2
161,160,158,169,168,166,173,172,170,169,168,166,306,1
161,160,158,169,168,166,166,165,163,169,168,166,202,2
169,168,166,169,168,166,169,168,166,172,171,169,613,2
169,168,166,169,168,166,169,168,166,166,165,163,609,1
176,175,173,169,168,166,167,166,164,169,168,166,654,2
169,168,166,176,175,173,169,168,166,176,175,173,297,2
176,175,173,169,168,166,161,160,158,169,168,166,782,2
169,168,166,161,160,158,169,168,166,169,168,166,798,2
176,175,173,169,168,166,170,169,167,169,168,166,788,1
169,168,166,169,168,166,169,168,166,173,172,170,119,2
169,168,166,176,175,173,169,168,166,175,174,172,32,2
176,175,173,169,168,166,163,162,160,169,168,166,387,2
176,175,173,169,168,166,163,162,160,169,168,166,453,2
169,168,166,161,160,158,169,168,166,175,174,172,439,2
176,175,173,169,168,166,173,172,170,169,168,166,97,1
169,168,166,169,168,166,169,168,166,175,174,172,318,2
176,175,173,169,168,166,164,163,161,169,168,166,454,2
169,168,166,161,160,158,169,168,166,164,163,161,927,1
169,168,166,176,175,173,169,168,166,166,165,163,488,1
161,160,158,169,168,166,170,169,167,169,168,166,205,1
169,168,166,176,175,173,169,168,166,173,172,170,163,2
169,168,166,176,175,173,169,168,166,164,163,161,685,1
161,160,158,169,168,166,169,168,166,169,168,166,336,1
161,160,158,169,168,166,172,171,169,169,168,166,338,1
161,160,158,169,168,166,172,171,169,169,168,166,74,1
169,168,166,176,175,173,169,168,166,167,166,164,423,1
176,175,173,169,168,166,164,163,161,169,168,166,157,2
169,168,166,161,160,158,169,168,166,173,172,170,108,2
169,168,166,176,175,173,169,168,166,167,166,164,258,1
169,168,166,176,175,173,169,168,166,161,160,158,683,1
176,175,173,169,168,166,163,162,160,169,168,166,981,2
169,168,166,176,175,173,169,168,166,176,175,173,660,2
176,175,173,169,168,166,166,165,163,169,168,166,224,2
176,175,173,169,168,166,172,171,169,169,168,166,426,1
169,168,166,176,175,173,169,168,166,161,160,158,419,1
169,168,166,169,168,166,175,174,172,169,168,166,978,1
176,175,173,169,168,166,175,174,172,169,168,166,98,1
169,168,166,169,168,166,173,172,170,169,168,166,482,1
169,168,166,169,168,166,170,169,167,169,168,166,744,1
169,168,166,161,160,158,169,168,166,173,172,170,372,2
169,168,166,169,168,166,167,166,164,169,168,166,82,2
169,168,166,169,168,166,173,172,170,169,168,166,383,1
169,168,166,176,175,173,169,168,166,167,166,164,192,1
169,168,166,169,168,166,161,160,158,169,168,166,408,2
169,168,166,161,160,158,169,168,166,170,169,167,238,2
176,175,173,169,168,166,166,165,163,169,168,166,323,2
169,168,166,169,168,166,173,172,170,169,168,166,911,1
161,160,158,169,168,166,175,174,172,169,168,166,835,1
169,168,166,161,160,158,169,168,166,169,168,166,435,2
169,168,166,169,168,166,169,168,166,172,171,169,514,2
161,160,158,169,168,166,167,166,164,169,168,166,599,2
161,160,158,169,168,166,161,160,158,169,168,166,463,2
169,168,166,176,175,173,169,168,166,175,174,172,428,2
169,168,166,176,175,173,169,168,166,176,175,173,990,2
169,168,166,161,160,158,169,168,166,176,175,173,770,2
169,168,166,176,175,173,169,168,166,173,172,170,922,2
169,168,166,161,160,158,169,168,166,169,168,166,930,2
169,168,166,161,160,158,169,168,166,163,162,160,299,1
169,168,166,169,168,166,169,168,166,164,163,161,773,1
169,168,166,161,160,158,169,168,166,164,163,161,894,1
169,168,166,169,168,166,163,162,160,169,168,166,46,2
169,168,166,161,160,158,169,168,166,175,174,172,934,2
169,168,166,161,160,158,169,168,166,163,162,160,530,1
169,168,166,161,160,158,169,168,166,175,174,172,208,2
169,168,166,169,168,166,166,165,163,169,168,166,543,2
169,168,166,169,168,166,169,168,166,166,165,163,840,1
169,168,166,169,168,166,175,174,172,169,168,166,780,1
176,175,173,169,168,166,163,162,160,169,168,166,750,2
169,168,166,176,175,173,169,168,166,166,165,163,884,1
169,168,166,161,160,158,169,168,166,172,171,169,206,2
169,168,166,169,168,166,169,168,166,167,166,164,610,1
169,168,166,169,168,166,169,168,166,164,163,161,179,1
176,175,173,169,168,166,170,169,167,169,168,166,128,1
169,168,166,176,175,173,169,168,166,173,172,170,691,2
161,160,158,169,168,166,173,172,170,169,168,166,405,1
176,175,173,169,168,166,169,168,166,169,168,166,127,1
176,175,173,169,168,166,167,166,164,169,168,166,687,2
176,175,173,169,168,166,166,165,163,169,168,166,620,2
169,168,166,169,168,166,169,168,166,173,172,170,680,2
161,160,158,169,168,166,173,172,170,169,168,166,240,1
161,160,158,169,168,166,173,172,170,169,168,166,273,1
169,168,166,176,175,173,169,168,166,172,171,169,360,2
169,168,166,169,168,166,173,172,170,169,168,166,746,1
161,160,158,169,168,166,170,169,167,169,168,166,700,1
169,168,166,169,168,166,166,165,163,169,168,166,675,2
161,160,158,169,168,166,161,160,158,169,168,166,793,2
169,168,166,161,160,158,169,168,166,169,168,166,171,2
161,160,158,169,168,166,173,172,170,169,168,166,438,1
169,168,166,169,168,166,169,168,166,172,171,169,679,2
169,168,166,169,168,166,169,168,166,175,174,172,681,2
169,168,166,169,168,166,169,168,166,169,168,166,347,2
169,168,166,169,168,166,169,168,166,169,168,166,248,2
169,168,166,161,160,158,169,168,166,164,163,161,102,1
169,168,166,176,175,173,169,168,166,170,169,167,491,2
169,168,166,161,160,158,169,168,166,169,168,166,567,2
169,168,166,169,168,166,167,166,164,169,168,166,280,2
176,175,173,169,168,166,172,171,169,169,168,166,591,1
161,160,158,169,168,166,166,165,163,169,168,166,70,2
169,168,166,161,160,158,169,168,166,173,172,170,570,2
176,175,173,169,168,166,175,174,172,169,168,166,65,1
176,175,173,169,168,166,173,172,170,169,168,166,427,1
169,168,166,161,160,158,169,168,166,167,166,164,632,1
169,168,166,169,168,166,167,166,164,169,168,166,115,2
169,168,166,169,168,166,169,168,166,173,172,170,581,2
169,168,166,169,168,166,169,168,166,175,174,172,879,2
161,160,158,169,168,166,167,166,164,169,168,166,500,2
169,168,166,169,168,166,169,168,166,175,174,172,582,2
176,175,173,169,168,166,173,172,170,169,168,166,955,1
169,168,166,169,168,166,169,168,166,169,168,166,479,1
161,160,158,169,168,166,170,169,167,169,168,166,931,1
161,160,158,169,168,166,172,171,169,169,168,166,635,1
169,168,166,161,160,158,169,168,166,169,168,166,501,2
169,168,166,169,168,166,169,168,166,176,175,173,517,2
169,168,166,169,168,166,169,168,166,173,172,170,152,2
169,168,166,176,175,173,169,168,166,170,169,167,425,2
169,168,166,169,168,166,161,160,158,169,168,166,639,2
169,168,166,176,175,173,169,168,166,163,162,160,585,1
169,168,166,161,160,158,169,168,166,167,166,164,467,1
161,160,158,169,168,166,169,168,166,169,168,166,897,1
169,168,166,169,168,166,169,168,166,167,166,164,742,1
169,168,166,169,168,166,164,163,161,169,168,166,410,2
169,168,166,176,175,173,169,168,166,161,160,158,551,1
169,168,166,169,168,166,169,168,166,167,166,164,313,1
169,168,166,161,160,158,169,168,166,175,174,172,604,2
161,160,158,169,168,166,173,172,170,169,168,166,801,1
169,168,166,176,175,173,169,168,166,166,165,163,158,1
169,168,166,161,160,158,169,168,166,176,175,173,506,2
169,168,166,161,160,158,169,168,166,172,171,169,536,2
169,168,166,169,168,166,161,160,158,169,168,166,177,2
169,168,166,161,160,158,169,168,166,164,163,161,465,1
169,168,166,169,168,166,169,168,166,164,163,161,311,1
169,168,166,161,160,158,169,168,166,173,172,170,834,2
169,168,166,169,168,166,169,168,166,169,168,166,875,2
161,160,158,169,168,166,163,162,160,169,168,166,596,2
169,168,166,169,168,166,169,168,166,172,171,169,481,2
161,160,158,169,168,166,175,174,172,169,168,166,142,1
169,168,166,176,175,173,169,168,166,175,174,172,461,2
169,168,166,169,168,166,169,168,166,170,169,167,843,2
169,168,166,169,168,166,169,168,166,173,172,170,284,2
176,175,173,169,168,166,176,175,173,169,168,166,231,1
169,168,166,161,160,158,169,168,166,164,163,161,960,1
161,160,158,169,168,166,166,165,163,169,168,166,895,2
161,160,158,169,168,166,172,171,169,169,168,166,503,1
169,168,166,176,175,173,169,168,166,173,172,170,196,2
169,168,166,169,168,166,169,168,166,170,169,167,216,2
169,168,166,176,175,173,169,168,166,166,165,163,587,1
169,168,166,176,175,173,169,168,166,175,174,172,593,2
169,168,166,176,175,173,169,168,166,166,165,163,290,1
169,168,166,161,160,158,169,168,166,166,165,163,730,1
169,168,166,176,175,173,169,168,166,172,171,169,921,2
169,168,166,169,168,166,169,168,166,176,175,173,814,2
161,160,158,169,168,166,172,171,169,169,168,166,173,1
176,175,173,169,168,166,170,169,167,169,168,166,260,1
169,168,166,169,168,166,175,174,172,169,168,166,21,1
169,168,166,169,168,166,169,168,166,170,169,167,579,2
161,160,158,169,168,166,176,175,173,169,168,166,869,1
169,168,166,169,168,166,169,168,166,161,160,158,12,1
169,168,166,169,168,166,169,168,166,169,168,166,446,1
176,175,173,169,168,166,169,168,166,169,168,166,358,1
169,168,166,161,160,158,169,168,166,164,163,161,267,1
161,160,158,169,168,166,170,169,167,169,168,166,964,1
169,168,166,169,168,166,169,168,166,173,172,170,779,2
169,168,166,169,168,166,169,168,166,172,171,169,844,2
161,160,158,169,168,166,170,169,167,169,168,166,172,1
169,168,166,169,168,166,169,168,166,173,172,170,86,2
176,175,173,169,168,166,176,175,173,169,168,166,363,1
169,168,166,161,160,158,169,168,166,176,175,173,407,2
169,168,166,176,175,173,169,168,166,176,175,173,66,2
169,168,166,169,168,166,170,169,167,169,168,166,711,1
161,160,158,169,168,166,161,160,158,169,168,166,628,2
169,168,166,169,168,166,169,168,166,176,175,173,484,2
169,168,166,169,168,166,173,172,170,169,168,166,350,1
169,168,166,169,168,166,169,168,166,164,163,161,476,1
169,168,166,169,168,166,169,168,166,169,168,166,941,2
169,168,166,176,175,173,169,168,166,175,174,172,263,2
169,168,166,169,168,166,169,168,166,169,168,166,578,1
169,168,166,176,175,173,169,168,166,167,166,164,324,1
169,168,166,161,160,158,169,168,166,172,171,169,470,2
169,168,166,161,160,158,169,168,166,170,169,167,766,2
161,160,158,169,168,166,172,171,169,169,168,166,767,1
169,168,166,169,168,166,163,162,160,169,168,166,211,2
176,175,173,169,168,166,163,162,160,169,168,166,717,2
169,168,166,169,168,166,166,165,163,169,168,166,906,2
176,175,173,169,168,166,172,171,169,169,168,166,195,1
161,160,158,169,168,166,176,175,173,169,168,166,803,1
169,168,166,161,160,158,169,168,166,167,166,164,962,1
169,168,166,176,175,173,169,168,166,173,172,170,493,2
169,168,166,169,168,166,170,169,167,169,168,166,909,1
161,160,158,169,168,166,172,171,169,169,168,166,404,1
169,168,166,176,175,173,169,168,166,169,168,166,193,2
161,160,158,169,168,166,172,171,169,169,168,166,899,1
169,168,166,169,168,166,169,168,166,163,162,160,178,1
169,168,166,169,168,166,167,166,164,169,168,166,775,2
176,175,173,169,168,166,173,172,170,169,168,166,625,1
169,168,166,176,175,173,169,168,166,161,160,158,188,1
161,160,158,169,168,166,173,172,170,169,168,166,207,1
176,175,173,169,168,166,175,174,172,169,168,166,824,1
169,168,166,161,160,158,169,168,166,175,174,172,76,2
161,160,158,169,168,166,169,168,166,169,168,166,6,1
169,168,166,176,175,173,169,168,166,176,175,173,759,2
169,168,166,161,160,158,169,168,166,170,169,167,370,2
176,175,173,169,168,166,169,168,166,169,168,166,523,1
169,168,166,169,168,166,169,168,166,172,171,169,382,2
176,175,173,169,168,166,161,160,158,169,168,166,749,2
169,168,166,169,168,166,172,171,169,169,168,166,943,1
169,168,166,161,160,158,169,168,166,172,171,169,602,2
161,160,158,169,168,166,161,160,158,169,168,166,166,2
169,168,166,161,160,158,169,168,166,172,171,169,41,2
169,168,166,176,175,173,169,168,166,172,171,169,492,2
169,168,166,169,168,166,161,160,158,169,168,166,375,2
169,168,166,169,168,166,169,168,166,173,172,170,185,2
176,175,173,169,168,166,163,162,160,169,168,166,486,2
169,168,166,161,160,158,169,168,166,166,165,163,103,1
169,168,166,161,160,158,169,168,166,173,172,170,339,2
169,168,166,161,160,158,169,168,166,163,162,160,827,1
169,168,166,169,168,166,169,168,166,167,166,164,808,1
169,168,166,169,168,166,169,168,166,167,166,164,445,1
169,168,166,169,168,166,173,172,170,169,168,166,944,1
169,168,166,161,160,158,169,168,166,161,160,158,397,1
169,168,166,169,168,166,169,168,166,172,171,169,415,2
169,168,166,169,168,166,173,172,170,169,168,166,53,1
169,168,166,169,168,166,161,160,158,169,168,166,606,2
176,175,173,169,168,166,170,169,167,169,168,166,161,1
176,175,173,169,168,166,172,171,169,169,168,166,294,1
169,168,166,169,168,166,169,168,166,173,172,170,647,2
176,175,173,169,168,166,164,163,161,169,168,166,553,2
169,168,166,169,168,166,173,172,170,169,168,166,416,1
176,175,173,169,168,166,164,163,161,169,168,166,388,2
169,168,166,176,175,173,169,168,166,161,160,158,122,1
176,175,173,169,168,166,164,163,161,169,168,166,619,2
169,168,166,169,168,166,169,168,166,163,162,160,244,1
169,168,166,169,168,166,169,168,166,169,168,166,809,2
176,175,173,169,168,166,175,174,172,169,168,166,362,1
176,175,173,169,168,166,175,174,172,169,168,166,659,1
169,168,166,161,160,158,169,168,166,169,168,166,963,2
169,168,166,161,160,158,169,168,166,172,171,169,701,2
169,168,166,169,168,166,166,165,163,169,168,166,444,2
169,168,166,161,160,158,169,168,166,164,163,161,36,1
169,168,166,161,160,158,169,168,166,170,169,167,634,2
169,168,166,169,168,166,175,174,172,169,168,166,186,1
169,168,166,169,168,166,169,168,166,163,162,160,904,1
