113,112,109,113,112,109,110,109,106,113,112,109,379,2
113,112,109,125,123,121,113,112,109,115,114,111,29,2
113,112,109,99,98,95,113,112,109,102,101,98,728,1
113,112,109,113,112,109,113,112,109,120,119,116,713,2
113,112,109,113,112,109,113,112,109,110,109,106,841,1
113,112,109,113,112,109,113,112,109,113,112,109,347,2
99,98,95,113,112,109,102,101,98,113,112,109,101,2
113,112,109,99,98,95,113,112,109,125,123,121,473,2
113,112,109,125,123,121,113,112,109,108,106,104,26,1
113,112,109,125,123,121,113,112,109,108,106,104,389,1
125,123,121,113,112,109,115,114,111,113,112,109,689,1
113,112,109,99,98,95,113,112,109,102,101,98,200,1
113,112,109,99,98,95,113,112,109,105,104,101,36,1
113,112,109,125,123,121,113,112,109,120,119,116,922,2
113,112,109,99,98,95,113,112,109,102,101,98,893,1
125,123,121,113,112,109,118,116,114,113,112,109,921,1
113,112,109,113,112,109,125,123,121,113,112,109,88,1
99,98,95,113,112,109,108,106,104,113,112,109,829,2
113,112,109,113,112,109,105,104,101,113,112,109,377,2
113,112,109,113,112,109,113,112,109,108,106,104,444,1
125,123,121,113,112,109,105,104,101,113,112,109,619,2
113,112,109,125,123,121,113,112,109,99,98,95,617,1
125,123,121,113,112,109,118,116,114,113,112,109,987,1
113,112,109,113,112,109,113,112,109,105,104,101,47,1
113,112,109,99,98,95,113,112,109,105,104,101,927,1
125,123,121,113,112,109,122,121,118,113,112,109,857,1
99,98,95,113,112,109,108,106,104,113,112,109,466,2
113,112,109,125,123,121,113,112,109,105,104,101,553,1
99,98,95,113,112,109,115,114,111,113,112,109,700,1
125,123,121,113,112,109,122,121,118,113,112,109,956,1
113,112,109,99,98,95,113,112,109,108,106,104,37,1
113,112,109,125,123,121,113,112,109,105,104,101,751,1
113,112,109,113,112,109,113,112,109,120,119,116,185,2
113,112,109,125,123,121,113,112,109,115,114,111,260,2
99,98,95,113,112,109,105,104,101,113,112,109,564,2
99,98,95,113,112,109,108,106,104,113,112,109,730,2
113,112,109,113,112,109,113,112,109,99,98,95,804,1
125,123,121,113,112,109,122,121,118,113,112,109,923,1
125,123,121,113,112,109,110,109,106,113,112,109,456,2
113,112,109,99,98,95,113,112,109,113,112,109,798,2
113,112,109,113,112,109,113,112,109,120,119,116,317,2
113,112,109,99,98,95,113,112,109,105,104,101,531,1
113,112,109,99,98,95,113,112,109,122,121,118,142,2
113,112,109,113,112,109,99,98,95,113,112,109,177,2
113,112,109,113,112,109,108,106,104,113,112,109,180,2
113,112,109,113,112,109,118,116,114,113,112,109,580,1
113,112,109,125,123,121,113,112,109,115,114,111,755,2
113,112,109,125,123,121,113,112,109,110,109,106,654,1
99,98,95,113,112,109,118,116,114,113,112,109,173,1
113,112,109,113,112,109,113,112,109,122,121,118,912,2
125,123,121,113,112,109,120,119,116,113,112,109,196,1
113,112,109,125,123,121,113,112,109,122,121,118,626,2
113,112,109,113,112,109,110,109,106,113,112,109,181,2
113,112,109,113,112,109,122,121,118,113,112,109,450,1
113,112,109,125,123,121,113,112,109,99,98,95,716,1
113,112,109,125,123,121,113,112,109,120,119,116,724,2
113,112,109,99,98,95,113,112,109,122,121,118,769,2
113,112,109,113,112,109,105,104,101,113,112,109,311,2
113,112,109,125,123,121,113,112,109,99,98,95,881,1
113,112,109,113,112,109,110,109,106,113,112,109,610,2
113,112,109,113,112,109,113,112,109,113,112,109,908,1
125,123,121,113,112,109,113,112,109,113,112,109,820,1
113,112,109,125,123,121,113,112,109,113,112,109,556,2
113,112,109,113,112,109,113,112,109,110,109,106,346,1
99,98,95,113,112,109,122,121,118,113,112,109,175,1
113,112,109,99,98,95,113,112,109,105,104,101,432,1
113,112,109,113,112,109,110,109,106,113,112,109,148,2
113,112,109,125,123,121,113,112,109,108,106,104,950,1
99,98,95,113,112,109,108,106,104,113,112,109,400,2
125,123,121,113,112,109,122,121,118,113,112,109,32,1
99,98,95,113,112,109,115,114,111,113,112,109,733,1
113,112,109,113,112,109,122,121,118,113,112,109,54,1
99,98,95,113,112,109,99,98,95,113,112,109,331,2
99,98,95,113,112,109,99,98,95,113,112,109,793,2
113,112,109,99,98,95,113,112,109,122,121,118,439,2
99,98,95,113,112,109,125,123,121,113,112,109,869,1
113,112,109,99,98,95,113,112,109,120,119,116,405,2
113,112,109,113,112,109,118,116,114,113,112,109,547,1
113,112,109,99,98,95,113,112,109,118,116,114,305,2
113,112,109,125,123,121,113,112,109,99,98,95,155,1
113,112,109,113,112,109,125,123,121,113,112,109,913,1
125,123,121,113,112,109,105,104,101,113,112,109,388,2
113,112,109,125,123,121,113,112,109,122,121,118,890,2
125,123,121,113,112,109,108,106,104,113,112,109,455,2
125,123,121,113,112,109,125,123,121,113,112,109,396,1
99,98,95,113,112,109,99,98,95,113,112,109,892,2
113,112,109,113,112,109,110,109,106,113,112,109,577,2
113,112,109,113,112,109,105,104,101,113,112,109,641,2
125,123,121,113,112,109,113,112,109,113,112,109,853,1
113,112,109,125,123,121,113,112,109,102,101,98,849,1
113,112,109,113,112,109,113,112,109,122,121,118,615,2
125,123,121,113,112,109,118,116,114,113,112,109,63,1
113,112,109,99,98,95,113,112,109,118,116,114,866,2
113,112,109,113,112,109,115,114,111,113,112,109,414,1
125,123,121,113,112,109,105,104,101,113,112,109,784,2
113,112,109,113,112,109,113,112,109,120,119,116,350,2
113,112,109,113,112,109,113,112,109,108,106,104,213,1
113,112,109,113,112,109,118,116,114,113,112,109,976,1
113,112,109,113,112,109,113,112,109,120,119,116,746,2
113,112,109,113,112,109,115,114,111,113,112,109,975,1
113,112,109,113,112,109,105,104,101,113,112,109,80,2
113,112,109,125,123,121,113,112,109,120,119,116,625,2
113,112,109,113,112,109,113,112,109,122,121,118,846,2
113,112,109,99,98,95,113,112,109,105,104,101,861,1
113,112,109,113,112,109,125,123,121,113,112,109,220,1
113,112,109,113,112,109,113,112,109,108,106,104,48,1
113,112,109,125,123,121,113,112,109,99,98,95,221,1
99,98,95,113,112,109,105,104,101,113,112,109,960,2
99,98,95,113,112,109,118,116,114,113,112,109,569,1
125,123,121,113,112,109,102,101,98,113,112,109,90,2
99,98,95,113,112,109,108,106,104,113,112,109,961,2
113,112,109,99,98,95,113,112,109,122,121,118,934,2
113,112,109,113,112,109,113,112,109,113,112,109,809,1
125,123,121,113,112,109,115,114,111,113,112,109,194,1
113,112,109,99,98,95,113,112,109,102,101,98,167,1
99,98,95,113,112,109,99,98,95,113,112,109,232,2
113,112,109,99,98,95,113,112,109,115,114,111,535,2
125,123,121,113,112,109,102,101,98,113,112,109,123,2
113,112,109,125,123,121,113,112,109,99,98,95,584,1
113,112,109,113,112,109,113,112,109,122,121,118,351,2
113,112,109,99,98,95,113,112,109,115,114,111,139,2
125,123,121,113,112,109,113,112,109,113,112,109,490,1
125,123,121,113,112,109,110,109,106,113,112,109,588,2
125,123,121,113,112,109,105,104,101,113,112,109,850,2
125,123,121,113,112,109,125,123,121,113,112,109,198,1
125,123,121,113,112,109,99,98,95,113,112,109,122,2
99,98,95,113,112,109,125,123,121,113,112,109,572,1
99,98,95,113,112,109,99,98,95,113,112,109,760,2
99,98,95,113,112,109,102,101,98,113,112,109,464,2
99,98,95,113,112,109,113,112,109,113,112,109,237,1
113,112,109,113,112,109,99,98,95,113,112,109,771,2
113,112,109,99,98,95,113,112,109,118,116,114,602,2
99,98,95,113,112,109,122,121,118,113,112,109,307,1
113,112,109,113,112,109,120,119,116,113,112,109,86,1
99,98,95,113,112,109,122,121,118,113,112,109,868,1
99,98,95,113,112,109,99,98,95,113,112,109,529,2
113,112,109,99,98,95,113,112,109,102,101,98,398,1
113,112,109,113,112,109,113,112,109,115,114,111,348,2
99,98,95,113,112,109,113,112,109,113,112,109,501,1
113,112,109,113,112,109,113,112,109,113,112,109,50,1
113,112,109,99,98,95,113,112,109,110,109,106,302,1
99,98,95,113,112,109,108,106,104,113,112,109,367,2
113,112,109,113,112,109,113,112,109,120,119,116,416,2
99,98,95,113,112,109,125,123,121,113,112,109,110,1
113,112,109,113,112,109,113,112,109,102,101,98,310,1
113,112,109,125,123,121,113,112,109,122,121,118,791,2
125,123,121,113,112,109,125,123,121,113,112,109,132,1
113,112,109,99,98,95,113,112,109,113,112,109,369,2
113,112,109,113,112,109,113,112,109,99,98,95,144,1
113,112,109,99,98,95,113,112,109,118,116,114,899,2
113,112,109,99,98,95,113,112,109,113,112,109,567,2
113,112,109,113,112,109,113,112,109,122,121,118,780,2
113,112,109,99,98,95,113,112,109,113,112,109,732,2
113,112,109,125,123,121,113,112,109,110,109,106,225,1
113,112,109,125,123,121,113,112,109,110,109,106,918,1
99,98,95,113,112,109,99,98,95,113,112,109,562,2
113,112,109,99,98,95,113,112,109,113,112,109,765,2
125,123,121,113,112,109,113,112,109,113,112,109,193,1
113,112,109,113,112,109,105,104,101,113,112,109,278,2
113,112,109,113,112,109,125,123,121,113,112,109,154,1
113,112,109,113,112,109,113,112,109,99,98,95,243,1
113,112,109,125,123,121,113,112,109,102,101,98,420,1
99,98,95,113,112,109,105,104,101,113,112,109,69,2
113,112,109,125,123,121,113,112,109,113,112,109,457,2
113,112,109,113,112,109,113,112,109,125,123,121,187,2
125,123,121,113,112,109,102,101,98,113,112,109,783,2
113,112,109,125,123,121,113,112,109,122,121,118,560,2
99,98,95,113,112,109,110,109,106,113,112,109,665,2
113,112,109,125,123,121,113,112,109,108,106,104,488,1
99,98,95,113,112,109,110,109,106,113,112,109,566,2
125,123,121,113,112,109,115,114,111,113,112,109,227,1
113,112,109,113,112,109,122,121,118,113,112,109,879,1
113,112,109,99,98,95,113,112,109,108,106,104,796,1
113,112,109,113,112,109,113,112,109,113,112,109,83,1
125,123,121,113,112,109,113,112,109,113,112,109,325,1
99,98,95,113,112,109,102,101,98,113,112,109,959,2
113,112,109,113,112,109,113,112,109,113,112,109,149,1
113,112,109,125,123,121,113,112,109,115,114,111,656,2
113,112,109,125,123,121,113,112,109,102,101,98,486,1
113,112,109,113,112,109,113,112,109,102,101,98,706,1
113,112,109,99,98,95,113,112,109,105,104,101,168,1
113,112,109,113,112,109,120,119,116,113,112,109,482,1
113,112,109,113,112,109,102,101,98,113,112,109,574,2
99,98,95,113,112,109,102,101,98,113,112,109,926,2
113,112,109,113,112,109,113,112,109,115,114,111,678,2
113,112,109,113,112,109,102,101,98,113,112,109,211,2
99,98,95,113,112,109,113,112,109,113,112,109,666,1
113,112,109,113,112,109,122,121,118,113,112,109,87,1
113,112,109,113,112,109,113,112,109,115,114,111,183,2
113,112,109,113,112,109,99,98,95,113,112,109,342,2
113,112,109,99,98,95,113,112,109,120,119,116,867,2
125,123,121,113,112,109,122,121,118,113,112,109,527,1
113,112,109,125,123,121,113,112,109,120,119,116,691,2
113,112,109,113,112,109,113,112,109,102,101,98,772,1
113,112,109,99,98,95,113,112,109,115,114,111,469,2
113,112,109,99,98,95,113,112,109,115,114,111,40,2
125,123,121,113,112,109,125,123,121,113,112,109,33,1
125,123,121,113,112,109,125,123,121,113,112,109,825,1
99,98,95,113,112,109,125,123,121,113,112,109,176,1
113,112,109,113,112,109,113,112,109,122,121,118,384,2
113,112,109,125,123,121,113,112,109,102,101,98,24,1
113,112,109,113,112,109,105,104,101,113,112,109,476,2
113,112,109,113,112,109,122,121,118,113,112,109,549,1
113,112,109,113,112,109,113,112,109,102,101,98,640,1
113,112,109,113,112,109,115,114,111,113,112,109,447,1
99,98,95,113,112,109,120,119,116,113,112,109,669,1
125,123,121,113,112,109,113,112,109,113,112,109,160,1
113,112,109,113,112,109,99,98,95,113,112,109,12,2
99,98,95,113,112,109,102,101,98,113,112,109,134,2
113,112,109,113,112,109,122,121,118,113,112,109,252,1
113,112,109,125,123,121,113,112,109,110,109,106,390,1
113,112,109,125,123,121,113,112,109,115,114,111,392,2
113,112,109,125,123,121,113,112,109,122,121,118,428,2
113,112,109,113,112,109,113,112,109,118,116,114,382,2
99,98,95,113,112,109,122,121,118,113,112,109,10,1
113,112,109,99,98,95,113,112,109,125,123,121,605,2
113,112,109,125,123,121,113,112,109,125,123,121,462,2
125,123,121,113,112,109,120,119,116,113,112,109,262,1
113,112,109,99,98,95,113,112,109,108,106,104,103,1
113,112,109,125,123,121,113,112,109,108,106,104,323,1
113,112,109,113,112,109,113,112,109,118,116,114,943,2
113,112,109,99,98,95,113,112,109,120,119,116,75,2
125,123,121,113,112,109,115,114,111,113,112,109,326,1
99,98,95,113,112,109,105,104,101,113,112,109,696,2
113,112,109,113,112,109,113,112,109,113,112,109,941,2
125,123,121,113,112,109,125,123,121,113,112,109,891,1
113,112,109,99,98,95,113,112,109,99,98,95,265,1
113,112,109,125,123,121,113,112,109,110,109,106,720,1
113,112,109,99,98,95,113,112,109,113,112,109,435,2
99,98,95,113,112,109,108,106,104,113,112,109,664,2
113,112,109,113,112,109,113,112,109,108,106,104,15,1
113,112,109,125,123,121,113,112,109,113,112,109,259,2
113,112,109,99,98,95,113,112,109,110,109,106,269,1
113,112,109,125,123,121,113,112,109,122,121,118,989,2
113,112,109,125,123,121,113,112,109,105,104,101,289,1
113,112,109,113,112,109,115,114,111,113,112,109,876,1
113,112,109,113,112,109,113,112,109,122,121,118,747,2
113,112,109,113,112,109,102,101,98,113,112,109,343,2
113,112,109,99,98,95,113,112,109,113,112,109,633,2
113,112,109,99,98,95,113,112,109,105,104,101,729,1
113,112,109,113,112,109,118,116,114,113,112,109,778,1
125,123,121,113,112,109,113,112,109,113,112,109,61,1
99,98,95,113,112,109,105,104,101,113,112,109,267,2
125,123,121,113,112,109,108,106,104,113,112,109,917,2
113,112,109,125,123,121,113,112,109,122,121,118,329,2
99,98,95,113,112,109,113,112,109,113,112,109,897,1
125,123,121,113,112,109,118,116,114,113,112,109,162,1
113,112,109,113,112,109,115,114,111,113,112,109,711,1
125,123,121,113,112,109,118,116,114,113,112,109,558,1
125,123,121,113,112,109,108,106,104,113,112,109,257,2
113,112,109,125,123,121,113,112,109,105,104,101,487,1
113,112,109,113,112,109,113,112,109,125,123,121,253,2
113,112,109,125,123,121,113,112,109,113,112,109,622,2
113,112,109,99,98,95,113,112,109,99,98,95,364,1
113,112,109,113,112,109,113,112,109,108,106,104,741,1
113,112,109,113,112,109,113,112,109,110,109,106,775,1
113,112,109,113,112,109,113,112,109,102,101,98,13,1
125,123,121,113,112,109,122,121,118,113,112,109,296,1
113,112,109,113,112,109,118,116,114,113,112,109,646,1
113,112,109,99,98,95,113,112,109,99,98,95,100,1
99,98,95,113,112,109,105,104,101,113,112,109,366,2
125,123,121,113,112,109,118,116,114,113,112,109,327,1
113,112,109,113,112,109,113,112,109,108,106,104,246,1
125,123,121,113,112,109,99,98,95,113,112,109,188,2
125,123,121,113,112,109,118,116,114,113,112,109,228,1
113,112,109,99,98,95,113,112,109,110,109,106,236,1
113,112,109,125,123,121,113,112,109,105,104,101,190,1
113,112,109,125,123,121,113,112,109,113,112,109,391,2
99,98,95,113,112,109,108,106,104,113,112,109,862,2
113,112,109,113,112,109,125,123,121,113,112,109,814,1
113,112,109,113,112,109,113,112,109,113,112,109,17,1
113,112,109,113,112,109,110,109,106,113,112,109,280,2
113,112,109,99,98,95,113,112,109,120,119,116,603,2
113,112,109,125,123,121,113,112,109,125,123,121,594,2
113,112,109,113,112,109,113,112,109,118,116,114,745,2
125,123,121,113,112,109,110,109,106,113,112,109,687,2
99,98,95,113,112,109,108,106,104,113,112,109,697,2
113,112,109,113,112,109,105,104,101,113,112,109,410,2
125,123,121,113,112,109,105,104,101,113,112,109,322,2
125,123,121,113,112,109,105,104,101,113,112,109,157,2
113,112,109,125,123,121,113,112,109,120,119,116,64,2
113,112,109,113,112,109,99,98,95,113,112,109,705,2
113,112,109,125,123,121,113,112,109,118,116,114,657,2
125,123,121,113,112,109,105,104,101,113,112,109,586,2
99,98,95,113,112,109,113,112,109,113,112,109,402,1
113,112,109,113,112,109,105,104,101,113,112,109,212,2
125,123,121,113,112,109,122,121,118,113,112,109,263,1
125,123,121,113,112,109,102,101,98,113,112,109,750,2
125,123,121,113,112,109,102,101,98,113,112,109,882,2
113,112,109,99,98,95,113,112,109,115,114,111,568,2
113,112,109,99,98,95,113,112,109,120,119,116,900,2
99,98,95,113,112,109,110,109,106,113,112,109,137,2
125,123,121,113,112,109,115,114,111,113,112,109,986,1
113,112,109,99,98,95,113,112,109,115,114,111,271,2
125,123,121,113,112,109,122,121,118,113,112,109,824,1
113,112,109,125,123,121,113,112,109,110,109,106,984,1
113,112,109,125,123,121,113,112,109,120,119,116,163,2
125,123,121,113,112,109,110,109,106,113,112,109,93,2
113,112,109,99,98,95,113,112,109,125,123,121,935,2
113,112,109,99,98,95,113,112,109,120,119,116,504,2
113,112,109,99,98,95,113,112,109,118,116,114,932,2
113,112,109,99,98,95,113,112,109,122,121,118,274,2
125,123,121,113,112,109,118,116,114,113,112,109,30,1
113,112,109,125,123,121,113,112,109,125,123,121,264,2
99,98,95,113,112,109,120,119,116,113,112,109,372,1
99,98,95,113,112,109,105,104,101,113,112,109,894,2
113,112,109,99,98,95,113,112,109,102,101,98,827,1
125,123,121,113,112,109,110,109,106,113,112,109,753,2
113,112,109,113,112,109,122,121,118,113,112,109,285,1
113,112,109,99,98,95,113,112,109,122,121,118,373,2
99,98,95,113,112,109,120,119,116,113,112,109,966,1
113,112,109,99,98,95,113,112,109,99,98,95,133,1
113,112,109,99,98,95,113,112,109,113,112,109,831,2
113,112,109,125,123,121,113,112,109,102,101,98,156,1
113,112,109,99,98,95,113,112,109,115,114,111,634,2
125,123,121,113,112,109,110,109,106,113,112,109,60,2
113,112,109,125,123,121,113,112,109,120,119,116,790,2
99,98,95,113,112,109,105,104,101,113,112,109,498,2
113,112,109,125,123,121,113,112,109,99,98,95,56,1
113,112,109,99,98,95,113,112,109,122,121,118,505,2
113,112,109,125,123,121,113,112,109,99,98,95,23,1
113,112,109,99,98,95,113,112,109,113,112,109,105,2
113,112,109,125,123,121,113,112,109,120,119,116,295,2
113,112,109,113,112,109,113,112,109,105,104,101,971,1
113,112,109,113,112,109,113,112,109,108,106,104,840,1
113,112,109,113,112,109,113,112,109,115,114,111,645,2
113,112,109,99,98,95,113,112,109,122,121,118,736,2
125,123,121,113,112,109,115,114,111,113,112,109,425,1
113,112,109,125,123,121,113,112,109,120,119,116,658,2
99,98,95,113,112,109,113,112,109,113,112,109,930,1
113,112,109,99,98,95,113,112,109,102,101,98,2,1
113,112,109,113,112,109,105,104,101,113,112,109,608,2
113,112,109,113,112,109,113,112,109,99,98,95,540,1
113,112,109,125,123,121,113,112,109,125,123,121,363,2
99,98,95,113,112,109,110,109,106,113,112,109,533,2
113,112,109,113,112,109,99,98,95,113,112,109,870,2
125,123,121,113,112,109,113,112,109,113,112,109,655,1
113,112,109,99,98,95,113,112,109,120,119,116,768,2
113,112,109,113,112,109,113,112,109,122,121,118,648,2
113,112,109,125,123,121,113,112,109,102,101,98,453,1
125,123,121,113,112,109,118,116,114,113,112,109,459,1
99,98,95,113,112,109,115,114,111,113,112,109,7,1
99,98,95,113,112,109,118,116,114,113,112,109,338,1
113,112,109,113,112,109,125,123,121,113,112,109,880,1
113,112,109,99,98,95,113,112,109,125,123,121,209,2
113,112,109,125,123,121,113,112,109,105,104,101,883,1
113,112,109,99,98,95,113,112,109,105,104,101,3,1
113,112,109,113,112,109,113,112,109,102,101,98,838,1
125,123,121,113,112,109,122,121,118,113,112,109,461,1
113,112,109,113,112,109,113,112,109,118,116,114,877,2
113,112,109,99,98,95,113,112,109,125,123,121,374,2
125,123,121,113,112,109,120,119,116,113,112,109,493,1
113,112,109,113,112,109,113,112,109,115,114,111,381,2
113,112,109,125,123,121,113,112,109,99,98,95,419,1
113,112,109,99,98,95,113,112,109,99,98,95,430,1
99,98,95,113,112,109,108,106,104,113,112,109,598,2
99,98,95,113,112,109,99,98,95,113,112,109,298,2
99,98,95,113,112,109,115,114,111,113,112,109,766,1
113,112,109,113,112,109,113,112,109,108,106,104,114,1
99,98,95,113,112,109,99,98,95,113,112,109,67,2
99,98,95,113,112,109,113,112,109,113,112,109,534,1
113,112,109,113,112,109,108,106,104,113,112,109,807,2
113,112,109,113,112,109,113,112,109,110,109,106,709,1
113,112,109,113,112,109,125,123,121,113,112,109,55,1
113,112,109,113,112,109,108,106,104,113,112,109,477,2
113,112,109,125,123,121,113,112,109,108,106,104,59,1
125,123,121,113,112,109,120,119,116,113,112,109,526,1
113,112,109,99,98,95,113,112,109,115,114,111,898,2
113,112,109,113,112,109,108,106,104,113,112,109,609,2
113,112,109,113,112,109,113,112,109,108,106,104,312,1
113,112,109,99,98,95,113,112,109,99,98,95,661,1
113,112,109,99,98,95,113,112,109,118,116,114,734,2
125,123,121,113,112,109,108,106,104,113,112,109,356,2
125,123,121,113,112,109,105,104,101,113,112,109,982,2
113,112,109,99,98,95,113,112,109,108,106,104,169,1
113,112,109,113,112,109,113,112,109,120,119,116,977,2
113,112,109,125,123,121,113,112,109,102,101,98,552,1
113,112,109,99,98,95,113,112,109,122,121,118,406,2
99,98,95,113,112,109,115,114,111,113,112,109,370,1
113,112,109,113,112,109,120,119,116,113,112,109,515,1
113,112,109,99,98,95,113,112,109,120,119,116,570,2
113,112,109,99,98,95,113,112,109,110,109,106,731,1
113,112,109,113,112,109,113,112,109,113,112,109,413,1
113,112,109,113,112,109,113,112,109,125,123,121,682,2
113,112,109,99,98,95,113,112,109,125,123,121,968,2
113,112,109,113,112,109,122,121,118,113,112,109,516,1
113,112,109,113,112,109,125,123,121,113,112,109,418,1
113,112,109,99,98,95,113,112,109,115,114,111,205,2
99,98,95,113,112,109,122,121,118,113,112,109,43,1
125,123,121,113,112,109,125,123,121,113,112,109,726,1
113,112,109,99,98,95,113,112,109,120,119,116,636,2
113,112,109,125,123,121,113,112,109,102,101,98,354,1
99,98,95,113,112,109,115,114,111,113,112,109,238,1
99,98,95,113,112,109,118,116,114,113,112,109,800,1
99,98,95,113,112,109,118,116,114,113,112,109,767,1
113,112,109,125,123,121,113,112,109,122,121,118,659,2
113,112,109,113,112,109,113,112,109,113,112,109,776,2
113,112,109,99,98,95,113,112,109,113,112,109,303,2
113,112,109,125,123,121,113,112,109,108,106,104,851,1
113,112,109,113,112,109,113,112,109,108,106,104,510,1
113,112,109,113,112,109,113,112,109,113,112,109,314,2
125,123,121,113,112,109,105,104,101,113,112,109,256,2
125,123,121,113,112,109,113,112,109,113,112,109,358,1
113,112,109,113,112,109,113,112,109,113,112,109,611,1
113,112,109,113,112,109,113,112,109,118,116,114,811,2
113,112,109,99,98,95,113,112,109,99,98,95,628,1
99,98,95,113,112,109,113,112,109,113,112,109,600,1
113,112,109,113,112,109,113,112,109,115,114,111,810,2
99,98,95,113,112,109,110,109,106,113,112,109,863,2
113,112,109,99,98,95,113,112,109,108,106,104,928,1
99,98,95,113,112,109,108,106,104,113,112,109,202,2
125,123,121,113,112,109,110,109,106,113,112,109,192,2
113,112,109,113,112,109,113,112,109,110,109,106,808,1
113,112,109,113,112,109,125,123,121,113,112,109,748,1
125,123,121,113,112,109,102,101,98,113,112,109,387,2
113,112,109,113,112,109,125,123,121,113,112,109,319,1
113,112,109,113,112,109,118,116,114,113,112,109,85,1
113,112,109,113,112,109,120,119,116,113,112,109,944,1
99,98,95,113,112,109,110,109,106,113,112,109,500,2
113,112,109,113,112,109,113,112,109,118,116,114,184,2
113,112,109,125,123,121,113,112,109,115,114,111,920,2
113,112,109,125,123,121,113,112,109,122,121,118,65,2
113,112,109,125,123,121,113,112,109,120,119,116,757,2
113,112,109,125,123,121,113,112,109,118,116,114,756,2
125,123,121,113,112,109,108,106,104,113,112,109,290,2
113,112,109,125,123,121,113,112,109,110,109,106,819,1
113,112,109,125,123,121,113,112,109,118,116,114,525,2
113,112,109,113,112,109,113,112,109,113,112,109,974,1
113,112,109,113,112,109,113,112,109,125,123,121,781,2
113,112,109,113,112,109,113,112,109,102,101,98,79,1
113,112,109,113,112,109,113,112,109,99,98,95,375,1
99,98,95,113,112,109,99,98,95,113,112,109,727,2
125,123,121,113,112,109,118,116,114,113,112,109,855,1
113,112,109,113,112,109,122,121,118,113,112,109,714,1
113,112,109,99,98,95,113,112,109,99,98,95,397,1
113,112,109,113,112,109,115,114,111,113,112,109,942,1
113,112,109,99,98,95,113,112,109,120,119,116,240,2
125,123,121,113,112,109,102,101,98,113,112,109,915,2
113,112,109,113,112,109,118,116,114,113,112,109,844,1
99,98,95,113,112,109,113,112,109,113,112,109,6,1
113,112,109,125,123,121,113,112,109,125,123,121,297,2
113,112,109,125,123,121,113,112,109,113,112,109,919,2
113,112,109,99,98,95,113,112,109,122,121,118,76,2
113,112,109,113,112,109,113,112,109,118,116,114,316,2
113,112,109,113,112,109,120,119,116,113,112,109,284,1
125,123,121,113,112,109,120,119,116,113,112,109,988,1
113,112,109,125,123,121,113,112,109,120,119,116,97,2
99,98,95,113,112,109,115,114,111,113,112,109,832,1
113,112,109,99,98,95,113,112,109,115,114,111,106,2
99,98,95,113,112,109,102,101,98,113,112,109,233,2
113,112,109,113,112,109,105,104,101,113,112,109,344,2
113,112,109,113,112,109,125,123,121,113,112,109,979,1
113,112,109,125,123,121,113,112,109,110,109,106,291,1
113,112,109,113,112,109,122,121,118,113,112,109,945,1
113,112,109,113,112,109,113,112,109,99,98,95,78,1
113,112,109,99,98,95,113,112,109,125,123,121,407,2
113,112,109,99,98,95,113,112,109,120,119,116,207,2
125,123,121,113,112,109,125,123,121,113,112,109,759,1
125,123,121,113,112,109,115,114,111,113,112,109,788,1
113,112,109,125,123,121,113,112,109,122,121,118,362,2
99,98,95,113,112,109,110,109,106,113,112,109,5,2
113,112,109,113,112,109,113,112,109,118,116,114,19,2
125,123,121,113,112,109,125,123,121,113,112,109,495,1
113,112,109,113,112,109,113,112,109,102,101,98,673,1
113,112,109,125,123,121,113,112,109,99,98,95,287,1
99,98,95,113,112,109,118,116,114,113,112,109,140,1
113,112,109,99,98,95,113,112,109,105,104,101,102,1
113,112,109,125,123,121,113,112,109,110,109,106,621,1
125,123,121,113,112,109,110,109,106,113,112,109,159,2
99,98,95,113,112,109,113,112,109,113,112,109,699,1
113,112,109,125,123,121,113,112,109,118,116,114,492,2
99,98,95,113,112,109,113,112,109,113,112,109,39,1
113,112,109,113,112,109,113,112,109,122,121,118,483,2
125,123,121,113,112,109,113,112,109,113,112,109,787,1
99,98,95,113,112,109,122,121,118,113,112,109,538,1
113,112,109,113,112,109,113,112,109,105,104,101,575,1
113,112,109,113,112,109,113,112,109,120,119,116,812,2
113,112,109,99,98,95,113,112,109,99,98,95,595,1
113,112,109,125,123,121,113,112,109,99,98,95,353,1
99,98,95,113,112,109,110,109,106,113,112,109,467,2
113,112,109,113,112,109,113,112,109,99,98,95,276,1
113,112,109,113,112,109,113,112,109,99,98,95,309,1
113,112,109,99,98,95,113,112,109,115,114,111,403,2
113,112,109,99,98,95,113,112,109,102,101,98,530,1
125,123,121,113,112,109,120,119,116,113,112,109,31,1
125,123,121,113,112,109,110,109,106,113,112,109,489,2
99,98,95,113,112,109,118,116,114,113,112,109,635,1
113,112,109,113,112,109,105,104,101,113,112,109,773,2
125,123,121,113,112,109,108,106,104,113,112,109,587,2
113,112,109,125,123,121,113,112,109,113,112,109,952,2
113,112,109,125,123,121,113,112,109,125,123,121,924,2
113,112,109,113,112,109,113,112,109,113,112,109,215,2
113,112,109,125,123,121,113,112,109,125,123,121,66,2
113,112,109,125,123,121,113,112,109,102,101,98,222,1
125,123,121,113,112,109,110,109,106,113,112,109,324,2
99,98,95,113,112,109,115,114,111,113,112,109,436,1
113,112,109,113,112,109,99,98,95,113,112,109,837,2
113,112,109,113,112,109,113,112,109,108,106,104,642,1
113,112,109,113,112,109,115,114,111,113,112,109,480,1
125,123,121,113,112,109,105,104,101,113,112,109,652,2
113,112,109,113,112,109,113,112,109,120,119,116,449,2
99,98,95,113,112,109,110,109,106,113,112,109,764,2
113,112,109,99,98,95,113,112,109,115,114,111,667,2
113,112,109,113,112,109,120,119,116,113,112,109,383,1
113,112,109,125,123,121,113,112,109,105,104,101,718,1
113,112,109,113,112,109,110,109,106,113,112,109,478,2
113,112,109,99,98,95,113,112,109,118,116,114,536,2
125,123,121,113,112,109,118,116,114,113,112,109,822,1
125,123,121,113,112,109,113,112,109,113,112,109,94,1
113,112,109,113,112,109,113,112,109,113,112,109,875,2
125,123,121,113,112,109,122,121,118,113,112,109,131,1
113,112,109,99,98,95,113,112,109,118,116,114,41,2
99,98,95,113,112,109,122,121,118,113,112,109,241,1
113,112,109,125,123,121,113,112,109,120,119,116,427,2
125,123,121,113,112,109,105,104,101,113,112,109,817,2
99,98,95,113,112,109,110,109,106,113,112,109,632,2
99,98,95,113,112,109,105,104,101,113,112,109,597,2
113,112,109,113,112,109,105,104,101,113,112,109,542,2
113,112,109,99,98,95,113,112,109,102,101,98,563,1
113,112,109,99,98,95,113,112,109,122,121,118,109,2
113,112,109,113,112,109,113,112,109,110,109,106,247,1
125,123,121,113,112,109,115,114,111,113,112,109,95,1
113,112,109,99,98,95,113,112,109,110,109,106,368,1
113,112,109,113,112,109,113,112,109,110,109,106,874,1
113,112,109,125,123,121,113,112,109,108,106,104,554,1
125,123,121,113,112,109,115,114,111,113,112,109,722,1
99,98,95,113,112,109,102,101,98,113,112,109,794,2
125,123,121,113,112,109,102,101,98,113,112,109,684,2
99,98,95,113,112,109,125,123,121,113,112,109,902,1
113,112,109,99,98,95,113,112,109,108,106,104,70,1
113,112,109,125,123,121,113,112,109,120,119,116,130,2
113,112,109,113,112,109,108,106,104,113,112,109,675,2
113,112,109,99,98,95,113,112,109,99,98,95,496,1
125,123,121,113,112,109,125,123,121,113,112,109,627,1
113,112,109,125,123,121,113,112,109,122,121,118,98,2
113,112,109,113,112,109,113,112,109,120,119,116,647,2
113,112,109,99,98,95,113,112,109,105,104,101,828,1
113,112,109,125,123,121,113,112,109,113,112,109,985,2
113,112,109,125,123,121,113,112,109,108,106,104,224,1
113,112,109,113,112,109,113,112,109,105,104,101,179,1
113,112,109,113,112,109,113,112,109,99,98,95,111,1
113,112,109,125,123,121,113,112,109,110,109,106,357,1
113,112,109,125,123,121,113,112,109,113,112,109,226,2
99,98,95,113,112,109,102,101,98,113,112,109,662,2
113,112,109,125,123,121,113,112,109,110,109,106,423,1
99,98,95,113,112,109,120,119,116,113,112,109,141,1
113,112,109,99,98,95,113,112,109,99,98,95,199,1
113,112,109,113,112,109,122,121,118,113,112,109,978,1
113,112,109,125,123,121,113,112,109,120,119,116,328,2
99,98,95,113,112,109,118,116,114,113,112,109,701,1
125,123,121,113,112,109,118,116,114,113,112,109,690,1
113,112,109,125,123,121,113,112,109,108,106,104,818,1
99,98,95,113,112,109,102,101,98,113,112,109,266,2
99,98,95,113,112,109,122,121,118,113,112,109,835,1
125,123,121,113,112,109,115,114,111,113,112,109,953,1
99,98,95,113,112,109,122,121,118,113,112,109,208,1
125,123,121,113,112,109,113,112,109,113,112,109,292,1
113,112,109,125,123,121,113,112,109,108,106,104,158,1
113,112,109,125,123,121,113,112,109,120,119,116,460,2
113,112,109,99,98,95,113,112,109,105,104,101,333,1
113,112,109,113,112,109,122,121,118,113,112,109,153,1
99,98,95,113,112,109,120,119,116,113,112,109,108,1
125,123,121,113,112,109,118,116,114,113,112,109,723,1
125,123,121,113,112,109,122,121,118,113,112,109,197,1
113,112,109,113,112,109,113,112,109,118,116,114,910,2
125,123,121,113,112,109,125,123,121,113,112,109,660,1
113,112,109,113,112,109,110,109,106,113,112,109,643,2
125,123,121,113,112,109,125,123,121,113,112,109,165,1
113,112,109,113,112,109,113,112,109,125,123,121,352,2
113,112,109,99,98,95,113,112,109,125,123,121,770,2
113,112,109,113,112,109,113,112,109,122,121,118,219,2
99,98,95,113,112,109,110,109,106,113,112,109,170,2
113,112,109,113,112,109,113,112,109,113,112,109,281,1
113,112,109,113,112,109,113,112,109,102,101,98,442,1
113,112,109,125,123,121,113,112,109,115,114,111,524,2
113,112,109,113,112,109,113,112,109,120,119,116,614,2
125,123,121,113,112,109,125,123,121,113,112,109,858,1
113,112,109,99,98,95,113,112,109,120,119,116,735,2
113,112,109,113,112,109,120,119,116,113,112,109,779,1
113,112,109,125,123,121,113,112,109,99,98,95,485,1
113,112,109,113,112,109,120,119,116,113,112,109,548,1
125,123,121,113,112,109,108,106,104,113,112,109,752,2
125,123,121,113,112,109,125,123,121,113,112,109,429,1
113,112,109,113,112,109,113,112,109,105,104,101,245,1
113,112,109,113,112,109,113,112,109,125,123,121,847,2
99,98,95,113,112,109,105,104,101,113,112,109,234,2
113,112,109,113,112,109,113,112,109,125,123,121,616,2
113,112,109,125,123,121,113,112,109,102,101,98,288,1
125,123,121,113,112,109,108,106,104,113,112,109,983,2
113,112,109,99,98,95,113,112,109,99,98,95,1,1
113,112,109,125,123,121,113,112,109,113,112,109,127,2
99,98,95,113,112,109,105,104,101,113,112,109,201,2
113,112,109,99,98,95,113,112,109,122,121,118,571,2
113,112,109,113,112,109,113,112,109,102,101,98,739,1
113,112,109,113,112,109,122,121,118,113,112,109,318,1
125,123,121,113,112,109,99,98,95,113,112,109,254,2
125,123,121,113,112,109,99,98,95,113,112,109,650,2
125,123,121,113,112,109,113,112,109,113,112,109,688,1
113,112,109,113,112,109,113,112,109,115,114,111,744,2
113,112,109,99,98,95,113,112,109,102,101,98,860,1
113,112,109,113,112,109,113,112,109,120,119,116,878,2
113,112,109,113,112,109,113,112,109,122,121,118,417,2
113,112,109,113,112,109,113,112,109,113,112,109,512,1
125,123,121,113,112,109,118,116,114,113,112,109,624,1
113,112,109,113,112,109,113,112,109,115,114,111,18,2
113,112,109,125,123,121,113,112,109,118,116,114,129,2
125,123,121,113,112,109,102,101,98,113,112,109,321,2
125,123,121,113,112,109,105,104,101,113,112,109,454,2
113,112,109,99,98,95,113,112,109,120,119,116,306,2
113,112,109,113,112,109,102,101,98,113,112,109,277,2
113,112,109,125,123,121,113,112,109,122,121,118,758,2
113,112,109,99,98,95,113,112,109,122,121,118,901,2
99,98,95,113,112,109,115,114,111,113,112,109,931,1
113,112,109,113,112,109,113,112,109,108,106,104,972,1
113,112,109,113,112,109,113,112,109,110,109,106,16,1
125,123,121,113,112,109,113,112,109,113,112,109,754,1
113,112,109,125,123,121,113,112,109,125,123,121,693,2
113,112,109,113,112,109,102,101,98,113,112,109,46,2
113,112,109,113,112,109,110,109,106,113,112,109,214,2
113,112,109,99,98,95,113,112,109,120,119,116,438,2
113,112,109,99,98,95,113,112,109,105,104,101,300,1
113,112,109,113,112,109,105,104,101,113,112,109,443,2
99,98,95,113,112,109,110,109,106,113,112,109,599,2
99,98,95,113,112,109,125,123,121,113,112,109,803,1
113,112,109,125,123,121,113,112,109,118,116,114,393,2
113,112,109,113,112,109,113,112,109,99,98,95,573,1
113,112,109,125,123,121,113,112,109,102,101,98,255,1
125,123,121,113,112,109,105,104,101,113,112,109,58,2
113,112,109,99,98,95,113,112,109,113,112,109,204,2
113,112,109,125,123,121,113,112,109,115,114,111,62,2
99,98,95,113,112,109,110,109,106,113,112,109,896,2
125,123,121,113,112,109,110,109,106,113,112,109,951,2
113,112,109,125,123,121,113,112,109,118,116,114,789,2
113,112,109,113,112,109,102,101,98,113,112,109,112,2
113,112,109,99,98,95,113,112,109,105,104,101,135,1
113,112,109,125,123,121,113,112,109,125,123,121,99,2
113,112,109,99,98,95,113,112,109,102,101,98,596,1
99,98,95,113,112,109,122,121,118,113,112,109,967,1
125,123,121,113,112,109,118,116,114,113,112,109,888,1
125,123,121,113,112,109,115,114,111,113,112,109,590,1
113,112,109,113,112,109,120,119,116,113,112,109,218,1
113,112,109,99,98,95,113,112,109,118,116,114,833,2
113,112,109,125,123,121,113,112,109,118,116,114,261,2
99,98,95,113,112,109,118,116,114,113,112,109,8,1
113,112,109,113,112,109,113,112,109,122,121,118,813,2
113,112,109,113,112,109,113,112,109,108,106,104,543,1
99,98,95,113,112,109,118,116,114,113,112,109,503,1
113,112,109,113,112,109,113,112,109,115,114,111,249,2
113,112,109,99,98,95,113,112,109,120,119,116,702,2
99,98,95,113,112,109,99,98,95,113,112,109,826,2
99,98,95,113,112,109,115,114,111,113,112,109,337,1
113,112,109,99,98,95,113,112,109,120,119,116,273,2
113,112,109,99,98,95,113,112,109,105,104,101,630,1
113,112,109,99,98,95,113,112,109,102,101,98,761,1
113,112,109,113,112,109,122,121,118,113,112,109,21,1
113,112,109,113,112,109,113,112,109,113,112,109,677,1
113,112,109,113,112,109,110,109,106,113,112,109,973,2
113,112,109,125,123,121,113,112,109,99,98,95,386,1
113,112,109,125,123,121,113,112,109,113,112,109,424,2
99,98,95,113,112,109,118,116,114,113,112,109,206,1
125,123,121,113,112,109,99,98,95,113,112,109,518,2
113,112,109,113,112,109,102,101,98,113,112,109,805,2
113,112,109,125,123,121,113,112,109,120,119,116,823,2
113,112,109,113,112,109,125,123,121,113,112,109,121,1
113,112,109,125,123,121,113,112,109,110,109,106,885,1
113,112,109,113,112,109,99,98,95,113,112,109,408,2
125,123,121,113,112,109,120,119,116,113,112,109,592,1
113,112,109,99,98,95,113,112,109,102,101,98,695,1
99,98,95,113,112,109,125,123,121,113,112,109,539,1
125,123,121,113,112,109,105,104,101,113,112,109,25,2
113,112,109,113,112,109,113,112,109,99,98,95,474,1
125,123,121,113,112,109,115,114,111,113,112,109,491,1
99,98,95,113,112,109,120,119,116,113,112,109,339,1
125,123,121,113,112,109,105,104,101,113,112,109,124,2
113,112,109,99,98,95,113,112,109,105,104,101,762,1
113,112,109,99,98,95,113,112,109,102,101,98,35,1
113,112,109,125,123,121,113,112,109,120,119,116,856,2
113,112,109,113,112,109,113,112,109,110,109,106,412,1
113,112,109,99,98,95,113,112,109,122,121,118,703,2
113,112,109,113,112,109,113,112,109,99,98,95,738,1
113,112,109,99,98,95,113,112,109,120,119,116,42,2
113,112,109,113,112,109,105,104,101,113,112,109,674,2
113,112,109,113,112,109,122,121,118,113,112,109,120,1
99,98,95,113,112,109,120,119,116,113,112,109,933,1
113,112,109,113,112,109,99,98,95,113,112,109,936,2
99,98,95,113,112,109,105,104,101,113,112,109,795,2
113,112,109,99,98,95,113,112,109,115,114,111,799,2
113,112,109,99,98,95,113,112,109,99,98,95,694,1
113,112,109,113,112,109,108,106,104,113,112,109,147,2
113,112,109,113,112,109,113,112,109,105,104,101,839,1
113,112,109,113,112,109,115,114,111,113,112,109,513,1
113,112,109,125,123,121,113,112,109,125,123,121,957,2
113,112,109,113,112,109,118,116,114,113,112,109,679,1
125,123,121,113,112,109,125,123,121,113,112,109,792,1
125,123,121,113,112,109,105,104,101,113,112,109,223,2
113,112,109,125,123,121,113,112,109,122,121,118,230,2
113,112,109,99,98,95,113,112,109,122,121,118,472,2
113,112,109,113,112,109,118,116,114,113,112,109,118,1
99,98,95,113,112,109,108,106,104,113,112,109,565,2
113,112,109,113,112,109,113,112,109,108,106,104,81,1
113,112,109,113,112,109,102,101,98,113,112,109,508,2
113,112,109,113,112,109,102,101,98,113,112,109,937,2
113,112,109,113,112,109,113,112,109,113,112,109,116,1
113,112,109,113,112,109,113,112,109,118,116,114,349,2
125,123,121,113,112,109,108,106,104,113,112,109,422,2
113,112,109,99,98,95,113,112,109,113,112,109,171,2
99,98,95,113,112,109,118,116,114,113,112,109,107,1
125,123,121,113,112,109,99,98,95,113,112,109,815,2
125,123,121,113,112,109,115,114,111,113,112,109,359,1
113,112,109,99,98,95,113,112,109,110,109,106,71,1
99,98,95,113,112,109,110,109,106,113,112,109,929,2
113,112,109,113,112,109,118,116,114,113,112,109,712,1
113,112,109,99,98,95,113,112,109,110,109,106,434,1
113,112,109,113,112,109,125,123,121,113,112,109,484,1
113,112,109,113,112,109,113,112,109,102,101,98,607,1
113,112,109,113,112,109,115,114,111,113,112,109,282,1
113,112,109,125,123,121,113,112,109,120,119,116,955,2
113,112,109,113,112,109,113,112,109,115,114,111,909,2
113,112,109,113,112,109,113,112,109,102,101,98,409,1
99,98,95,113,112,109,118,116,114,113,112,109,239,1
113,112,109,99,98,95,113,112,109,120,119,116,537,2
113,112,109,113,112,109,113,112,109,118,116,114,151,2
113,112,109,113,112,109,113,112,109,105,104,101,146,1
125,123,121,113,112,109,105,104,101,113,112,109,520,2
125,123,121,113,112,109,102,101,98,113,112,109,948,2
113,112,109,113,112,109,113,112,109,115,114,111,777,2
113,112,109,113,112,109,113,112,109,102,101,98,244,1
113,112,109,99,98,95,113,112,109,118,116,114,470,2
125,123,121,113,112,109,113,112,109,113,112,109,721,1
113,112,109,99,98,95,113,112,109,115,114,111,172,2
113,112,109,99,98,95,113,112,109,125,123,121,704,2
113,112,109,113,112,109,113,112,109,115,114,111,84,2
113,112,109,113,112,109,105,104,101,113,112,109,905,2
113,112,109,113,112,109,113,112,109,125,123,121,583,2
113,112,109,113,112,109,105,104,101,113,112,109,806,2
113,112,109,113,112,109,113,112,109,105,104,101,740,1
113,112,109,113,112,109,113,112,109,113,112,109,380,2
113,112,109,125,123,121,113,112,109,115,114,111,161,2
125,123,121,113,112,109,102,101,98,113,112,109,816,2
113,112,109,113,112,109,110,109,106,113,112,109,445,2
99,98,95,113,112,109,113,112,109,113,112,109,468,1
113,112,109,113,112,109,113,112,109,120,119,116,251,2
113,112,109,99,98,95,113,112,109,99,98,95,166,1
113,112,109,113,112,109,113,112,109,118,116,114,283,2
113,112,109,99,98,95,113,112,109,115,114,111,502,2
113,112,109,99,98,95,113,112,109,108,106,104,136,1
113,112,109,113,112,109,115,114,111,113,112,109,579,1
113,112,109,113,112,109,113,112,109,118,116,114,250,2
113,112,109,99,98,95,113,112,109,113,112,109,270,2
113,112,109,113,112,109,118,116,114,113,112,109,217,1
113,112,109,99,98,95,113,112,109,110,109,106,797,1
99,98,95,113,112,109,125,123,121,113,112,109,275,1
113,112,109,125,123,121,113,112,109,99,98,95,452,1
113,112,109,99,98,95,113,112,109,108,106,104,301,1
113,112,109,99,98,95,113,112,109,122,121,118,340,2
125,123,121,113,112,109,118,116,114,113,112,109,294,1
113,112,109,125,123,121,113,112,109,102,101,98,981,1
99,98,95,113,112,109,115,114,111,113,112,109,865,1
113,112,109,113,112,109,118,116,114,113,112,109,514,1
113,112,109,113,112,109,99,98,95,113,112,109,639,2
113,112,109,113,112,109,108,106,104,113,112,109,576,2
125,123,121,113,112,109,108,106,104,113,112,109,719,2
113,112,109,113,112,109,113,112,109,108,106,104,774,1
113,112,109,113,112,109,113,112,109,113,112,109,710,1
99,98,95,113,112,109,108,106,104,113,112,109,763,2
113,112,109,125,123,121,113,112,109,113,112,109,886,2
99,98,95,113,112,109,102,101,98,113,112,109,629,2
113,112,109,125,123,121,113,112,109,99,98,95,89,1
113,112,109,113,112,109,118,116,114,113,112,109,613,1
113,112,109,125,123,121,113,112,109,102,101,98,189,1
113,112,109,125,123,121,113,112,109,108,106,104,620,1
125,123,121,113,112,109,102,101,98,113,112,109,618,2
113,112,109,113,112,109,120,119,116,113,112,109,152,1
125,123,121,113,112,109,99,98,95,113,112,109,914,2
113,112,109,125,123,121,113,112,109,115,114,111,128,2
113,112,109,99,98,95,113,112,109,118,116,114,965,2
99,98,95,113,112,109,120,119,116,113,112,109,174,1
113,112,109,125,123,121,113,112,109,102,101,98,519,1
113,112,109,113,112,109,113,112,109,110,109,106,676,1
113,112,109,99,98,95,113,112,109,125,123,121,440,2
113,112,109,113,112,109,113,112,109,120,119,116,53,2
99,98,95,113,112,109,110,109,106,113,112,109,698,2
113,112,109,113,112,109,110,109,106,113,112,109,313,2
113,112,109,113,112,109,125,123,121,113,112,109,715,1
113,112,109,125,123,121,113,112,109,115,114,111,293,2
113,112,109,113,112,109,118,116,114,113,112,109,52,1
113,112,109,125,123,121,113,112,109,108,106,104,191,1
113,112,109,113,112,109,113,112,109,105,104,101,509,1
113,112,109,113,112,109,113,112,109,108,106,104,345,1
113,112,109,113,112,109,122,121,118,113,112,109,186,1
99,98,95,113,112,109,108,106,104,113,112,109,895,2
113,112,109,113,112,109,110,109,106,113,112,109,49,2
99,98,95,113,112,109,125,123,121,113,112,109,308,1
125,123,121,113,112,109,113,112,109,113,112,109,28,1
113,112,109,125,123,121,113,112,109,108,106,104,92,1
113,112,109,99,98,95,113,112,109,115,114,111,964,2
113,112,109,113,112,109,113,112,109,105,104,101,707,1
113,112,109,113,112,109,113,112,109,125,123,121,550,2
99,98,95,113,112,109,120,119,116,113,112,109,471,1
125,123,121,113,112,109,118,116,114,113,112,109,591,1
113,112,109,113,112,109,118,116,114,113,112,109,415,1
113,112,109,113,112,109,115,114,111,113,112,109,612,1
125,123,121,113,112,109,102,101,98,113,112,109,585,2
113,112,109,113,112,109,113,112,109,113,112,109,743,1
113,112,109,99,98,95,113,112,109,110,109,106,830,1
113,112,109,99,98,95,113,112,109,110,109,106,38,1
99,98,95,113,112,109,108,106,104,113,112,109,499,2
113,112,109,125,123,121,113,112,109,108,106,104,884,1
113,112,109,125,123,121,113,112,109,115,114,111,854,2
99,98,95,113,112,109,120,119,116,113,112,109,801,1
113,112,109,99,98,95,113,112,109,110,109,106,104,1
125,123,121,113,112,109,118,116,114,113,112,109,426,1
125,123,121,113,112,109,120,119,116,113,112,109,394,1
113,112,109,125,123,121,113,112,109,99,98,95,551,1
113,112,109,113,112,109,113,112,109,110,109,106,82,1
113,112,109,113,112,109,113,112,109,113,112,109,182,2
113,112,109,125,123,121,113,112,109,122,121,118,725,2
113,112,109,125,123,121,113,112,109,99,98,95,683,1
113,112,109,99,98,95,113,112,109,125,123,121,242,2
113,112,109,113,112,109,99,98,95,113,112,109,606,2
99,98,95,113,112,109,102,101,98,113,112,109,365,2
99,98,95,113,112,109,99,98,95,113,112,109,859,2
113,112,109,125,123,121,113,112,109,105,104,101,421,1
125,123,121,113,112,109,125,123,121,113,112,109,231,1
99,98,95,113,112,109,118,116,114,113,112,109,272,1
113,112,109,113,112,109,113,112,109,118,116,114,448,2
99,98,95,113,112,109,99,98,95,113,112,109,34,2
113,112,109,113,112,109,120,119,116,113,112,109,119,1
125,123,121,113,112,109,102,101,98,113,112,109,717,2
113,112,109,99,98,95,113,112,109,118,116,114,668,2
113,112,109,125,123,121,113,112,109,105,104,101,916,1
99,98,95,113,112,109,108,106,104,113,112,109,268,2
99,98,95,113,112,109,125,123,121,113,112,109,836,1
113,112,109,113,112,109,115,114,111,113,112,109,117,1
113,112,109,125,123,121,113,112,109,120,119,116,559,2
113,112,109,99,98,95,113,112,109,115,114,111,73,2
113,112,109,99,98,95,113,112,109,108,106,104,631,1
113,112,109,99,98,95,113,112,109,122,121,118,637,2
113,112,109,113,112,109,102,101,98,113,112,109,376,2
113,112,109,99,98,95,113,112,109,113,112,109,864,2
113,112,109,99,98,95,113,112,109,102,101,98,332,1
125,123,121,113,112,109,110,109,106,113,112,109,522,2
113,112,109,113,112,109,113,112,109,113,112,109,446,2
99,98,95,113,112,109,108,106,104,113,112,109,4,2
113,112,109,113,112,109,108,106,104,113,112,109,378,2
113,112,109,99,98,95,113,112,109,122,121,118,802,2
113,112,109,113,112,109,102,101,98,113,112,109,475,2
113,112,109,113,112,109,113,112,109,108,106,104,708,1
113,112,109,113,112,109,125,123,121,113,112,109,286,1
113,112,109,99,98,95,113,112,109,102,101,98,431,1
125,123,121,113,112,109,118,116,114,113,112,109,360,1
125,123,121,113,112,109,108,106,104,113,112,109,125,2
113,112,109,113,112,109,108,106,104,113,112,109,939,2
99,98,95,113,112,109,108,106,104,113,112,109,235,2
99,98,95,113,112,109,118,116,114,113,112,109,74,1
99,98,95,113,112,109,125,123,121,113,112,109,737,1
113,112,109,99,98,95,113,112,109,125,123,121,143,2
113,112,109,113,112,109,113,112,109,102,101,98,904,1
125,123,121,113,112,109,105,104,101,113,112,109,949,2
113,112,109,99,98,95,113,112,109,125,123,121,341,2
113,112,109,113,112,109,125,123,121,113,112,109,22,1
125,123,121,113,112,109,99,98,95,113,112,109,947,2
113,112,109,125,123,121,113,112,109,105,104,101,355,1
99,98,95,113,112,109,115,114,111,113,112,109,601,1
113,112,109,113,112,109,113,112,109,125,123,121,649,2
113,112,109,113,112,109,113,112,109,122,121,118,582,2
113,112,109,99,98,95,113,112,109,113,112,109,72,2
113,112,109,113,112,109,113,112,109,113,112,109,545,1
113,112,109,113,112,109,113,112,109,110,109,106,742,1
113,112,109,99,98,95,113,112,109,118,116,114,404,2
113,112,109,113,112,109,125,123,121,113,112,109,946,1
113,112,109,125,123,121,113,112,109,125,123,121,528,2
113,112,109,113,112,109,113,112,109,115,114,111,546,2
113,112,109,125,123,121,113,112,109,110,109,106,786,1
113,112,109,113,112,109,113,112,109,122,121,118,681,2
113,112,109,125,123,121,113,112,109,118,116,114,954,2
113,112,109,113,112,109,113,112,109,113,112,109,248,2
113,112,109,113,112,109,113,112,109,108,106,104,411,1
113,112,109,99,98,95,113,112,109,110,109,106,401,1
113,112,109,99,98,95,113,112,109,113,112,109,963,2
113,112,109,113,112,109,113,112,109,125,123,121,385,2
113,112,109,99,98,95,113,112,109,99,98,95,463,1
113,112,109,113,112,109,113,112,109,105,104,101,872,1
113,112,109,113,112,109,120,119,116,113,112,109,581,1
113,112,109,113,112,109,113,112,109,108,106,104,873,1
113,112,109,113,112,109,99,98,95,113,112,109,45,2
113,112,109,99,98,95,113,112,109,125,123,121,671,2
113,112,109,113,112,109,99,98,95,113,112,109,507,2
113,112,109,125,123,121,113,112,109,115,114,111,887,2
113,112,109,99,98,95,113,112,109,122,121,118,670,2
113,112,109,99,98,95,113,112,109,108,106,104,433,1
99,98,95,113,112,109,110,109,106,113,112,109,203,2
99,98,95,113,112,109,110,109,106,113,112,109,962,2
125,123,121,113,112,109,113,112,109,113,112,109,523,1
125,123,121,113,112,109,110,109,106,113,112,109,27,2
113,112,109,125,123,121,113,112,109,118,116,114,195,2
125,123,121,113,112,109,120,119,116,113,112,109,229,1
113,112,109,113,112,109,113,112,109,102,101,98,178,1
99,98,95,113,112,109,102,101,98,113,112,109,68,2
125,123,121,113,112,109,113,112,109,113,112,109,589,1
113,112,109,99,98,95,113,112,109,125,123,121,506,2
113,112,109,113,112,109,115,114,111,113,112,109,51,1
99,98,95,113,112,109,99,98,95,113,112,109,925,2
113,112,109,99,98,95,113,112,109,108,106,104,532,1
113,112,109,113,112,109,102,101,98,113,112,109,145,2
99,98,95,113,112,109,118,116,114,113,112,109,437,1
113,112,109,125,123,121,113,112,109,115,114,111,557,2
99,98,95,113,112,109,105,104,101,113,112,109,663,2
125,123,121,113,112,109,108,106,104,113,112,109,686,2
125,123,121,113,112,109,110,109,106,113,112,109,258,2
99,98,95,113,112,109,113,112,109,113,112,109,138,1
99,98,95,113,112,109,105,104,101,113,112,109,465,2
113,112,109,125,123,121,113,112,109,102,101,98,57,1
113,112,109,113,112,109,113,112,109,120,119,116,680,2
113,112,109,113,112,109,113,112,109,115,114,111,843,2
125,123,121,113,112,109,99,98,95,113,112,109,980,2
99,98,95,113,112,109,125,123,121,113,112,109,638,1
125,123,121,113,112,109,118,116,114,113,112,109,96,1
113,112,109,113,112,109,113,112,109,115,114,111,216,2
113,112,109,125,123,121,113,112,109,99,98,95,749,1
113,112,109,113,112,109,113,112,109,99,98,95,210,1
113,112,109,125,123,121,113,112,109,108,106,104,521,1
99,98,95,113,112,109,125,123,121,113,112,109,44,1
125,123,121,113,112,109,102,101,98,113,112,109,651,2
113,112,109,113,112,109,110,109,106,113,112,109,115,2
113,112,109,125,123,121,113,112,109,122,121,118,164,2
113,112,109,125,123,121,113,112,109,110,109,106,555,1
125,123,121,113,112,109,115,114,111,113,112,109,821,1
125,123,121,113,112,109,120,119,116,113,112,109,889,1
99,98,95,113,112,109,113,112,109,113,112,109,336,1
125,123,121,113,112,109,122,121,118,113,112,109,593,1
113,112,109,125,123,121,113,112,109,105,104,101,685,1
113,112,109,99,98,95,113,112,109,102,101,98,497,1
113,112,109,113,112,109,113,112,109,113,112,109,578,2
113,112,109,113,112,109,113,112,109,102,101,98,871,1
113,112,109,113,112,109,99,98,95,113,112,109,441,2
125,123,121,113,112,109,99,98,95,113,112,109,848,2
113,112,109,113,112,109,113,112,109,110,109,106,907,1
113,112,109,113,112,109,99,98,95,113,112,109,672,2
113,112,109,99,98,95,113,112,109,125,123,121,77,2
113,112,109,113,112,109,113,112,109,120,119,116,911,2
113,112,109,113,112,109,113,112,109,99,98,95,969,1
113,112,109,125,123,121,113,112,109,108,106,104,785,1
125,123,121,113,112,109,115,114,111,113,112,109,458,1
113,112,109,113,112,109,118,116,114,113,112,109,481,1
99,98,95,113,112,109,102,101,98,113,112,109,299,2
113,112,109,113,112,109,125,123,121,113,112,109,451,1
113,112,109,99,98,95,113,112,109,118,116,114,371,2
113,112,109,99,98,95,113,112,109,120,119,116,9,2
125,123,121,113,112,109,99,98,95,113,112,109,782,2
113,112,109,113,112,109,105,104,101,113,112,109,113,2
113,112,109,113,112,109,113,112,109,113,112,109,842,2
113,112,109,125,123,121,113,112,109,122,121,118,395,2
113,112,109,113,112,109,105,104,101,113,112,109,14,2
113,112,109,113,112,109,113,112,109,113,112,109,644,1
113,112,109,99,98,95,113,112,109,115,114,111,304,2
125,123,121,113,112,109,99,98,95,113,112,109,320,2
125,123,121,113,112,109,110,109,106,113,112,109,126,2
113,112,109,99,98,95,113,112,109,122,121,118,604,2
113,112,109,99,98,95,113,112,109,99,98,95,958,1
113,112,109,125,123,121,113,112,109,125,123,121,330,2
113,112,109,113,112,109,113,112,109,105,104,101,938,1
113,112,109,113,112,109,115,114,111,113,112,109,150,1
113,112,109,113,112,109,115,114,111,113,112,109,315,1
125,123,121,113,112,109,125,123,121,113,112,109,561,1
113,112,109,113,112,109,110,109,106,113,112,109,940,2
113,112,109,113,112,109,102,101,98,113,112,109,541,2
125,123,121,113,112,109,120,119,116,113,112,109,361,1
113,112,109,113,112,109,113,112,109,99,98,95,903,1
113,112,109,113,112,109,113,112,109,120,119,116,845,2
113,112,109,99,98,95,113,112,109,108,106,104,334,1
113,112,109,113,112,109,113,112,109,108,106,104,279,1
113,112,109,99,98,95,113,112,109,125,123,121,11,2
99,98,95,113,112,109,105,104,101,113,112,109,399,2
113,112,109,113,112,109,110,109,106,113,112,109,511,2
125,123,121,113,112,109,105,104,101,113,112,109,91,2
113,112,109,125,123,121,113,112,109,122,121,118,494,2
113,112,109,113,112,109,102,101,98,113,112,109,970,2
113,112,109,113,112,109,125,123,121,113,112,109,517,1
113,112,109,113,112,109,113,112,109,120,119,116,20,2
113,112,109,125,123,121,113,112,109,122,121,118,692,2
125,123,121,113,112,109,115,114,111,113,112,109,623,1
125,123,121,113,112,109,125,123,121,113,112,109,990,1
113,112,109,113,112,109,108,106,104,113,112,109,906,2
125,123,121,113,112,109,108,106,104,113,112,109,653,2
99,98,95,113,112,109,120,119,116,113,112,109,834,1
113,112,109,113,112,109,113,112,109,110,109,106,544,1
113,112,109,125,123,121,113,112,109,110,109,106,852,1
113,112,109,113,112,109,113,112,109,113,112,109,479,1
113,112,109,99,98,95,113,112,109,110,109,106,335,1
