40,40,40,40,40,40,38,38,38,40,40,40,379,2
40,40,40,50,50,50,40,40,40,42,42,42,29,2
40,40,40,30,30,30,40,40,40,32,32,32,728,1
40,40,40,40,40,40,40,40,40,46,46,46,713,2
40,40,40,40,40,40,40,40,40,38,38,38,841,1
40,40,40,40,40,40,40,40,40,40,40,40,347,2
30,30,30,40,40,40,32,32,32,40,40,40,101,2
40,40,40,30,30,30,40,40,40,50,50,50,473,2
40,40,40,50,50,50,40,40,40,36,36,36,26,1
40,40,40,50,50,50,40,40,40,36,36,36,389,1
50,50,50,40,40,40,42,42,42,40,40,40,689,1
40,40,40,30,30,30,40,40,40,32,32,32,200,1
40,40,40,30,30,30,40,40,40,34,34,34,36,1
40,40,40,50,50,50,40,40,40,46,46,46,922,2
40,40,40,30,30,30,40,40,40,32,32,32,893,1
50,50,50,40,40,40,44,44,44,40,40,40,921,1
40,40,40,40,40,40,50,50,50,40,40,40,88,1
30,30,30,40,40,40,36,36,36,40,40,40,829,2
40,40,40,40,40,40,34,34,34,40,40,40,377,2
40,40,40,40,40,40,40,40,40,36,36,36,444,1
50,50,50,40,40,40,34,34,34,40,40,40,619,2
40,40,40,50,50,50,40,40,40,30,30,30,617,1
50,50,50,40,40,40,44,44,44,40,40,40,987,1
40,40,40,40,40,40,40,40,40,34,34,34,47,1
40,40,40,30,30,30,40,40,40,34,34,34,927,1
50,50,50,40,40,40,48,48,48,40,40,40,857,1
30,30,30,40,40,40,36,36,36,40,40,40,466,2
40,40,40,50,50,50,40,40,40,34,34,34,553,1
30,30,30,40,40,40,42,42,42,40,40,40,700,1
50,50,50,40,40,40,48,48,48,40,40,40,956,1
40,40,40,30,30,30,40,40,40,36,36,36,37,1
40,40,40,50,50,50,40,40,40,34,34,34,751,1
40,40,40,40,40,40,40,40,40,46,46,46,185,2
40,40,40,50,50,50,40,40,40,42,42,42,260,2
30,30,30,40,40,40,34,34,34,40,40,40,564,2
30,30,30,40,40,40,36,36,36,40,40,40,730,2
40,40,40,40,40,40,40,40,40,30,30,30,804,1
50,50,50,40,40,40,48,48,48,40,40,40,923,1
50,50,50,40,40,40,38,38,38,40,40,40,456,2
40,40,40,30,30,30,40,40,40,40,40,40,798,2
40,40,40,40,40,40,40,40,40,46,46,46,317,2
40,40,40,30,30,30,40,40,40,34,34,34,531,1
40,40,40,30,30,30,40,40,40,48,48,48,142,2
40,40,40,40,40,40,30,30,30,40,40,40,177,2
40,40,40,40,40,40,36,36,36,40,40,40,180,2
40,40,40,40,40,40,44,44,44,40,40,40,580,1
40,40,40,50,50,50,40,40,40,42,42,42,755,2
40,40,40,50,50,50,40,40,40,38,38,38,654,1
30,30,30,40,40,40,44,44,44,40,40,40,173,1
40,40,40,40,40,40,40,40,40,48,48,48,912,2
50,50,50,40,40,40,46,46,46,40,40,40,196,1
40,40,40,50,50,50,40,40,40,48,48,48,626,2
40,40,40,40,40,40,38,38,38,40,40,40,181,2
40,40,40,40,40,40,48,48,48,40,40,40,450,1
40,40,40,50,50,50,40,40,40,30,30,30,716,1
40,40,40,50,50,50,40,40,40,46,46,46,724,2
40,40,40,30,30,30,40,40,40,48,48,48,769,2
40,40,40,40,40,40,34,34,34,40,40,40,311,2
40,40,40,50,50,50,40,40,40,30,30,30,881,1
40,40,40,40,40,40,38,38,38,40,40,40,610,2
40,40,40,40,40,40,40,40,40,40,40,40,908,1
50,50,50,40,40,40,40,40,40,40,40,40,820,1
40,40,40,50,50,50,40,40,40,40,40,40,556,2
40,40,40,40,40,40,40,40,40,38,38,38,346,1
30,30,30,40,40,40,48,48,48,40,40,40,175,1
40,40,40,30,30,30,40,40,40,34,34,34,432,1
40,40,40,40,40,40,38,38,38,40,40,40,148,2
40,40,40,50,50,50,40,40,40,36,36,36,950,1
30,30,30,40,40,40,36,36,36,40,40,40,400,2
50,50,50,40,40,40,48,48,48,40,40,40,32,1
30,30,30,40,40,40,42,42,42,40,40,40,733,1
40,40,40,40,40,40,48,48,48,40,40,40,54,1
30,30,30,40,40,40,30,30,30,40,40,40,331,2
30,30,30,40,40,40,30,30,30,40,40,40,793,2
40,40,40,30,30,30,40,40,40,48,48,48,439,2
30,30,30,40,40,40,50,50,50,40,40,40,869,1
40,40,40,30,30,30,40,40,40,46,46,46,405,2
40,40,40,40,40,40,44,44,44,40,40,40,547,1
40,40,40,30,30,30,40,40,40,44,44,44,305,2
40,40,40,50,50,50,40,40,40,30,30,30,155,1
40,40,40,40,40,40,50,50,50,40,40,40,913,1
50,50,50,40,40,40,34,34,34,40,40,40,388,2
40,40,40,50,50,50,40,40,40,48,48,48,890,2
50,50,50,40,40,40,36,36,36,40,40,40,455,2
50,50,50,40,40,40,50,50,50,40,40,40,396,1
30,30,30,40,40,40,30,30,30,40,40,40,892,2
40,40,40,40,40,40,38,38,38,40,40,40,577,2
40,40,40,40,40,40,34,34,34,40,40,40,641,2
50,50,50,40,40,40,40,40,40,40,40,40,853,1
40,40,40,50,50,50,40,40,40,32,32,32,849,1
40,40,40,40,40,40,40,40,40,48,48,48,615,2
50,50,50,40,40,40,44,44,44,40,40,40,63,1
40,40,40,30,30,30,40,40,40,44,44,44,866,2
40,40,40,40,40,40,42,42,42,40,40,40,414,1
50,50,50,40,40,40,34,34,34,40,40,40,784,2
40,40,40,40,40,40,40,40,40,46,46,46,350,2
40,40,40,40,40,40,40,40,40,36,36,36,213,1
40,40,40,40,40,40,44,44,44,40,40,40,976,1
40,40,40,40,40,40,40,40,40,46,46,46,746,2
40,40,40,40,40,40,42,42,42,40,40,40,975,1
40,40,40,40,40,40,34,34,34,40,40,40,80,2
40,40,40,50,50,50,40,40,40,46,46,46,625,2
40,40,40,40,40,40,40,40,40,48,48,48,846,2
40,40,40,30,30,30,40,40,40,34,34,34,861,1
40,40,40,40,40,40,50,50,50,40,40,40,220,1
40,40,40,40,40,40,40,40,40,36,36,36,48,1
40,40,40,50,50,50,40,40,40,30,30,30,221,1
30,30,30,40,40,40,34,34,34,40,40,40,960,2
30,30,30,40,40,40,44,44,44,40,40,40,569,1
50,50,50,40,40,40,32,32,32,40,40,40,90,2
30,30,30,40,40,40,36,36,36,40,40,40,961,2
40,40,40,30,30,30,40,40,40,48,48,48,934,2
40,40,40,40,40,40,40,40,40,40,40,40,809,1
50,50,50,40,40,40,42,42,42,40,40,40,194,1
40,40,40,30,30,30,40,40,40,32,32,32,167,1
30,30,30,40,40,40,30,30,30,40,40,40,232,2
40,40,40,30,30,30,40,40,40,42,42,42,535,2
50,50,50,40,40,40,32,32,32,40,40,40,123,2
40,40,40,50,50,50,40,40,40,30,30,30,584,1
40,40,40,40,40,40,40,40,40,48,48,48,351,2
40,40,40,30,30,30,40,40,40,42,42,42,139,2
50,50,50,40,40,40,40,40,40,40,40,40,490,1
50,50,50,40,40,40,38,38,38,40,40,40,588,2
50,50,50,40,40,40,34,34,34,40,40,40,850,2
50,50,50,40,40,40,50,50,50,40,40,40,198,1
50,50,50,40,40,40,30,30,30,40,40,40,122,2
30,30,30,40,40,40,50,50,50,40,40,40,572,1
30,30,30,40,40,40,30,30,30,40,40,40,760,2
30,30,30,40,40,40,32,32,32,40,40,40,464,2
30,30,30,40,40,40,40,40,40,40,40,40,237,1
40,40,40,40,40,40,30,30,30,40,40,40,771,2
40,40,40,30,30,30,40,40,40,44,44,44,602,2
30,30,30,40,40,40,48,48,48,40,40,40,307,1
40,40,40,40,40,40,46,46,46,40,40,40,86,1
30,30,30,40,40,40,48,48,48,40,40,40,868,1
30,30,30,40,40,40,30,30,30,40,40,40,529,2
40,40,40,30,30,30,40,40,40,32,32,32,398,1
40,40,40,40,40,40,40,40,40,42,42,42,348,2
30,30,30,40,40,40,40,40,40,40,40,40,501,1
40,40,40,40,40,40,40,40,40,40,40,40,50,1
40,40,40,30,30,30,40,40,40,38,38,38,302,1
30,30,30,40,40,40,36,36,36,40,40,40,367,2
40,40,40,40,40,40,40,40,40,46,46,46,416,2
30,30,30,40,40,40,50,50,50,40,40,40,110,1
40,40,40,40,40,40,40,40,40,32,32,32,310,1
40,40,40,50,50,50,40,40,40,48,48,48,791,2
50,50,50,40,40,40,50,50,50,40,40,40,132,1
40,40,40,30,30,30,40,40,40,40,40,40,369,2
40,40,40,40,40,40,40,40,40,30,30,30,144,1
40,40,40,30,30,30,40,40,40,44,44,44,899,2
40,40,40,30,30,30,40,40,40,40,40,40,567,2
40,40,40,40,40,40,40,40,40,48,48,48,780,2
40,40,40,30,30,30,40,40,40,40,40,40,732,2
40,40,40,50,50,50,40,40,40,38,38,38,225,1
40,40,40,50,50,50,40,40,40,38,38,38,918,1
30,30,30,40,40,40,30,30,30,40,40,40,562,2
40,40,40,30,30,30,40,40,40,40,40,40,765,2
50,50,50,40,40,40,40,40,40,40,40,40,193,1
40,40,40,40,40,40,34,34,34,40,40,40,278,2
40,40,40,40,40,40,50,50,50,40,40,40,154,1
40,40,40,40,40,40,40,40,40,30,30,30,243,1
40,40,40,50,50,50,40,40,40,32,32,32,420,1
30,30,30,40,40,40,34,34,34,40,40,40,69,2
40,40,40,50,50,50,40,40,40,40,40,40,457,2
40,40,40,40,40,40,40,40,40,50,50,50,187,2
50,50,50,40,40,40,32,32,32,40,40,40,783,2
40,40,40,50,50,50,40,40,40,48,48,48,560,2
30,30,30,40,40,40,38,38,38,40,40,40,665,2
40,40,40,50,50,50,40,40,40,36,36,36,488,1
30,30,30,40,40,40,38,38,38,40,40,40,566,2
50,50,50,40,40,40,42,42,42,40,40,40,227,1
40,40,40,40,40,40,48,48,48,40,40,40,879,1
40,40,40,30,30,30,40,40,40,36,36,36,796,1
40,40,40,40,40,40,40,40,40,40,40,40,83,1
50,50,50,40,40,40,40,40,40,40,40,40,325,1
30,30,30,40,40,40,32,32,32,40,40,40,959,2
40,40,40,40,40,40,40,40,40,40,40,40,149,1
40,40,40,50,50,50,40,40,40,42,42,42,656,2
40,40,40,50,50,50,40,40,40,32,32,32,486,1
40,40,40,40,40,40,40,40,40,32,32,32,706,1
40,40,40,30,30,30,40,40,40,34,34,34,168,1
40,40,40,40,40,40,46,46,46,40,40,40,482,1
40,40,40,40,40,40,32,32,32,40,40,40,574,2
30,30,30,40,40,40,32,32,32,40,40,40,926,2
40,40,40,40,40,40,40,40,40,42,42,42,678,2
40,40,40,40,40,40,32,32,32,40,40,40,211,2
30,30,30,40,40,40,40,40,40,40,40,40,666,1
40,40,40,40,40,40,48,48,48,40,40,40,87,1
40,40,40,40,40,40,40,40,40,42,42,42,183,2
40,40,40,40,40,40,30,30,30,40,40,40,342,2
40,40,40,30,30,30,40,40,40,46,46,46,867,2
50,50,50,40,40,40,48,48,48,40,40,40,527,1
40,40,40,50,50,50,40,40,40,46,46,46,691,2
40,40,40,40,40,40,40,40,40,32,32,32,772,1
40,40,40,30,30,30,40,40,40,42,42,42,469,2
40,40,40,30,30,30,40,40,40,42,42,42,40,2
50,50,50,40,40,40,50,50,50,40,40,40,33,1
50,50,50,40,40,40,50,50,50,40,40,40,825,1
30,30,30,40,40,40,50,50,50,40,40,40,176,1
40,40,40,40,40,40,40,40,40,48,48,48,384,2
40,40,40,50,50,50,40,40,40,32,32,32,24,1
40,40,40,40,40,40,34,34,34,40,40,40,476,2
40,40,40,40,40,40,48,48,48,40,40,40,549,1
40,40,40,40,40,40,40,40,40,32,32,32,640,1
40,40,40,40,40,40,42,42,42,40,40,40,447,1
30,30,30,40,40,40,46,46,46,40,40,40,669,1
50,50,50,40,40,40,40,40,40,40,40,40,160,1
40,40,40,40,40,40,30,30,30,40,40,40,12,2
30,30,30,40,40,40,32,32,32,40,40,40,134,2
40,40,40,40,40,40,48,48,48,40,40,40,252,1
40,40,40,50,50,50,40,40,40,38,38,38,390,1
40,40,40,50,50,50,40,40,40,42,42,42,392,2
40,40,40,50,50,50,40,40,40,48,48,48,428,2
40,40,40,40,40,40,40,40,40,44,44,44,382,2
30,30,30,40,40,40,48,48,48,40,40,40,10,1
40,40,40,30,30,30,40,40,40,50,50,50,605,2
40,40,40,50,50,50,40,40,40,50,50,50,462,2
50,50,50,40,40,40,46,46,46,40,40,40,262,1
40,40,40,30,30,30,40,40,40,36,36,36,103,1
40,40,40,50,50,50,40,40,40,36,36,36,323,1
40,40,40,40,40,40,40,40,40,44,44,44,943,2
40,40,40,30,30,30,40,40,40,46,46,46,75,2
50,50,50,40,40,40,42,42,42,40,40,40,326,1
30,30,30,40,40,40,34,34,34,40,40,40,696,2
40,40,40,40,40,40,40,40,40,40,40,40,941,2
50,50,50,40,40,40,50,50,50,40,40,40,891,1
40,40,40,30,30,30,40,40,40,30,30,30,265,1
40,40,40,50,50,50,40,40,40,38,38,38,720,1
40,40,40,30,30,30,40,40,40,40,40,40,435,2
30,30,30,40,40,40,36,36,36,40,40,40,664,2
40,40,40,40,40,40,40,40,40,36,36,36,15,1
40,40,40,50,50,50,40,40,40,40,40,40,259,2
40,40,40,30,30,30,40,40,40,38,38,38,269,1
40,40,40,50,50,50,40,40,40,48,48,48,989,2
40,40,40,50,50,50,40,40,40,34,34,34,289,1
40,40,40,40,40,40,42,42,42,40,40,40,876,1
40,40,40,40,40,40,40,40,40,48,48,48,747,2
40,40,40,40,40,40,32,32,32,40,40,40,343,2
40,40,40,30,30,30,40,40,40,40,40,40,633,2
40,40,40,30,30,30,40,40,40,34,34,34,729,1
40,40,40,40,40,40,44,44,44,40,40,40,778,1
50,50,50,40,40,40,40,40,40,40,40,40,61,1
30,30,30,40,40,40,34,34,34,40,40,40,267,2
50,50,50,40,40,40,36,36,36,40,40,40,917,2
40,40,40,50,50,50,40,40,40,48,48,48,329,2
30,30,30,40,40,40,40,40,40,40,40,40,897,1
50,50,50,40,40,40,44,44,44,40,40,40,162,1
40,40,40,40,40,40,42,42,42,40,40,40,711,1
50,50,50,40,40,40,44,44,44,40,40,40,558,1
50,50,50,40,40,40,36,36,36,40,40,40,257,2
40,40,40,50,50,50,40,40,40,34,34,34,487,1
40,40,40,40,40,40,40,40,40,50,50,50,253,2
40,40,40,50,50,50,40,40,40,40,40,40,622,2
40,40,40,30,30,30,40,40,40,30,30,30,364,1
40,40,40,40,40,40,40,40,40,36,36,36,741,1
40,40,40,40,40,40,40,40,40,38,38,38,775,1
40,40,40,40,40,40,40,40,40,32,32,32,13,1
50,50,50,40,40,40,48,48,48,40,40,40,296,1
40,40,40,40,40,40,44,44,44,40,40,40,646,1
40,40,40,30,30,30,40,40,40,30,30,30,100,1
30,30,30,40,40,40,34,34,34,40,40,40,366,2
50,50,50,40,40,40,44,44,44,40,40,40,327,1
40,40,40,40,40,40,40,40,40,36,36,36,246,1
50,50,50,40,40,40,30,30,30,40,40,40,188,2
50,50,50,40,40,40,44,44,44,40,40,40,228,1
40,40,40,30,30,30,40,40,40,38,38,38,236,1
40,40,40,50,50,50,40,40,40,34,34,34,190,1
40,40,40,50,50,50,40,40,40,40,40,40,391,2
30,30,30,40,40,40,36,36,36,40,40,40,862,2
40,40,40,40,40,40,50,50,50,40,40,40,814,1
40,40,40,40,40,40,40,40,40,40,40,40,17,1
40,40,40,40,40,40,38,38,38,40,40,40,280,2
40,40,40,30,30,30,40,40,40,46,46,46,603,2
40,40,40,50,50,50,40,40,40,50,50,50,594,2
40,40,40,40,40,40,40,40,40,44,44,44,745,2
50,50,50,40,40,40,38,38,38,40,40,40,687,2
30,30,30,40,40,40,36,36,36,40,40,40,697,2
40,40,40,40,40,40,34,34,34,40,40,40,410,2
50,50,50,40,40,40,34,34,34,40,40,40,322,2
50,50,50,40,40,40,34,34,34,40,40,40,157,2
40,40,40,50,50,50,40,40,40,46,46,46,64,2
40,40,40,40,40,40,30,30,30,40,40,40,705,2
40,40,40,50,50,50,40,40,40,44,44,44,657,2
50,50,50,40,40,40,34,34,34,40,40,40,586,2
30,30,30,40,40,40,40,40,40,40,40,40,402,1
40,40,40,40,40,40,34,34,34,40,40,40,212,2
50,50,50,40,40,40,48,48,48,40,40,40,263,1
50,50,50,40,40,40,32,32,32,40,40,40,750,2
50,50,50,40,40,40,32,32,32,40,40,40,882,2
40,40,40,30,30,30,40,40,40,42,42,42,568,2
40,40,40,30,30,30,40,40,40,46,46,46,900,2
30,30,30,40,40,40,38,38,38,40,40,40,137,2
50,50,50,40,40,40,42,42,42,40,40,40,986,1
40,40,40,30,30,30,40,40,40,42,42,42,271,2
50,50,50,40,40,40,48,48,48,40,40,40,824,1
40,40,40,50,50,50,40,40,40,38,38,38,984,1
40,40,40,50,50,50,40,40,40,46,46,46,163,2
50,50,50,40,40,40,38,38,38,40,40,40,93,2
40,40,40,30,30,30,40,40,40,50,50,50,935,2
40,40,40,30,30,30,40,40,40,46,46,46,504,2
40,40,40,30,30,30,40,40,40,44,44,44,932,2
40,40,40,30,30,30,40,40,40,48,48,48,274,2
50,50,50,40,40,40,44,44,44,40,40,40,30,1
40,40,40,50,50,50,40,40,40,50,50,50,264,2
30,30,30,40,40,40,46,46,46,40,40,40,372,1
30,30,30,40,40,40,34,34,34,40,40,40,894,2
40,40,40,30,30,30,40,40,40,32,32,32,827,1
50,50,50,40,40,40,38,38,38,40,40,40,753,2
40,40,40,40,40,40,48,48,48,40,40,40,285,1
40,40,40,30,30,30,40,40,40,48,48,48,373,2
30,30,30,40,40,40,46,46,46,40,40,40,966,1
40,40,40,30,30,30,40,40,40,30,30,30,133,1
40,40,40,30,30,30,40,40,40,40,40,40,831,2
40,40,40,50,50,50,40,40,40,32,32,32,156,1
40,40,40,30,30,30,40,40,40,42,42,42,634,2
50,50,50,40,40,40,38,38,38,40,40,40,60,2
40,40,40,50,50,50,40,40,40,46,46,46,790,2
30,30,30,40,40,40,34,34,34,40,40,40,498,2
40,40,40,50,50,50,40,40,40,30,30,30,56,1
40,40,40,30,30,30,40,40,40,48,48,48,505,2
40,40,40,50,50,50,40,40,40,30,30,30,23,1
40,40,40,30,30,30,40,40,40,40,40,40,105,2
40,40,40,50,50,50,40,40,40,46,46,46,295,2
40,40,40,40,40,40,40,40,40,34,34,34,971,1
40,40,40,40,40,40,40,40,40,36,36,36,840,1
40,40,40,40,40,40,40,40,40,42,42,42,645,2
40,40,40,30,30,30,40,40,40,48,48,48,736,2
50,50,50,40,40,40,42,42,42,40,40,40,425,1
40,40,40,50,50,50,40,40,40,46,46,46,658,2
30,30,30,40,40,40,40,40,40,40,40,40,930,1
40,40,40,30,30,30,40,40,40,32,32,32,2,1
40,40,40,40,40,40,34,34,34,40,40,40,608,2
40,40,40,40,40,40,40,40,40,30,30,30,540,1
40,40,40,50,50,50,40,40,40,50,50,50,363,2
30,30,30,40,40,40,38,38,38,40,40,40,533,2
40,40,40,40,40,40,30,30,30,40,40,40,870,2
50,50,50,40,40,40,40,40,40,40,40,40,655,1
40,40,40,30,30,30,40,40,40,46,46,46,768,2
40,40,40,40,40,40,40,40,40,48,48,48,648,2
40,40,40,50,50,50,40,40,40,32,32,32,453,1
50,50,50,40,40,40,44,44,44,40,40,40,459,1
30,30,30,40,40,40,42,42,42,40,40,40,7,1
30,30,30,40,40,40,44,44,44,40,40,40,338,1
40,40,40,40,40,40,50,50,50,40,40,40,880,1
40,40,40,30,30,30,40,40,40,50,50,50,209,2
40,40,40,50,50,50,40,40,40,34,34,34,883,1
40,40,40,30,30,30,40,40,40,34,34,34,3,1
40,40,40,40,40,40,40,40,40,32,32,32,838,1
50,50,50,40,40,40,48,48,48,40,40,40,461,1
40,40,40,40,40,40,40,40,40,44,44,44,877,2
40,40,40,30,30,30,40,40,40,50,50,50,374,2
50,50,50,40,40,40,46,46,46,40,40,40,493,1
40,40,40,40,40,40,40,40,40,42,42,42,381,2
40,40,40,50,50,50,40,40,40,30,30,30,419,1
40,40,40,30,30,30,40,40,40,30,30,30,430,1
30,30,30,40,40,40,36,36,36,40,40,40,598,2
30,30,30,40,40,40,30,30,30,40,40,40,298,2
30,30,30,40,40,40,42,42,42,40,40,40,766,1
40,40,40,40,40,40,40,40,40,36,36,36,114,1
30,30,30,40,40,40,30,30,30,40,40,40,67,2
30,30,30,40,40,40,40,40,40,40,40,40,534,1
40,40,40,40,40,40,36,36,36,40,40,40,807,2
40,40,40,40,40,40,40,40,40,38,38,38,709,1
40,40,40,40,40,40,50,50,50,40,40,40,55,1
40,40,40,40,40,40,36,36,36,40,40,40,477,2
40,40,40,50,50,50,40,40,40,36,36,36,59,1
50,50,50,40,40,40,46,46,46,40,40,40,526,1
40,40,40,30,30,30,40,40,40,42,42,42,898,2
40,40,40,40,40,40,36,36,36,40,40,40,609,2
40,40,40,40,40,40,40,40,40,36,36,36,312,1
40,40,40,30,30,30,40,40,40,30,30,30,661,1
40,40,40,30,30,30,40,40,40,44,44,44,734,2
50,50,50,40,40,40,36,36,36,40,40,40,356,2
50,50,50,40,40,40,34,34,34,40,40,40,982,2
40,40,40,30,30,30,40,40,40,36,36,36,169,1
40,40,40,40,40,40,40,40,40,46,46,46,977,2
40,40,40,50,50,50,40,40,40,32,32,32,552,1
40,40,40,30,30,30,40,40,40,48,48,48,406,2
30,30,30,40,40,40,42,42,42,40,40,40,370,1
40,40,40,40,40,40,46,46,46,40,40,40,515,1
40,40,40,30,30,30,40,40,40,46,46,46,570,2
40,40,40,30,30,30,40,40,40,38,38,38,731,1
40,40,40,40,40,40,40,40,40,40,40,40,413,1
40,40,40,40,40,40,40,40,40,50,50,50,682,2
40,40,40,30,30,30,40,40,40,50,50,50,968,2
40,40,40,40,40,40,48,48,48,40,40,40,516,1
40,40,40,40,40,40,50,50,50,40,40,40,418,1
40,40,40,30,30,30,40,40,40,42,42,42,205,2
30,30,30,40,40,40,48,48,48,40,40,40,43,1
50,50,50,40,40,40,50,50,50,40,40,40,726,1
40,40,40,30,30,30,40,40,40,46,46,46,636,2
40,40,40,50,50,50,40,40,40,32,32,32,354,1
30,30,30,40,40,40,42,42,42,40,40,40,238,1
30,30,30,40,40,40,44,44,44,40,40,40,800,1
30,30,30,40,40,40,44,44,44,40,40,40,767,1
40,40,40,50,50,50,40,40,40,48,48,48,659,2
40,40,40,40,40,40,40,40,40,40,40,40,776,2
40,40,40,30,30,30,40,40,40,40,40,40,303,2
40,40,40,50,50,50,40,40,40,36,36,36,851,1
40,40,40,40,40,40,40,40,40,36,36,36,510,1
40,40,40,40,40,40,40,40,40,40,40,40,314,2
50,50,50,40,40,40,34,34,34,40,40,40,256,2
50,50,50,40,40,40,40,40,40,40,40,40,358,1
40,40,40,40,40,40,40,40,40,40,40,40,611,1
40,40,40,40,40,40,40,40,40,44,44,44,811,2
40,40,40,30,30,30,40,40,40,30,30,30,628,1
30,30,30,40,40,40,40,40,40,40,40,40,600,1
40,40,40,40,40,40,40,40,40,42,42,42,810,2
30,30,30,40,40,40,38,38,38,40,40,40,863,2
40,40,40,30,30,30,40,40,40,36,36,36,928,1
30,30,30,40,40,40,36,36,36,40,40,40,202,2
50,50,50,40,40,40,38,38,38,40,40,40,192,2
40,40,40,40,40,40,40,40,40,38,38,38,808,1
40,40,40,40,40,40,50,50,50,40,40,40,748,1
50,50,50,40,40,40,32,32,32,40,40,40,387,2
40,40,40,40,40,40,50,50,50,40,40,40,319,1
40,40,40,40,40,40,44,44,44,40,40,40,85,1
40,40,40,40,40,40,46,46,46,40,40,40,944,1
30,30,30,40,40,40,38,38,38,40,40,40,500,2
40,40,40,40,40,40,40,40,40,44,44,44,184,2
40,40,40,50,50,50,40,40,40,42,42,42,920,2
40,40,40,50,50,50,40,40,40,48,48,48,65,2
40,40,40,50,50,50,40,40,40,46,46,46,757,2
40,40,40,50,50,50,40,40,40,44,44,44,756,2
50,50,50,40,40,40,36,36,36,40,40,40,290,2
40,40,40,50,50,50,40,40,40,38,38,38,819,1
40,40,40,50,50,50,40,40,40,44,44,44,525,2
40,40,40,40,40,40,40,40,40,40,40,40,974,1
40,40,40,40,40,40,40,40,40,50,50,50,781,2
40,40,40,40,40,40,40,40,40,32,32,32,79,1
40,40,40,40,40,40,40,40,40,30,30,30,375,1
30,30,30,40,40,40,30,30,30,40,40,40,727,2
50,50,50,40,40,40,44,44,44,40,40,40,855,1
40,40,40,40,40,40,48,48,48,40,40,40,714,1
40,40,40,30,30,30,40,40,40,30,30,30,397,1
40,40,40,40,40,40,42,42,42,40,40,40,942,1
40,40,40,30,30,30,40,40,40,46,46,46,240,2
50,50,50,40,40,40,32,32,32,40,40,40,915,2
40,40,40,40,40,40,44,44,44,40,40,40,844,1
30,30,30,40,40,40,40,40,40,40,40,40,6,1
40,40,40,50,50,50,40,40,40,50,50,50,297,2
40,40,40,50,50,50,40,40,40,40,40,40,919,2
40,40,40,30,30,30,40,40,40,48,48,48,76,2
40,40,40,40,40,40,40,40,40,44,44,44,316,2
40,40,40,40,40,40,46,46,46,40,40,40,284,1
50,50,50,40,40,40,46,46,46,40,40,40,988,1
40,40,40,50,50,50,40,40,40,46,46,46,97,2
30,30,30,40,40,40,42,42,42,40,40,40,832,1
40,40,40,30,30,30,40,40,40,42,42,42,106,2
30,30,30,40,40,40,32,32,32,40,40,40,233,2
40,40,40,40,40,40,34,34,34,40,40,40,344,2
40,40,40,40,40,40,50,50,50,40,40,40,979,1
40,40,40,50,50,50,40,40,40,38,38,38,291,1
40,40,40,40,40,40,48,48,48,40,40,40,945,1
40,40,40,40,40,40,40,40,40,30,30,30,78,1
40,40,40,30,30,30,40,40,40,50,50,50,407,2
40,40,40,30,30,30,40,40,40,46,46,46,207,2
50,50,50,40,40,40,50,50,50,40,40,40,759,1
50,50,50,40,40,40,42,42,42,40,40,40,788,1
40,40,40,50,50,50,40,40,40,48,48,48,362,2
30,30,30,40,40,40,38,38,38,40,40,40,5,2
40,40,40,40,40,40,40,40,40,44,44,44,19,2
50,50,50,40,40,40,50,50,50,40,40,40,495,1
40,40,40,40,40,40,40,40,40,32,32,32,673,1
40,40,40,50,50,50,40,40,40,30,30,30,287,1
30,30,30,40,40,40,44,44,44,40,40,40,140,1
40,40,40,30,30,30,40,40,40,34,34,34,102,1
40,40,40,50,50,50,40,40,40,38,38,38,621,1
50,50,50,40,40,40,38,38,38,40,40,40,159,2
30,30,30,40,40,40,40,40,40,40,40,40,699,1
40,40,40,50,50,50,40,40,40,44,44,44,492,2
30,30,30,40,40,40,40,40,40,40,40,40,39,1
40,40,40,40,40,40,40,40,40,48,48,48,483,2
50,50,50,40,40,40,40,40,40,40,40,40,787,1
30,30,30,40,40,40,48,48,48,40,40,40,538,1
40,40,40,40,40,40,40,40,40,34,34,34,575,1
40,40,40,40,40,40,40,40,40,46,46,46,812,2
40,40,40,30,30,30,40,40,40,30,30,30,595,1
40,40,40,50,50,50,40,40,40,30,30,30,353,1
30,30,30,40,40,40,38,38,38,40,40,40,467,2
40,40,40,40,40,40,40,40,40,30,30,30,276,1
40,40,40,40,40,40,40,40,40,30,30,30,309,1
40,40,40,30,30,30,40,40,40,42,42,42,403,2
40,40,40,30,30,30,40,40,40,32,32,32,530,1
50,50,50,40,40,40,46,46,46,40,40,40,31,1
50,50,50,40,40,40,38,38,38,40,40,40,489,2
30,30,30,40,40,40,44,44,44,40,40,40,635,1
40,40,40,40,40,40,34,34,34,40,40,40,773,2
50,50,50,40,40,40,36,36,36,40,40,40,587,2
40,40,40,50,50,50,40,40,40,40,40,40,952,2
40,40,40,50,50,50,40,40,40,50,50,50,924,2
40,40,40,40,40,40,40,40,40,40,40,40,215,2
40,40,40,50,50,50,40,40,40,50,50,50,66,2
40,40,40,50,50,50,40,40,40,32,32,32,222,1
50,50,50,40,40,40,38,38,38,40,40,40,324,2
30,30,30,40,40,40,42,42,42,40,40,40,436,1
40,40,40,40,40,40,30,30,30,40,40,40,837,2
40,40,40,40,40,40,40,40,40,36,36,36,642,1
40,40,40,40,40,40,42,42,42,40,40,40,480,1
50,50,50,40,40,40,34,34,34,40,40,40,652,2
40,40,40,40,40,40,40,40,40,46,46,46,449,2
30,30,30,40,40,40,38,38,38,40,40,40,764,2
40,40,40,30,30,30,40,40,40,42,42,42,667,2
40,40,40,40,40,40,46,46,46,40,40,40,383,1
40,40,40,50,50,50,40,40,40,34,34,34,718,1
40,40,40,40,40,40,38,38,38,40,40,40,478,2
40,40,40,30,30,30,40,40,40,44,44,44,536,2
50,50,50,40,40,40,44,44,44,40,40,40,822,1
50,50,50,40,40,40,40,40,40,40,40,40,94,1
40,40,40,40,40,40,40,40,40,40,40,40,875,2
50,50,50,40,40,40,48,48,48,40,40,40,131,1
40,40,40,30,30,30,40,40,40,44,44,44,41,2
30,30,30,40,40,40,48,48,48,40,40,40,241,1
40,40,40,50,50,50,40,40,40,46,46,46,427,2
50,50,50,40,40,40,34,34,34,40,40,40,817,2
30,30,30,40,40,40,38,38,38,40,40,40,632,2
30,30,30,40,40,40,34,34,34,40,40,40,597,2
40,40,40,40,40,40,34,34,34,40,40,40,542,2
40,40,40,30,30,30,40,40,40,32,32,32,563,1
40,40,40,30,30,30,40,40,40,48,48,48,109,2
40,40,40,40,40,40,40,40,40,38,38,38,247,1
50,50,50,40,40,40,42,42,42,40,40,40,95,1
40,40,40,30,30,30,40,40,40,38,38,38,368,1
40,40,40,40,40,40,40,40,40,38,38,38,874,1
40,40,40,50,50,50,40,40,40,36,36,36,554,1
50,50,50,40,40,40,42,42,42,40,40,40,722,1
30,30,30,40,40,40,32,32,32,40,40,40,794,2
50,50,50,40,40,40,32,32,32,40,40,40,684,2
30,30,30,40,40,40,50,50,50,40,40,40,902,1
40,40,40,30,30,30,40,40,40,36,36,36,70,1
40,40,40,50,50,50,40,40,40,46,46,46,130,2
40,40,40,40,40,40,36,36,36,40,40,40,675,2
40,40,40,30,30,30,40,40,40,30,30,30,496,1
50,50,50,40,40,40,50,50,50,40,40,40,627,1
40,40,40,50,50,50,40,40,40,48,48,48,98,2
40,40,40,40,40,40,40,40,40,46,46,46,647,2
40,40,40,30,30,30,40,40,40,34,34,34,828,1
40,40,40,50,50,50,40,40,40,40,40,40,985,2
40,40,40,50,50,50,40,40,40,36,36,36,224,1
40,40,40,40,40,40,40,40,40,34,34,34,179,1
40,40,40,40,40,40,40,40,40,30,30,30,111,1
40,40,40,50,50,50,40,40,40,38,38,38,357,1
40,40,40,50,50,50,40,40,40,40,40,40,226,2
30,30,30,40,40,40,32,32,32,40,40,40,662,2
40,40,40,50,50,50,40,40,40,38,38,38,423,1
30,30,30,40,40,40,46,46,46,40,40,40,141,1
40,40,40,30,30,30,40,40,40,30,30,30,199,1
40,40,40,40,40,40,48,48,48,40,40,40,978,1
40,40,40,50,50,50,40,40,40,46,46,46,328,2
30,30,30,40,40,40,44,44,44,40,40,40,701,1
50,50,50,40,40,40,44,44,44,40,40,40,690,1
40,40,40,50,50,50,40,40,40,36,36,36,818,1
30,30,30,40,40,40,32,32,32,40,40,40,266,2
30,30,30,40,40,40,48,48,48,40,40,40,835,1
50,50,50,40,40,40,42,42,42,40,40,40,953,1
30,30,30,40,40,40,48,48,48,40,40,40,208,1
50,50,50,40,40,40,40,40,40,40,40,40,292,1
40,40,40,50,50,50,40,40,40,36,36,36,158,1
40,40,40,50,50,50,40,40,40,46,46,46,460,2
40,40,40,30,30,30,40,40,40,34,34,34,333,1
40,40,40,40,40,40,48,48,48,40,40,40,153,1
30,30,30,40,40,40,46,46,46,40,40,40,108,1
50,50,50,40,40,40,44,44,44,40,40,40,723,1
50,50,50,40,40,40,48,48,48,40,40,40,197,1
40,40,40,40,40,40,40,40,40,44,44,44,910,2
50,50,50,40,40,40,50,50,50,40,40,40,660,1
40,40,40,40,40,40,38,38,38,40,40,40,643,2
50,50,50,40,40,40,50,50,50,40,40,40,165,1
40,40,40,40,40,40,40,40,40,50,50,50,352,2
40,40,40,30,30,30,40,40,40,50,50,50,770,2
40,40,40,40,40,40,40,40,40,48,48,48,219,2
30,30,30,40,40,40,38,38,38,40,40,40,170,2
40,40,40,40,40,40,40,40,40,40,40,40,281,1
40,40,40,40,40,40,40,40,40,32,32,32,442,1
40,40,40,50,50,50,40,40,40,42,42,42,524,2
40,40,40,40,40,40,40,40,40,46,46,46,614,2
50,50,50,40,40,40,50,50,50,40,40,40,858,1
40,40,40,30,30,30,40,40,40,46,46,46,735,2
40,40,40,40,40,40,46,46,46,40,40,40,779,1
40,40,40,50,50,50,40,40,40,30,30,30,485,1
40,40,40,40,40,40,46,46,46,40,40,40,548,1
50,50,50,40,40,40,36,36,36,40,40,40,752,2
50,50,50,40,40,40,50,50,50,40,40,40,429,1
40,40,40,40,40,40,40,40,40,34,34,34,245,1
40,40,40,40,40,40,40,40,40,50,50,50,847,2
30,30,30,40,40,40,34,34,34,40,40,40,234,2
40,40,40,40,40,40,40,40,40,50,50,50,616,2
40,40,40,50,50,50,40,40,40,32,32,32,288,1
50,50,50,40,40,40,36,36,36,40,40,40,983,2
40,40,40,30,30,30,40,40,40,30,30,30,1,1
40,40,40,50,50,50,40,40,40,40,40,40,127,2
30,30,30,40,40,40,34,34,34,40,40,40,201,2
40,40,40,30,30,30,40,40,40,48,48,48,571,2
40,40,40,40,40,40,40,40,40,32,32,32,739,1
40,40,40,40,40,40,48,48,48,40,40,40,318,1
50,50,50,40,40,40,30,30,30,40,40,40,254,2
50,50,50,40,40,40,30,30,30,40,40,40,650,2
50,50,50,40,40,40,40,40,40,40,40,40,688,1
40,40,40,40,40,40,40,40,40,42,42,42,744,2
40,40,40,30,30,30,40,40,40,32,32,32,860,1
40,40,40,40,40,40,40,40,40,46,46,46,878,2
40,40,40,40,40,40,40,40,40,48,48,48,417,2
40,40,40,40,40,40,40,40,40,40,40,40,512,1
50,50,50,40,40,40,44,44,44,40,40,40,624,1
40,40,40,40,40,40,40,40,40,42,42,42,18,2
40,40,40,50,50,50,40,40,40,44,44,44,129,2
50,50,50,40,40,40,32,32,32,40,40,40,321,2
50,50,50,40,40,40,34,34,34,40,40,40,454,2
40,40,40,30,30,30,40,40,40,46,46,46,306,2
40,40,40,40,40,40,32,32,32,40,40,40,277,2
40,40,40,50,50,50,40,40,40,48,48,48,758,2
40,40,40,30,30,30,40,40,40,48,48,48,901,2
30,30,30,40,40,40,42,42,42,40,40,40,931,1
40,40,40,40,40,40,40,40,40,36,36,36,972,1
40,40,40,40,40,40,40,40,40,38,38,38,16,1
50,50,50,40,40,40,40,40,40,40,40,40,754,1
40,40,40,50,50,50,40,40,40,50,50,50,693,2
40,40,40,40,40,40,32,32,32,40,40,40,46,2
40,40,40,40,40,40,38,38,38,40,40,40,214,2
40,40,40,30,30,30,40,40,40,46,46,46,438,2
40,40,40,30,30,30,40,40,40,34,34,34,300,1
40,40,40,40,40,40,34,34,34,40,40,40,443,2
30,30,30,40,40,40,38,38,38,40,40,40,599,2
30,30,30,40,40,40,50,50,50,40,40,40,803,1
40,40,40,50,50,50,40,40,40,44,44,44,393,2
40,40,40,40,40,40,40,40,40,30,30,30,573,1
40,40,40,50,50,50,40,40,40,32,32,32,255,1
50,50,50,40,40,40,34,34,34,40,40,40,58,2
40,40,40,30,30,30,40,40,40,40,40,40,204,2
40,40,40,50,50,50,40,40,40,42,42,42,62,2
30,30,30,40,40,40,38,38,38,40,40,40,896,2
50,50,50,40,40,40,38,38,38,40,40,40,951,2
40,40,40,50,50,50,40,40,40,44,44,44,789,2
40,40,40,40,40,40,32,32,32,40,40,40,112,2
40,40,40,30,30,30,40,40,40,34,34,34,135,1
40,40,40,50,50,50,40,40,40,50,50,50,99,2
40,40,40,30,30,30,40,40,40,32,32,32,596,1
30,30,30,40,40,40,48,48,48,40,40,40,967,1
50,50,50,40,40,40,44,44,44,40,40,40,888,1
50,50,50,40,40,40,42,42,42,40,40,40,590,1
40,40,40,40,40,40,46,46,46,40,40,40,218,1
40,40,40,30,30,30,40,40,40,44,44,44,833,2
40,40,40,50,50,50,40,40,40,44,44,44,261,2
30,30,30,40,40,40,44,44,44,40,40,40,8,1
40,40,40,40,40,40,40,40,40,48,48,48,813,2
40,40,40,40,40,40,40,40,40,36,36,36,543,1
30,30,30,40,40,40,44,44,44,40,40,40,503,1
40,40,40,40,40,40,40,40,40,42,42,42,249,2
40,40,40,30,30,30,40,40,40,46,46,46,702,2
30,30,30,40,40,40,30,30,30,40,40,40,826,2
30,30,30,40,40,40,42,42,42,40,40,40,337,1
40,40,40,30,30,30,40,40,40,46,46,46,273,2
40,40,40,30,30,30,40,40,40,34,34,34,630,1
40,40,40,30,30,30,40,40,40,32,32,32,761,1
40,40,40,40,40,40,48,48,48,40,40,40,21,1
40,40,40,40,40,40,40,40,40,40,40,40,677,1
40,40,40,40,40,40,38,38,38,40,40,40,973,2
40,40,40,50,50,50,40,40,40,30,30,30,386,1
40,40,40,50,50,50,40,40,40,40,40,40,424,2
30,30,30,40,40,40,44,44,44,40,40,40,206,1
50,50,50,40,40,40,30,30,30,40,40,40,518,2
40,40,40,40,40,40,32,32,32,40,40,40,805,2
40,40,40,50,50,50,40,40,40,46,46,46,823,2
40,40,40,40,40,40,50,50,50,40,40,40,121,1
40,40,40,50,50,50,40,40,40,38,38,38,885,1
40,40,40,40,40,40,30,30,30,40,40,40,408,2
50,50,50,40,40,40,46,46,46,40,40,40,592,1
40,40,40,30,30,30,40,40,40,32,32,32,695,1
30,30,30,40,40,40,50,50,50,40,40,40,539,1
50,50,50,40,40,40,34,34,34,40,40,40,25,2
40,40,40,40,40,40,40,40,40,30,30,30,474,1
50,50,50,40,40,40,42,42,42,40,40,40,491,1
30,30,30,40,40,40,46,46,46,40,40,40,339,1
50,50,50,40,40,40,34,34,34,40,40,40,124,2
40,40,40,30,30,30,40,40,40,34,34,34,762,1
40,40,40,30,30,30,40,40,40,32,32,32,35,1
40,40,40,50,50,50,40,40,40,46,46,46,856,2
40,40,40,40,40,40,40,40,40,38,38,38,412,1
40,40,40,30,30,30,40,40,40,48,48,48,703,2
40,40,40,40,40,40,40,40,40,30,30,30,738,1
40,40,40,30,30,30,40,40,40,46,46,46,42,2
40,40,40,40,40,40,34,34,34,40,40,40,674,2
40,40,40,40,40,40,48,48,48,40,40,40,120,1
30,30,30,40,40,40,46,46,46,40,40,40,933,1
40,40,40,40,40,40,30,30,30,40,40,40,936,2
30,30,30,40,40,40,34,34,34,40,40,40,795,2
40,40,40,30,30,30,40,40,40,42,42,42,799,2
40,40,40,30,30,30,40,40,40,30,30,30,694,1
40,40,40,40,40,40,36,36,36,40,40,40,147,2
40,40,40,40,40,40,40,40,40,34,34,34,839,1
40,40,40,40,40,40,42,42,42,40,40,40,513,1
40,40,40,50,50,50,40,40,40,50,50,50,957,2
40,40,40,40,40,40,44,44,44,40,40,40,679,1
50,50,50,40,40,40,50,50,50,40,40,40,792,1
50,50,50,40,40,40,34,34,34,40,40,40,223,2
40,40,40,50,50,50,40,40,40,48,48,48,230,2
40,40,40,30,30,30,40,40,40,48,48,48,472,2
40,40,40,40,40,40,44,44,44,40,40,40,118,1
30,30,30,40,40,40,36,36,36,40,40,40,565,2
40,40,40,40,40,40,40,40,40,36,36,36,81,1
40,40,40,40,40,40,32,32,32,40,40,40,508,2
40,40,40,40,40,40,32,32,32,40,40,40,937,2
40,40,40,40,40,40,40,40,40,40,40,40,116,1
40,40,40,40,40,40,40,40,40,44,44,44,349,2
50,50,50,40,40,40,36,36,36,40,40,40,422,2
40,40,40,30,30,30,40,40,40,40,40,40,171,2
30,30,30,40,40,40,44,44,44,40,40,40,107,1
50,50,50,40,40,40,30,30,30,40,40,40,815,2
50,50,50,40,40,40,42,42,42,40,40,40,359,1
40,40,40,30,30,30,40,40,40,38,38,38,71,1
30,30,30,40,40,40,38,38,38,40,40,40,929,2
40,40,40,40,40,40,44,44,44,40,40,40,712,1
40,40,40,30,30,30,40,40,40,38,38,38,434,1
40,40,40,40,40,40,50,50,50,40,40,40,484,1
40,40,40,40,40,40,40,40,40,32,32,32,607,1
40,40,40,40,40,40,42,42,42,40,40,40,282,1
40,40,40,50,50,50,40,40,40,46,46,46,955,2
40,40,40,40,40,40,40,40,40,42,42,42,909,2
40,40,40,40,40,40,40,40,40,32,32,32,409,1
30,30,30,40,40,40,44,44,44,40,40,40,239,1
40,40,40,30,30,30,40,40,40,46,46,46,537,2
40,40,40,40,40,40,40,40,40,44,44,44,151,2
40,40,40,40,40,40,40,40,40,34,34,34,146,1
50,50,50,40,40,40,34,34,34,40,40,40,520,2
50,50,50,40,40,40,32,32,32,40,40,40,948,2
40,40,40,40,40,40,40,40,40,42,42,42,777,2
40,40,40,40,40,40,40,40,40,32,32,32,244,1
40,40,40,30,30,30,40,40,40,44,44,44,470,2
50,50,50,40,40,40,40,40,40,40,40,40,721,1
40,40,40,30,30,30,40,40,40,42,42,42,172,2
40,40,40,30,30,30,40,40,40,50,50,50,704,2
40,40,40,40,40,40,40,40,40,42,42,42,84,2
40,40,40,40,40,40,34,34,34,40,40,40,905,2
40,40,40,40,40,40,40,40,40,50,50,50,583,2
40,40,40,40,40,40,34,34,34,40,40,40,806,2
40,40,40,40,40,40,40,40,40,34,34,34,740,1
40,40,40,40,40,40,40,40,40,40,40,40,380,2
40,40,40,50,50,50,40,40,40,42,42,42,161,2
50,50,50,40,40,40,32,32,32,40,40,40,816,2
40,40,40,40,40,40,38,38,38,40,40,40,445,2
30,30,30,40,40,40,40,40,40,40,40,40,468,1
40,40,40,40,40,40,40,40,40,46,46,46,251,2
40,40,40,30,30,30,40,40,40,30,30,30,166,1
40,40,40,40,40,40,40,40,40,44,44,44,283,2
40,40,40,30,30,30,40,40,40,42,42,42,502,2
40,40,40,30,30,30,40,40,40,36,36,36,136,1
40,40,40,40,40,40,42,42,42,40,40,40,579,1
40,40,40,40,40,40,40,40,40,44,44,44,250,2
40,40,40,30,30,30,40,40,40,40,40,40,270,2
40,40,40,40,40,40,44,44,44,40,40,40,217,1
40,40,40,30,30,30,40,40,40,38,38,38,797,1
30,30,30,40,40,40,50,50,50,40,40,40,275,1
40,40,40,50,50,50,40,40,40,30,30,30,452,1
40,40,40,30,30,30,40,40,40,36,36,36,301,1
40,40,40,30,30,30,40,40,40,48,48,48,340,2
50,50,50,40,40,40,44,44,44,40,40,40,294,1
40,40,40,50,50,50,40,40,40,32,32,32,981,1
30,30,30,40,40,40,42,42,42,40,40,40,865,1
40,40,40,40,40,40,44,44,44,40,40,40,514,1
40,40,40,40,40,40,30,30,30,40,40,40,639,2
40,40,40,40,40,40,36,36,36,40,40,40,576,2
50,50,50,40,40,40,36,36,36,40,40,40,719,2
40,40,40,40,40,40,40,40,40,36,36,36,774,1
40,40,40,40,40,40,40,40,40,40,40,40,710,1
30,30,30,40,40,40,36,36,36,40,40,40,763,2
40,40,40,50,50,50,40,40,40,40,40,40,886,2
30,30,30,40,40,40,32,32,32,40,40,40,629,2
40,40,40,50,50,50,40,40,40,30,30,30,89,1
40,40,40,40,40,40,44,44,44,40,40,40,613,1
40,40,40,50,50,50,40,40,40,32,32,32,189,1
40,40,40,50,50,50,40,40,40,36,36,36,620,1
50,50,50,40,40,40,32,32,32,40,40,40,618,2
40,40,40,40,40,40,46,46,46,40,40,40,152,1
50,50,50,40,40,40,30,30,30,40,40,40,914,2
40,40,40,50,50,50,40,40,40,42,42,42,128,2
40,40,40,30,30,30,40,40,40,44,44,44,965,2
30,30,30,40,40,40,46,46,46,40,40,40,174,1
40,40,40,50,50,50,40,40,40,32,32,32,519,1
40,40,40,40,40,40,40,40,40,38,38,38,676,1
40,40,40,30,30,30,40,40,40,50,50,50,440,2
40,40,40,40,40,40,40,40,40,46,46,46,53,2
30,30,30,40,40,40,38,38,38,40,40,40,698,2
40,40,40,40,40,40,38,38,38,40,40,40,313,2
40,40,40,40,40,40,50,50,50,40,40,40,715,1
40,40,40,50,50,50,40,40,40,42,42,42,293,2
40,40,40,40,40,40,44,44,44,40,40,40,52,1
40,40,40,50,50,50,40,40,40,36,36,36,191,1
40,40,40,40,40,40,40,40,40,34,34,34,509,1
40,40,40,40,40,40,40,40,40,36,36,36,345,1
40,40,40,40,40,40,48,48,48,40,40,40,186,1
30,30,30,40,40,40,36,36,36,40,40,40,895,2
40,40,40,40,40,40,38,38,38,40,40,40,49,2
30,30,30,40,40,40,50,50,50,40,40,40,308,1
50,50,50,40,40,40,40,40,40,40,40,40,28,1
40,40,40,50,50,50,40,40,40,36,36,36,92,1
40,40,40,30,30,30,40,40,40,42,42,42,964,2
40,40,40,40,40,40,40,40,40,34,34,34,707,1
40,40,40,40,40,40,40,40,40,50,50,50,550,2
30,30,30,40,40,40,46,46,46,40,40,40,471,1
50,50,50,40,40,40,44,44,44,40,40,40,591,1
40,40,40,40,40,40,44,44,44,40,40,40,415,1
40,40,40,40,40,40,42,42,42,40,40,40,612,1
50,50,50,40,40,40,32,32,32,40,40,40,585,2
40,40,40,40,40,40,40,40,40,40,40,40,743,1
40,40,40,30,30,30,40,40,40,38,38,38,830,1
40,40,40,30,30,30,40,40,40,38,38,38,38,1
30,30,30,40,40,40,36,36,36,40,40,40,499,2
40,40,40,50,50,50,40,40,40,36,36,36,884,1
40,40,40,50,50,50,40,40,40,42,42,42,854,2
30,30,30,40,40,40,46,46,46,40,40,40,801,1
40,40,40,30,30,30,40,40,40,38,38,38,104,1
50,50,50,40,40,40,44,44,44,40,40,40,426,1
50,50,50,40,40,40,46,46,46,40,40,40,394,1
40,40,40,50,50,50,40,40,40,30,30,30,551,1
40,40,40,40,40,40,40,40,40,38,38,38,82,1
40,40,40,40,40,40,40,40,40,40,40,40,182,2
40,40,40,50,50,50,40,40,40,48,48,48,725,2
40,40,40,50,50,50,40,40,40,30,30,30,683,1
40,40,40,30,30,30,40,40,40,50,50,50,242,2
40,40,40,40,40,40,30,30,30,40,40,40,606,2
30,30,30,40,40,40,32,32,32,40,40,40,365,2
30,30,30,40,40,40,30,30,30,40,40,40,859,2
40,40,40,50,50,50,40,40,40,34,34,34,421,1
50,50,50,40,40,40,50,50,50,40,40,40,231,1
30,30,30,40,40,40,44,44,44,40,40,40,272,1
40,40,40,40,40,40,40,40,40,44,44,44,448,2
30,30,30,40,40,40,30,30,30,40,40,40,34,2
40,40,40,40,40,40,46,46,46,40,40,40,119,1
50,50,50,40,40,40,32,32,32,40,40,40,717,2
40,40,40,30,30,30,40,40,40,44,44,44,668,2
40,40,40,50,50,50,40,40,40,34,34,34,916,1
30,30,30,40,40,40,36,36,36,40,40,40,268,2
30,30,30,40,40,40,50,50,50,40,40,40,836,1
40,40,40,40,40,40,42,42,42,40,40,40,117,1
40,40,40,50,50,50,40,40,40,46,46,46,559,2
40,40,40,30,30,30,40,40,40,42,42,42,73,2
40,40,40,30,30,30,40,40,40,36,36,36,631,1
40,40,40,30,30,30,40,40,40,48,48,48,637,2
40,40,40,40,40,40,32,32,32,40,40,40,376,2
40,40,40,30,30,30,40,40,40,40,40,40,864,2
40,40,40,30,30,30,40,40,40,32,32,32,332,1
50,50,50,40,40,40,38,38,38,40,40,40,522,2
40,40,40,40,40,40,40,40,40,40,40,40,446,2
30,30,30,40,40,40,36,36,36,40,40,40,4,2
40,40,40,40,40,40,36,36,36,40,40,40,378,2
40,40,40,30,30,30,40,40,40,48,48,48,802,2
40,40,40,40,40,40,32,32,32,40,40,40,475,2
40,40,40,40,40,40,40,40,40,36,36,36,708,1
40,40,40,40,40,40,50,50,50,40,40,40,286,1
40,40,40,30,30,30,40,40,40,32,32,32,431,1
50,50,50,40,40,40,44,44,44,40,40,40,360,1
50,50,50,40,40,40,36,36,36,40,40,40,125,2
40,40,40,40,40,40,36,36,36,40,40,40,939,2
30,30,30,40,40,40,36,36,36,40,40,40,235,2
30,30,30,40,40,40,44,44,44,40,40,40,74,1
30,30,30,40,40,40,50,50,50,40,40,40,737,1
40,40,40,30,30,30,40,40,40,50,50,50,143,2
40,40,40,40,40,40,40,40,40,32,32,32,904,1
50,50,50,40,40,40,34,34,34,40,40,40,949,2
40,40,40,30,30,30,40,40,40,50,50,50,341,2
40,40,40,40,40,40,50,50,50,40,40,40,22,1
50,50,50,40,40,40,30,30,30,40,40,40,947,2
40,40,40,50,50,50,40,40,40,34,34,34,355,1
30,30,30,40,40,40,42,42,42,40,40,40,601,1
40,40,40,40,40,40,40,40,40,50,50,50,649,2
40,40,40,40,40,40,40,40,40,48,48,48,582,2
40,40,40,30,30,30,40,40,40,40,40,40,72,2
40,40,40,40,40,40,40,40,40,40,40,40,545,1
40,40,40,40,40,40,40,40,40,38,38,38,742,1
40,40,40,30,30,30,40,40,40,44,44,44,404,2
40,40,40,40,40,40,50,50,50,40,40,40,946,1
40,40,40,50,50,50,40,40,40,50,50,50,528,2
40,40,40,40,40,40,40,40,40,42,42,42,546,2
40,40,40,50,50,50,40,40,40,38,38,38,786,1
40,40,40,40,40,40,40,40,40,48,48,48,681,2
40,40,40,50,50,50,40,40,40,44,44,44,954,2
40,40,40,40,40,40,40,40,40,40,40,40,248,2
40,40,40,40,40,40,40,40,40,36,36,36,411,1
40,40,40,30,30,30,40,40,40,38,38,38,401,1
40,40,40,30,30,30,40,40,40,40,40,40,963,2
40,40,40,40,40,40,40,40,40,50,50,50,385,2
40,40,40,30,30,30,40,40,40,30,30,30,463,1
40,40,40,40,40,40,40,40,40,34,34,34,872,1
40,40,40,40,40,40,46,46,46,40,40,40,581,1
40,40,40,40,40,40,40,40,40,36,36,36,873,1
40,40,40,40,40,40,30,30,30,40,40,40,45,2
40,40,40,30,30,30,40,40,40,50,50,50,671,2
40,40,40,40,40,40,30,30,30,40,40,40,507,2
40,40,40,50,50,50,40,40,40,42,42,42,887,2
40,40,40,30,30,30,40,40,40,48,48,48,670,2
40,40,40,30,30,30,40,40,40,36,36,36,433,1
30,30,30,40,40,40,38,38,38,40,40,40,203,2
30,30,30,40,40,40,38,38,38,40,40,40,962,2
50,50,50,40,40,40,40,40,40,40,40,40,523,1
50,50,50,40,40,40,38,38,38,40,40,40,27,2
40,40,40,50,50,50,40,40,40,44,44,44,195,2
50,50,50,40,40,40,46,46,46,40,40,40,229,1
40,40,40,40,40,40,40,40,40,32,32,32,178,1
30,30,30,40,40,40,32,32,32,40,40,40,68,2
50,50,50,40,40,40,40,40,40,40,40,40,589,1
40,40,40,30,30,30,40,40,40,50,50,50,506,2
40,40,40,40,40,40,42,42,42,40,40,40,51,1
30,30,30,40,40,40,30,30,30,40,40,40,925,2
40,40,40,30,30,30,40,40,40,36,36,36,532,1
40,40,40,40,40,40,32,32,32,40,40,40,145,2
30,30,30,40,40,40,44,44,44,40,40,40,437,1
40,40,40,50,50,50,40,40,40,42,42,42,557,2
30,30,30,40,40,40,34,34,34,40,40,40,663,2
50,50,50,40,40,40,36,36,36,40,40,40,686,2
50,50,50,40,40,40,38,38,38,40,40,40,258,2
30,30,30,40,40,40,40,40,40,40,40,40,138,1
30,30,30,40,40,40,34,34,34,40,40,40,465,2
40,40,40,50,50,50,40,40,40,32,32,32,57,1
40,40,40,40,40,40,40,40,40,46,46,46,680,2
40,40,40,40,40,40,40,40,40,42,42,42,843,2
50,50,50,40,40,40,30,30,30,40,40,40,980,2
30,30,30,40,40,40,50,50,50,40,40,40,638,1
50,50,50,40,40,40,44,44,44,40,40,40,96,1
40,40,40,40,40,40,40,40,40,42,42,42,216,2
40,40,40,50,50,50,40,40,40,30,30,30,749,1
40,40,40,40,40,40,40,40,40,30,30,30,210,1
40,40,40,50,50,50,40,40,40,36,36,36,521,1
30,30,30,40,40,40,50,50,50,40,40,40,44,1
50,50,50,40,40,40,32,32,32,40,40,40,651,2
40,40,40,40,40,40,38,38,38,40,40,40,115,2
40,40,40,50,50,50,40,40,40,48,48,48,164,2
40,40,40,50,50,50,40,40,40,38,38,38,555,1
50,50,50,40,40,40,42,42,42,40,40,40,821,1
50,50,50,40,40,40,46,46,46,40,40,40,889,1
30,30,30,40,40,40,40,40,40,40,40,40,336,1
50,50,50,40,40,40,48,48,48,40,40,40,593,1
40,40,40,50,50,50,40,40,40,34,34,34,685,1
40,40,40,30,30,30,40,40,40,32,32,32,497,1
40,40,40,40,40,40,40,40,40,40,40,40,578,2
40,40,40,40,40,40,40,40,40,32,32,32,871,1
40,40,40,40,40,40,30,30,30,40,40,40,441,2
50,50,50,40,40,40,30,30,30,40,40,40,848,2
40,40,40,40,40,40,40,40,40,38,38,38,907,1
40,40,40,40,40,40,30,30,30,40,40,40,672,2
40,40,40,30,30,30,40,40,40,50,50,50,77,2
40,40,40,40,40,40,40,40,40,46,46,46,911,2
40,40,40,40,40,40,40,40,40,30,30,30,969,1
40,40,40,50,50,50,40,40,40,36,36,36,785,1
50,50,50,40,40,40,42,42,42,40,40,40,458,1
40,40,40,40,40,40,44,44,44,40,40,40,481,1
30,30,30,40,40,40,32,32,32,40,40,40,299,2
40,40,40,40,40,40,50,50,50,40,40,40,451,1
40,40,40,30,30,30,40,40,40,44,44,44,371,2
40,40,40,30,30,30,40,40,40,46,46,46,9,2
50,50,50,40,40,40,30,30,30,40,40,40,782,2
40,40,40,40,40,40,34,34,34,40,40,40,113,2
40,40,40,40,40,40,40,40,40,40,40,40,842,2
40,40,40,50,50,50,40,40,40,48,48,48,395,2
40,40,40,40,40,40,34,34,34,40,40,40,14,2
40,40,40,40,40,40,40,40,40,40,40,40,644,1
40,40,40,30,30,30,40,40,40,42,42,42,304,2
50,50,50,40,40,40,30,30,30,40,40,40,320,2
50,50,50,40,40,40,38,38,38,40,40,40,126,2
40,40,40,30,30,30,40,40,40,48,48,48,604,2
40,40,40,30,30,30,40,40,40,30,30,30,958,1
40,40,40,50,50,50,40,40,40,50,50,50,330,2
40,40,40,40,40,40,40,40,40,34,34,34,938,1
40,40,40,40,40,40,42,42,42,40,40,40,150,1
40,40,40,40,40,40,42,42,42,40,40,40,315,1
50,50,50,40,40,40,50,50,50,40,40,40,561,1
40,40,40,40,40,40,38,38,38,40,40,40,940,2
40,40,40,40,40,40,32,32,32,40,40,40,541,2
50,50,50,40,40,40,46,46,46,40,40,40,361,1
40,40,40,40,40,40,40,40,40,30,30,30,903,1
40,40,40,40,40,40,40,40,40,46,46,46,845,2
40,40,40,30,30,30,40,40,40,36,36,36,334,1
40,40,40,40,40,40,40,40,40,36,36,36,279,1
40,40,40,30,30,30,40,40,40,50,50,50,11,2
30,30,30,40,40,40,34,34,34,40,40,40,399,2
40,40,40,40,40,40,38,38,38,40,40,40,511,2
50,50,50,40,40,40,34,34,34,40,40,40,91,2
40,40,40,50,50,50,40,40,40,48,48,48,494,2
40,40,40,40,40,40,32,32,32,40,40,40,970,2
40,40,40,40,40,40,50,50,50,40,40,40,517,1
40,40,40,40,40,40,40,40,40,46,46,46,20,2
40,40,40,50,50,50,40,40,40,48,48,48,692,2
50,50,50,40,40,40,42,42,42,40,40,40,623,1
50,50,50,40,40,40,50,50,50,40,40,40,990,1
40,40,40,40,40,40,36,36,36,40,40,40,906,2
50,50,50,40,40,40,36,36,36,40,40,40,653,2
30,30,30,40,40,40,46,46,46,40,40,40,834,1
40,40,40,40,40,40,40,40,40,38,38,38,544,1
40,40,40,50,50,50,40,40,40,38,38,38,852,1
40,40,40,40,40,40,40,40,40,40,40,40,479,1
40,40,40,30,30,30,40,40,40,38,38,38,335,1
