100,100,100,90,90,90,100,100,100,100,100,100,336,2
100,100,100,100,100,100,100,100,100,106,106,106,548,2
100,100,100,90,90,90,100,100,100,106,106,106,108,2
110,110,110,100,100,100,100,100,100,100,100,100,853,1
100,100,100,90,90,90,100,100,100,108,108,108,43,2
100,100,100,90,90,90,100,100,100,96,96,96,730,1
110,110,110,100,100,100,100,100,100,100,100,100,985,1
100,100,100,100,100,100,108,108,108,100,100,100,186,1
100,100,100,110,110,110,100,100,100,104,104,104,426,2
100,100,100,90,90,90,100,100,100,96,96,96,4,1
90,90,90,100,100,100,92,92,92,100,100,100,398,2
90,90,90,100,100,100,110,110,110,100,100,100,143,1
110,110,110,100,100,100,102,102,102,100,100,100,821,1
90,90,90,100,100,100,106,106,106,100,100,100,207,1
100,100,100,100,100,100,110,110,110,100,100,100,781,1
100,100,100,90,90,90,100,100,100,104,104,104,140,2
100,100,100,100,100,100,100,100,100,106,106,106,350,2
100,100,100,100,100,100,100,100,100,106,106,106,482,2
100,100,100,110,110,110,100,100,100,90,90,90,551,1
100,100,100,100,100,100,92,92,92,100,100,100,277,2
90,90,90,100,100,100,92,92,92,100,100,100,35,2
100,100,100,110,110,110,100,100,100,106,106,106,295,2
100,100,100,100,100,100,92,92,92,100,100,100,211,2
90,90,90,100,100,100,94,94,94,100,100,100,69,2
110,110,110,100,100,100,110,110,110,100,100,100,231,1
110,110,110,100,100,100,90,90,90,100,100,100,881,2
90,90,90,100,100,100,100,100,100,100,100,100,105,1
100,100,100,110,110,110,100,100,100,102,102,102,557,2
100,100,100,90,90,90,100,100,100,108,108,108,274,2
100,100,100,100,100,100,100,100,100,98,98,98,148,1
100,100,100,90,90,90,100,100,100,100,100,100,6,2
110,110,110,100,100,100,102,102,102,100,100,100,128,1
100,100,100,100,100,100,100,100,100,100,100,100,875,1
110,110,110,100,100,100,98,98,98,100,100,100,687,2
100,100,100,110,110,110,100,100,100,104,104,104,558,2
100,100,100,90,90,90,100,100,100,92,92,92,134,1
90,90,90,100,100,100,94,94,94,100,100,100,762,2
100,100,100,90,90,90,100,100,100,110,110,110,935,2
100,100,100,100,100,100,94,94,94,100,100,100,47,2
100,100,100,100,100,100,106,106,106,100,100,100,416,1
90,90,90,100,100,100,90,90,90,100,100,100,826,2
90,90,90,100,100,100,100,100,100,100,100,100,534,1
110,110,110,100,100,100,96,96,96,100,100,100,719,2
100,100,100,100,100,100,96,96,96,100,100,100,741,2
100,100,100,110,110,110,100,100,100,106,106,106,559,2
100,100,100,100,100,100,100,100,100,110,110,110,286,2
110,110,110,100,100,100,104,104,104,100,100,100,294,1
100,100,100,100,100,100,90,90,90,100,100,100,441,2
110,110,110,100,100,100,106,106,106,100,100,100,955,1
90,90,90,100,100,100,98,98,98,100,100,100,170,2
110,110,110,100,100,100,104,104,104,100,100,100,624,1
110,110,110,100,100,100,90,90,90,100,100,100,716,2
100,100,100,90,90,90,100,100,100,110,110,110,671,2
100,100,100,100,100,100,108,108,108,100,100,100,120,1
100,100,100,110,110,110,100,100,100,104,104,104,591,2
100,100,100,100,100,100,100,100,100,92,92,92,574,1
100,100,100,110,110,110,100,100,100,92,92,92,24,1
100,100,100,100,100,100,100,100,100,94,94,94,839,1
100,100,100,90,90,90,100,100,100,94,94,94,531,1
100,100,100,110,110,110,100,100,100,100,100,100,886,2
100,100,100,90,90,90,100,100,100,104,104,104,470,2
100,100,100,100,100,100,100,100,100,92,92,92,343,1
100,100,100,90,90,90,100,100,100,104,104,104,536,2
100,100,100,100,100,100,100,100,100,106,106,106,977,2
100,100,100,100,100,100,92,92,92,100,100,100,442,2
90,90,90,100,100,100,98,98,98,100,100,100,929,2
100,100,100,90,90,90,100,100,100,96,96,96,664,1
100,100,100,110,110,110,100,100,100,90,90,90,89,1
100,100,100,110,110,110,100,100,100,94,94,94,421,1
110,110,110,100,100,100,92,92,92,100,100,100,552,2
100,100,100,100,100,100,104,104,104,100,100,100,778,1
110,110,110,100,100,100,94,94,94,100,100,100,355,2
90,90,90,100,100,100,98,98,98,100,100,100,533,2
100,100,100,110,110,110,100,100,100,110,110,110,693,2
110,110,110,100,100,100,108,108,108,100,100,100,989,1
100,100,100,90,90,90,100,100,100,100,100,100,600,2
100,100,100,110,110,110,100,100,100,92,92,92,618,1
110,110,110,100,100,100,108,108,108,100,100,100,527,1
100,100,100,100,100,100,100,100,100,100,100,100,842,1
90,90,90,100,100,100,110,110,110,100,100,100,11,1
100,100,100,110,110,110,100,100,100,94,94,94,520,1
100,100,100,100,100,100,96,96,96,100,100,100,939,2
100,100,100,100,100,100,92,92,92,100,100,100,970,2
100,100,100,110,110,110,100,100,100,90,90,90,485,1
100,100,100,100,100,100,102,102,102,100,100,100,678,1
110,110,110,100,100,100,102,102,102,100,100,100,392,1
110,110,110,100,100,100,100,100,100,100,100,100,391,1
100,100,100,100,100,100,100,100,100,102,102,102,315,2
90,90,90,100,100,100,110,110,110,100,100,100,539,1
90,90,90,100,100,100,96,96,96,100,100,100,631,2
110,110,110,100,100,100,92,92,92,100,100,100,717,2
100,100,100,100,100,100,100,100,100,94,94,94,14,1
100,100,100,110,110,110,100,100,100,108,108,108,461,2
90,90,90,100,100,100,92,92,92,100,100,100,860,2
90,90,90,100,100,100,94,94,94,100,100,100,399,2
90,90,90,100,100,100,100,100,100,100,100,100,303,1
100,100,100,110,110,110,100,100,100,94,94,94,157,1
100,100,100,100,100,100,98,98,98,100,100,100,676,2
90,90,90,100,100,100,104,104,104,100,100,100,701,1
100,100,100,100,100,100,100,100,100,92,92,92,772,1
100,100,100,110,110,110,100,100,100,106,106,106,856,2
110,110,110,100,100,100,92,92,92,100,100,100,981,2
100,100,100,100,100,100,92,92,92,100,100,100,112,2
100,100,100,100,100,100,106,106,106,100,100,100,878,1
100,100,100,90,90,90,100,100,100,104,104,104,437,2
110,110,110,100,100,100,94,94,94,100,100,100,949,2
90,90,90,100,100,100,100,100,100,100,100,100,666,1
90,90,90,100,100,100,98,98,98,100,100,100,203,2
100,100,100,90,90,90,100,100,100,92,92,92,200,1
90,90,90,100,100,100,108,108,108,100,100,100,670,1
100,100,100,110,110,110,100,100,100,90,90,90,353,1
100,100,100,100,100,100,90,90,90,100,100,100,111,2
110,110,110,100,100,100,104,104,104,100,100,100,888,1
110,110,110,100,100,100,100,100,100,100,100,100,325,1
110,110,110,100,100,100,106,106,106,100,100,100,889,1
100,100,100,90,90,90,100,100,100,98,98,98,599,1
100,100,100,100,100,100,100,100,100,108,108,108,648,2
100,100,100,110,110,110,100,100,100,104,104,104,690,2
90,90,90,100,100,100,96,96,96,100,100,100,499,2
100,100,100,110,110,110,100,100,100,100,100,100,358,2
100,100,100,100,100,100,100,100,100,96,96,96,609,1
100,100,100,100,100,100,100,100,100,106,106,106,515,2
90,90,90,100,100,100,102,102,102,100,100,100,403,1
100,100,100,100,100,100,100,100,100,98,98,98,544,1
90,90,90,100,100,100,90,90,90,100,100,100,298,2
100,100,100,90,90,90,100,100,100,106,106,106,669,2
110,110,110,100,100,100,110,110,110,100,100,100,165,1
90,90,90,100,100,100,106,106,106,100,100,100,504,1
100,100,100,100,100,100,98,98,98,100,100,100,808,2
110,110,110,100,100,100,110,110,110,100,100,100,396,1
110,110,110,100,100,100,98,98,98,100,100,100,654,2
100,100,100,90,90,90,100,100,100,98,98,98,467,1
100,100,100,100,100,100,100,100,100,98,98,98,610,1
100,100,100,100,100,100,106,106,106,100,100,100,581,1
100,100,100,110,110,110,100,100,100,104,104,104,525,2
100,100,100,90,90,90,100,100,100,106,106,106,372,2
110,110,110,100,100,100,94,94,94,100,100,100,718,2
100,100,100,100,100,100,100,100,100,90,90,90,738,1
100,100,100,110,110,110,100,100,100,100,100,100,754,2
110,110,110,100,100,100,102,102,102,100,100,100,788,1
100,100,100,110,110,110,100,100,100,110,110,110,726,2
110,110,110,100,100,100,90,90,90,100,100,100,122,2
110,110,110,100,100,100,98,98,98,100,100,100,159,2
100,100,100,100,100,100,100,100,100,108,108,108,285,2
100,100,100,100,100,100,100,100,100,104,104,104,910,2
100,100,100,90,90,90,100,100,100,90,90,90,760,1
100,100,100,100,100,100,100,100,100,94,94,94,641,1
100,100,100,100,100,100,100,100,100,100,100,100,710,2
100,100,100,100,100,100,100,100,100,110,110,110,121,2
100,100,100,110,110,110,100,100,100,104,104,104,393,2
100,100,100,100,100,100,100,100,100,96,96,96,972,1
90,90,90,100,100,100,102,102,102,100,100,100,667,1
100,100,100,100,100,100,96,96,96,100,100,100,213,2
90,90,90,100,100,100,96,96,96,100,100,100,961,2
100,100,100,100,100,100,100,100,100,98,98,98,16,1
110,110,110,100,100,100,98,98,98,100,100,100,93,2
100,100,100,100,100,100,108,108,108,100,100,100,219,1
100,100,100,90,90,90,100,100,100,106,106,106,570,2
100,100,100,110,110,110,100,100,100,100,100,100,490,2
100,100,100,110,110,110,100,100,100,106,106,106,262,2
110,110,110,100,100,100,102,102,102,100,100,100,887,1
100,100,100,90,90,90,100,100,100,98,98,98,335,1
100,100,100,90,90,90,100,100,100,100,100,100,732,2
100,100,100,90,90,90,100,100,100,104,104,104,899,2
100,100,100,90,90,90,100,100,100,104,104,104,833,2
100,100,100,110,110,110,100,100,100,94,94,94,817,1
100,100,100,100,100,100,90,90,90,100,100,100,342,2
100,100,100,110,110,110,100,100,100,106,106,106,592,2
100,100,100,90,90,90,100,100,100,98,98,98,764,1
100,100,100,110,110,110,100,100,100,104,104,104,657,2
100,100,100,100,100,100,100,100,100,100,100,100,413,2
100,100,100,110,110,110,100,100,100,106,106,106,427,2
100,100,100,110,110,110,100,100,100,90,90,90,320,1
100,100,100,100,100,100,100,100,100,94,94,94,311,1
100,100,100,110,110,110,100,100,100,90,90,90,749,1
100,100,100,100,100,100,102,102,102,100,100,100,84,1
100,100,100,100,100,100,100,100,100,98,98,98,115,1
100,100,100,90,90,90,100,100,100,104,104,104,239,2
100,100,100,90,90,90,100,100,100,108,108,108,703,2
100,100,100,100,100,100,92,92,92,100,100,100,607,2
100,100,100,110,110,110,100,100,100,110,110,110,330,2
110,110,110,100,100,100,100,100,100,100,100,100,292,1
100,100,100,90,90,90,100,100,100,98,98,98,434,1
100,100,100,100,100,100,100,100,100,104,104,104,745,2
100,100,100,100,100,100,92,92,92,100,100,100,178,2
100,100,100,100,100,100,108,108,108,100,100,100,450,1
110,110,110,100,100,100,98,98,98,100,100,100,423,2
110,110,110,100,100,100,104,104,104,100,100,100,228,1
90,90,90,100,100,100,90,90,90,100,100,100,793,2
100,100,100,100,100,100,100,100,100,90,90,90,804,1
100,100,100,90,90,90,100,100,100,94,94,94,432,1
100,100,100,100,100,100,100,100,100,96,96,96,48,1
110,110,110,100,100,100,96,96,96,100,100,100,554,2
100,100,100,100,100,100,100,100,100,94,94,94,212,1
100,100,100,100,100,100,100,100,100,102,102,102,414,2
100,100,100,100,100,100,90,90,90,100,100,100,12,2
100,100,100,110,110,110,100,100,100,92,92,92,387,1
100,100,100,90,90,90,100,100,100,98,98,98,863,1
90,90,90,100,100,100,100,100,100,100,100,100,435,1
100,100,100,90,90,90,100,100,100,106,106,106,636,2
100,100,100,90,90,90,100,100,100,100,100,100,567,2
100,100,100,100,100,100,100,100,100,98,98,98,577,1
100,100,100,110,110,110,100,100,100,106,106,106,196,2
110,110,110,100,100,100,92,92,92,100,100,100,189,2
100,100,100,100,100,100,102,102,102,100,100,100,51,1
100,100,100,90,90,90,100,100,100,94,94,94,795,1
100,100,100,100,100,100,100,100,100,102,102,102,975,2
100,100,100,100,100,100,90,90,90,100,100,100,672,2
100,100,100,100,100,100,102,102,102,100,100,100,942,1
110,110,110,100,100,100,96,96,96,100,100,100,653,2
100,100,100,100,100,100,104,104,104,100,100,100,250,1
110,110,110,100,100,100,94,94,94,100,100,100,91,2
110,110,110,100,100,100,104,104,104,100,100,100,96,1
110,110,110,100,100,100,96,96,96,100,100,100,950,2
100,100,100,90,90,90,100,100,100,98,98,98,566,1
100,100,100,100,100,100,100,100,100,96,96,96,642,1
100,100,100,100,100,100,100,100,100,98,98,98,775,1
100,100,100,100,100,100,106,106,106,100,100,100,251,1
100,100,100,100,100,100,100,100,100,106,106,106,53,2
110,110,110,100,100,100,102,102,102,100,100,100,293,1
110,110,110,100,100,100,104,104,104,100,100,100,855,1
100,100,100,100,100,100,100,100,100,100,100,100,281,1
100,100,100,110,110,110,100,100,100,102,102,102,95,2
100,100,100,100,100,100,100,100,100,92,92,92,46,1
100,100,100,110,110,110,100,100,100,110,110,110,924,2
100,100,100,100,100,100,98,98,98,100,100,100,313,2
90,90,90,100,100,100,96,96,96,100,100,100,862,2
110,110,110,100,100,100,94,94,94,100,100,100,784,2
100,100,100,100,100,100,100,100,100,100,100,100,347,2
100,100,100,100,100,100,104,104,104,100,100,100,382,1
100,100,100,90,90,90,100,100,100,110,110,110,209,2
100,100,100,90,90,90,100,100,100,96,96,96,433,1
110,110,110,100,100,100,90,90,90,100,100,100,683,2
100,100,100,100,100,100,100,100,100,100,100,100,248,2
100,100,100,110,110,110,100,100,100,92,92,92,57,1
90,90,90,100,100,100,108,108,108,100,100,100,307,1
100,100,100,110,110,110,100,100,100,110,110,110,759,2
100,100,100,100,100,100,100,100,100,96,96,96,378,1
100,100,100,100,100,100,96,96,96,100,100,100,81,2
90,90,90,100,100,100,108,108,108,100,100,100,439,1
100,100,100,100,100,100,90,90,90,100,100,100,771,2
100,100,100,90,90,90,100,100,100,94,94,94,498,1
100,100,100,110,110,110,100,100,100,94,94,94,586,1
100,100,100,90,90,90,100,100,100,104,104,104,107,2
100,100,100,100,100,100,98,98,98,100,100,100,709,2
100,100,100,100,100,100,100,100,100,90,90,90,606,1
90,90,90,100,100,100,106,106,106,100,100,100,240,1
110,110,110,100,100,100,92,92,92,100,100,100,651,2
100,100,100,100,100,100,108,108,108,100,100,100,549,1
100,100,100,100,100,100,100,100,100,100,100,100,116,2
100,100,100,90,90,90,100,100,100,98,98,98,236,1
100,100,100,110,110,110,100,100,100,110,110,110,297,2
110,110,110,100,100,100,96,96,96,100,100,100,785,2
90,90,90,100,100,100,90,90,90,100,100,100,496,2
100,100,100,110,110,110,100,100,100,104,104,104,954,2
100,100,100,100,100,100,100,100,100,108,108,108,384,2
100,100,100,110,110,110,100,100,100,94,94,94,916,1
110,110,110,100,100,100,106,106,106,100,100,100,460,1
90,90,90,100,100,100,100,100,100,100,100,100,171,1
110,110,110,100,100,100,108,108,108,100,100,100,362,1
100,100,100,110,110,110,100,100,100,104,104,104,129,2
90,90,90,100,100,100,110,110,110,100,100,100,176,1
90,90,90,100,100,100,102,102,102,100,100,100,931,1
90,90,90,100,100,100,100,100,100,100,100,100,864,1
100,100,100,100,100,100,100,100,100,98,98,98,49,1
100,100,100,100,100,100,96,96,96,100,100,100,510,2
100,100,100,90,90,90,100,100,100,102,102,102,205,2
90,90,90,100,100,100,110,110,110,100,100,100,836,1
100,100,100,100,100,100,92,92,92,100,100,100,244,2
100,100,100,100,100,100,98,98,98,100,100,100,643,2
100,100,100,100,100,100,100,100,100,92,92,92,937,1
100,100,100,100,100,100,94,94,94,100,100,100,971,2
110,110,110,100,100,100,102,102,102,100,100,100,194,1
110,110,110,100,100,100,96,96,96,100,100,100,92,2
100,100,100,90,90,90,100,100,100,94,94,94,366,1
100,100,100,110,110,110,100,100,100,102,102,102,260,2
110,110,110,100,100,100,96,96,96,100,100,100,158,2
100,100,100,100,100,100,104,104,104,100,100,100,217,1
100,100,100,100,100,100,100,100,100,100,100,100,512,1
100,100,100,100,100,100,100,100,100,106,106,106,746,2
110,110,110,100,100,100,90,90,90,100,100,100,386,2
100,100,100,100,100,100,100,100,100,94,94,94,443,1
100,100,100,100,100,100,110,110,110,100,100,100,847,1
110,110,110,100,100,100,106,106,106,100,100,100,493,1
100,100,100,100,100,100,100,100,100,92,92,92,673,1
100,100,100,100,100,100,100,100,100,90,90,90,903,1
110,110,110,100,100,100,94,94,94,100,100,100,223,2
100,100,100,110,110,110,100,100,100,108,108,108,230,2
90,90,90,100,100,100,96,96,96,100,100,100,829,2
110,110,110,100,100,100,110,110,110,100,100,100,660,1
100,100,100,100,100,100,100,100,100,108,108,108,978,2
100,100,100,100,100,100,100,100,100,104,104,104,613,2
100,100,100,90,90,90,100,100,100,98,98,98,797,1
100,100,100,90,90,90,100,100,100,110,110,110,407,2
90,90,90,100,100,100,92,92,92,100,100,100,2,2
100,100,100,100,100,100,96,96,96,100,100,100,708,2
90,90,90,100,100,100,106,106,106,100,100,100,471,1
100,100,100,100,100,100,100,100,100,108,108,108,417,2
100,100,100,100,100,100,100,100,100,94,94,94,806,1
110,110,110,100,100,100,98,98,98,100,100,100,456,2
100,100,100,90,90,90,100,100,100,90,90,90,100,1
100,100,100,100,100,100,94,94,94,100,100,100,608,2
90,90,90,100,100,100,106,106,106,100,100,100,735,1
110,110,110,100,100,100,96,96,96,100,100,100,884,2
100,100,100,100,100,100,96,96,96,100,100,100,873,2
90,90,90,100,100,100,108,108,108,100,100,100,901,1
100,100,100,100,100,100,100,100,100,104,104,104,679,2
110,110,110,100,100,100,96,96,96,100,100,100,422,2
100,100,100,90,90,90,100,100,100,94,94,94,102,1
90,90,90,100,100,100,110,110,110,100,100,100,110,1
100,100,100,110,110,110,100,100,100,98,98,98,951,1
100,100,100,110,110,110,100,100,100,102,102,102,590,2
100,100,100,100,100,100,106,106,106,100,100,100,680,1
100,100,100,110,110,110,100,100,100,98,98,98,225,1
100,100,100,90,90,90,100,100,100,96,96,96,928,1
100,100,100,90,90,90,100,100,100,98,98,98,830,1
100,100,100,90,90,90,100,100,100,92,92,92,728,1
100,100,100,100,100,100,100,100,100,92,92,92,475,1
100,100,100,110,110,110,100,100,100,102,102,102,524,2
100,100,100,90,90,90,100,100,100,108,108,108,538,2
100,100,100,90,90,90,100,100,100,106,106,106,306,2
100,100,100,110,110,110,100,100,100,92,92,92,420,1
100,100,100,100,100,100,100,100,100,100,100,100,380,1
90,90,90,100,100,100,110,110,110,100,100,100,737,1
100,100,100,100,100,100,100,100,100,100,100,100,644,1
100,100,100,90,90,90,100,100,100,96,96,96,400,1
110,110,110,100,100,100,96,96,96,100,100,100,587,2
110,110,110,100,100,100,94,94,94,100,100,100,751,2
100,100,100,110,110,110,100,100,100,108,108,108,560,2
110,110,110,100,100,100,90,90,90,100,100,100,782,2
100,100,100,90,90,90,100,100,100,96,96,96,565,1
100,100,100,90,90,90,100,100,100,96,96,96,466,1
100,100,100,100,100,100,100,100,100,100,100,100,182,2
110,110,110,100,100,100,106,106,106,100,100,100,724,1
100,100,100,110,110,110,100,100,100,102,102,102,920,2
100,100,100,110,110,110,100,100,100,98,98,98,390,1
100,100,100,100,100,100,100,100,100,106,106,106,779,2
100,100,100,110,110,110,100,100,100,100,100,100,61,2
110,110,110,100,100,100,100,100,100,100,100,100,919,1
110,110,110,100,100,100,106,106,106,100,100,100,625,1
100,100,100,100,100,100,102,102,102,100,100,100,282,1
100,100,100,90,90,90,100,100,100,110,110,110,275,2
100,100,100,100,100,100,102,102,102,100,100,100,150,1
110,110,110,100,100,100,94,94,94,100,100,100,322,2
100,100,100,100,100,100,108,108,108,100,100,100,945,1
100,100,100,100,100,100,102,102,102,100,100,100,711,1
100,100,100,100,100,100,90,90,90,100,100,100,276,2
100,100,100,100,100,100,100,100,100,106,106,106,713,2
90,90,90,100,100,100,94,94,94,100,100,100,267,2
110,110,110,100,100,100,100,100,100,100,100,100,424,1
100,100,100,90,90,90,100,100,100,104,104,104,371,2
100,100,100,100,100,100,100,100,100,100,100,100,149,2
110,110,110,100,100,100,96,96,96,100,100,100,26,2
100,100,100,100,100,100,100,100,100,104,104,104,943,2
100,100,100,110,110,110,100,100,100,102,102,102,755,2
100,100,100,100,100,100,100,100,100,110,110,110,418,2
100,100,100,100,100,100,102,102,102,100,100,100,117,1
90,90,90,100,100,100,92,92,92,100,100,100,299,2
100,100,100,110,110,110,100,100,100,108,108,108,263,2
100,100,100,90,90,90,100,100,100,96,96,96,763,1
100,100,100,100,100,100,100,100,100,100,100,100,17,1
110,110,110,100,100,100,110,110,110,100,100,100,99,1
100,100,100,110,110,110,100,100,100,98,98,98,522,1
100,100,100,110,110,110,100,100,100,110,110,110,33,2
100,100,100,110,110,110,100,100,100,100,100,100,226,2
110,110,110,100,100,100,108,108,108,100,100,100,131,1
90,90,90,100,100,100,90,90,90,100,100,100,562,2
100,100,100,100,100,100,108,108,108,100,100,100,252,1
100,100,100,100,100,100,104,104,104,100,100,100,646,1
100,100,100,90,90,90,100,100,100,94,94,94,696,1
100,100,100,100,100,100,100,100,100,100,100,100,941,1
100,100,100,110,110,110,100,100,100,98,98,98,258,1
100,100,100,100,100,100,100,100,100,106,106,106,383,2
100,100,100,100,100,100,100,100,100,110,110,110,385,2
90,90,90,100,100,100,104,104,104,100,100,100,272,1
110,110,110,100,100,100,92,92,92,100,100,100,486,2
100,100,100,100,100,100,108,108,108,100,100,100,813,1
100,100,100,100,100,100,100,100,100,108,108,108,747,2
100,100,100,110,110,110,100,100,100,92,92,92,783,1
100,100,100,100,100,100,100,100,100,100,100,100,908,1
110,110,110,100,100,100,106,106,106,100,100,100,229,1
100,100,100,100,100,100,110,110,110,100,100,100,484,1
100,100,100,100,100,100,100,100,100,92,92,92,739,1
100,100,100,100,100,100,100,100,100,108,108,108,681,2
100,100,100,100,100,100,100,100,100,92,92,92,541,1
100,100,100,110,110,110,100,100,100,102,102,102,227,2
100,100,100,110,110,110,100,100,100,110,110,110,825,2
100,100,100,100,100,100,100,100,100,94,94,94,179,1
100,100,100,100,100,100,98,98,98,100,100,100,907,2
100,100,100,90,90,90,100,100,100,108,108,108,241,2
100,100,100,110,110,110,100,100,100,98,98,98,753,1
100,100,100,100,100,100,108,108,108,100,100,100,54,1
100,100,100,90,90,90,100,100,100,90,90,90,463,1
100,100,100,100,100,100,100,100,100,102,102,102,909,2
90,90,90,100,100,100,96,96,96,100,100,100,136,2
110,110,110,100,100,100,108,108,108,100,100,100,725,1
90,90,90,100,100,100,96,96,96,100,100,100,796,2
100,100,100,100,100,100,100,100,100,94,94,94,905,1
100,100,100,100,100,100,104,104,104,100,100,100,19,1
100,100,100,100,100,100,110,110,110,100,100,100,616,1
100,100,100,100,100,100,100,100,100,92,92,92,640,1
110,110,110,100,100,100,108,108,108,100,100,100,494,1
100,100,100,100,100,100,98,98,98,100,100,100,973,2
90,90,90,100,100,100,94,94,94,100,100,100,630,2
100,100,100,90,90,90,100,100,100,98,98,98,5,1
100,100,100,100,100,100,100,100,100,102,102,102,843,2
100,100,100,100,100,100,110,110,110,100,100,100,352,1
100,100,100,110,110,110,100,100,100,94,94,94,58,1
100,100,100,100,100,100,102,102,102,100,100,100,447,1
100,100,100,110,110,110,100,100,100,96,96,96,851,1
100,100,100,110,110,110,100,100,100,92,92,92,354,1
100,100,100,100,100,100,90,90,90,100,100,100,870,2
110,110,110,100,100,100,110,110,110,100,100,100,858,1
100,100,100,90,90,90,100,100,100,110,110,110,605,2
100,100,100,100,100,100,98,98,98,100,100,100,280,2
100,100,100,100,100,100,100,100,100,110,110,110,748,2
100,100,100,90,90,90,100,100,100,106,106,106,339,2
100,100,100,90,90,90,100,100,100,102,102,102,568,2
100,100,100,110,110,110,100,100,100,98,98,98,324,1
110,110,110,100,100,100,110,110,110,100,100,100,561,1
90,90,90,100,100,100,90,90,90,100,100,100,727,2
100,100,100,100,100,100,92,92,92,100,100,100,508,2
100,100,100,110,110,110,100,100,100,108,108,108,296,2
100,100,100,100,100,100,94,94,94,100,100,100,740,2
100,100,100,100,100,100,96,96,96,100,100,100,147,2
90,90,90,100,100,100,94,94,94,100,100,100,168,2
90,90,90,100,100,100,108,108,108,100,100,100,109,1
100,100,100,90,90,90,100,100,100,90,90,90,166,1
110,110,110,100,100,100,104,104,104,100,100,100,30,1
100,100,100,100,100,100,94,94,94,100,100,100,773,2
110,110,110,100,100,100,100,100,100,100,100,100,721,1
100,100,100,110,110,110,100,100,100,102,102,102,953,2
110,110,110,100,100,100,92,92,92,100,100,100,684,2
100,100,100,100,100,100,94,94,94,100,100,100,938,2
100,100,100,110,110,110,100,100,100,102,102,102,29,2
100,100,100,100,100,100,96,96,96,100,100,100,477,2
100,100,100,100,100,100,100,100,100,102,102,102,612,2
90,90,90,100,100,100,92,92,92,100,100,100,530,2
100,100,100,110,110,110,100,100,100,96,96,96,455,1
110,110,110,100,100,100,98,98,98,100,100,100,192,2
90,90,90,100,100,100,96,96,96,100,100,100,532,2
100,100,100,90,90,90,100,100,100,106,106,106,603,2
110,110,110,100,100,100,104,104,104,100,100,100,492,1
100,100,100,110,110,110,100,100,100,100,100,100,160,2
100,100,100,110,110,110,100,100,100,108,108,108,329,2
90,90,90,100,100,100,100,100,100,100,100,100,237,1
100,100,100,100,100,100,96,96,96,100,100,100,312,2
100,100,100,110,110,110,100,100,100,102,102,102,854,2
100,100,100,100,100,100,100,100,100,100,100,100,83,2
100,100,100,110,110,110,100,100,100,96,96,96,323,1
100,100,100,100,100,100,92,92,92,100,100,100,13,2
100,100,100,110,110,110,100,100,100,92,92,92,750,1
110,110,110,100,100,100,90,90,90,100,100,100,650,2
100,100,100,100,100,100,106,106,106,100,100,100,284,1
100,100,100,100,100,100,98,98,98,100,100,100,445,2
100,100,100,100,100,100,100,100,100,110,110,110,88,2
100,100,100,100,100,100,100,100,100,106,106,106,185,2
110,110,110,100,100,100,90,90,90,100,100,100,452,2
100,100,100,100,100,100,100,100,100,104,104,104,118,2
90,90,90,100,100,100,90,90,90,100,100,100,265,2
90,90,90,100,100,100,90,90,90,100,100,100,1,2
110,110,110,100,100,100,92,92,92,100,100,100,519,2
100,100,100,110,110,110,100,100,100,100,100,100,28,2
110,110,110,100,100,100,90,90,90,100,100,100,815,2
90,90,90,100,100,100,100,100,100,100,100,100,204,1
110,110,110,100,100,100,102,102,102,100,100,100,722,1
100,100,100,90,90,90,100,100,100,90,90,90,661,1
100,100,100,90,90,90,100,100,100,104,104,104,74,2
110,110,110,100,100,100,106,106,106,100,100,100,31,1
110,110,110,100,100,100,96,96,96,100,100,100,620,2
90,90,90,100,100,100,92,92,92,100,100,100,365,2
100,100,100,110,110,110,100,100,100,106,106,106,394,2
90,90,90,100,100,100,96,96,96,100,100,100,235,2
100,100,100,100,100,100,100,100,100,90,90,90,936,1
110,110,110,100,100,100,96,96,96,100,100,100,752,2
110,110,110,100,100,100,92,92,92,100,100,100,585,2
100,100,100,100,100,100,100,100,100,92,92,92,310,1
100,100,100,100,100,100,100,100,100,104,104,104,349,2
90,90,90,100,100,100,100,100,100,100,100,100,831,1
100,100,100,90,90,90,100,100,100,96,96,96,202,1
100,100,100,90,90,90,100,100,100,108,108,108,373,2
100,100,100,100,100,100,100,100,100,110,110,110,451,2
100,100,100,110,110,110,100,100,100,108,108,108,923,2
100,100,100,100,100,100,110,110,110,100,100,100,550,1
100,100,100,100,100,100,90,90,90,100,100,100,408,2
100,100,100,90,90,90,100,100,100,100,100,100,72,2
100,100,100,100,100,100,100,100,100,108,108,108,483,2
100,100,100,110,110,110,100,100,100,96,96,96,191,1
100,100,100,100,100,100,100,100,100,92,92,92,706,1
100,100,100,100,100,100,100,100,100,102,102,102,546,2
100,100,100,100,100,100,100,100,100,90,90,90,177,1
100,100,100,100,100,100,96,96,96,100,100,100,543,2
100,100,100,90,90,90,100,100,100,94,94,94,465,1
90,90,90,100,100,100,90,90,90,100,100,100,199,2
100,100,100,100,100,100,96,96,96,100,100,100,345,2
100,100,100,90,90,90,100,100,100,102,102,102,172,2
110,110,110,100,100,100,96,96,96,100,100,100,818,2
90,90,90,100,100,100,96,96,96,100,100,100,334,2
100,100,100,100,100,100,100,100,100,110,110,110,913,2
100,100,100,90,90,90,100,100,100,96,96,96,103,1
90,90,90,100,100,100,94,94,94,100,100,100,201,2
110,110,110,100,100,100,106,106,106,100,100,100,361,1
90,90,90,100,100,100,106,106,106,100,100,100,768,1
90,90,90,100,100,100,100,100,100,100,100,100,468,1
100,100,100,90,90,90,100,100,100,98,98,98,269,1
100,100,100,110,110,110,100,100,100,110,110,110,462,2
100,100,100,100,100,100,100,100,100,102,102,102,645,2
100,100,100,90,90,90,100,100,100,92,92,92,101,1
100,100,100,100,100,100,100,100,100,110,110,110,649,2
100,100,100,90,90,90,100,100,100,92,92,92,629,1
100,100,100,90,90,90,100,100,100,102,102,102,40,2
100,100,100,100,100,100,100,100,100,94,94,94,542,1
110,110,110,100,100,100,94,94,94,100,100,100,850,2
100,100,100,100,100,100,96,96,96,100,100,100,774,2
110,110,110,100,100,100,100,100,100,100,100,100,193,1
90,90,90,100,100,100,108,108,108,100,100,100,571,1
110,110,110,100,100,100,92,92,92,100,100,100,453,2
110,110,110,100,100,100,108,108,108,100,100,100,791,1
100,100,100,90,90,90,100,100,100,106,106,106,141,2
100,100,100,90,90,90,100,100,100,110,110,110,770,2
100,100,100,110,110,110,100,100,100,108,108,108,593,2
100,100,100,100,100,100,100,100,100,90,90,90,144,1
90,90,90,100,100,100,106,106,106,100,100,100,42,1
100,100,100,110,110,110,100,100,100,92,92,92,321,1
100,100,100,90,90,90,100,100,100,96,96,96,37,1
100,100,100,100,100,100,100,100,100,100,100,100,215,2
100,100,100,100,100,100,100,100,100,108,108,108,351,2
100,100,100,90,90,90,100,100,100,108,108,108,736,2
110,110,110,100,100,100,94,94,94,100,100,100,652,2
100,100,100,100,100,100,100,100,100,90,90,90,705,1
100,100,100,100,100,100,100,100,100,102,102,102,183,2
100,100,100,100,100,100,92,92,92,100,100,100,409,2
90,90,90,100,100,100,100,100,100,100,100,100,369,1
100,100,100,100,100,100,100,100,100,100,100,100,776,2
100,100,100,100,100,100,100,100,100,108,108,108,780,2
100,100,100,110,110,110,100,100,100,96,96,96,983,1
90,90,90,100,100,100,106,106,106,100,100,100,537,1
100,100,100,90,90,90,100,100,100,90,90,90,628,1
100,100,100,100,100,100,100,100,100,98,98,98,841,1
90,90,90,100,100,100,110,110,110,100,100,100,704,1
100,100,100,90,90,90,100,100,100,90,90,90,364,1
100,100,100,100,100,100,98,98,98,100,100,100,247,2
100,100,100,100,100,100,100,100,100,90,90,90,309,1
90,90,90,100,100,100,106,106,106,100,100,100,933,1
100,100,100,100,100,100,102,102,102,100,100,100,810,1
110,110,110,100,100,100,90,90,90,100,100,100,617,2
100,100,100,100,100,100,100,100,100,96,96,96,246,1
100,100,100,100,100,100,100,100,100,108,108,108,153,2
100,100,100,90,90,90,100,100,100,94,94,94,564,1
100,100,100,100,100,100,110,110,110,100,100,100,583,1
100,100,100,110,110,110,100,100,100,90,90,90,287,1
100,100,100,100,100,100,92,92,92,100,100,100,838,2
100,100,100,100,100,100,96,96,96,100,100,100,15,2
110,110,110,100,100,100,96,96,96,100,100,100,917,2
90,90,90,100,100,100,100,100,100,100,100,100,138,1
100,100,100,100,100,100,108,108,108,100,100,100,516,1
100,100,100,100,100,100,100,100,100,90,90,90,507,1
100,100,100,100,100,100,106,106,106,100,100,100,152,1
110,110,110,100,100,100,96,96,96,100,100,100,389,2
100,100,100,100,100,100,104,104,104,100,100,100,415,1
100,100,100,100,100,100,104,104,104,100,100,100,514,1
110,110,110,100,100,100,92,92,92,100,100,100,255,2
110,110,110,100,100,100,98,98,98,100,100,100,885,2
110,110,110,100,100,100,104,104,104,100,100,100,195,1
100,100,100,100,100,100,104,104,104,100,100,100,151,1
100,100,100,100,100,100,104,104,104,100,100,100,184,1
100,100,100,100,100,100,98,98,98,100,100,100,742,2
100,100,100,110,110,110,100,100,100,98,98,98,621,1
90,90,90,100,100,100,110,110,110,100,100,100,473,1
90,90,90,100,100,100,108,108,108,100,100,100,802,1
90,90,90,100,100,100,104,104,104,100,100,100,767,1
100,100,100,110,110,110,100,100,100,110,110,110,198,2
90,90,90,100,100,100,90,90,90,100,100,100,859,2
110,110,110,100,100,100,90,90,90,100,100,100,584,2
100,100,100,100,100,100,106,106,106,100,100,100,911,1
100,100,100,100,100,100,90,90,90,100,100,100,45,2
110,110,110,100,100,100,100,100,100,100,100,100,622,1
110,110,110,100,100,100,108,108,108,100,100,100,32,1
100,100,100,100,100,100,102,102,102,100,100,100,513,1
100,100,100,100,100,100,96,96,96,100,100,100,114,2
100,100,100,100,100,100,100,100,100,110,110,110,946,2
110,110,110,100,100,100,90,90,90,100,100,100,518,2
100,100,100,110,110,110,100,100,100,92,92,92,816,1
110,110,110,100,100,100,110,110,110,100,100,100,363,1
110,110,110,100,100,100,98,98,98,100,100,100,786,2
100,100,100,110,110,110,100,100,100,94,94,94,982,1
100,100,100,90,90,90,100,100,100,102,102,102,304,2
100,100,100,100,100,100,96,96,96,100,100,100,444,2
100,100,100,100,100,100,96,96,96,100,100,100,411,2
100,100,100,100,100,100,100,100,100,92,92,92,904,1
100,100,100,110,110,110,100,100,100,90,90,90,23,1
100,100,100,110,110,110,100,100,100,102,102,102,425,2
100,100,100,110,110,110,100,100,100,108,108,108,197,2
110,110,110,100,100,100,110,110,110,100,100,100,495,1
100,100,100,90,90,90,100,100,100,106,106,106,834,2
100,100,100,100,100,100,106,106,106,100,100,100,812,1
100,100,100,90,90,90,100,100,100,92,92,92,68,1
100,100,100,90,90,90,100,100,100,94,94,94,960,1
110,110,110,100,100,100,104,104,104,100,100,100,63,1
100,100,100,110,110,110,100,100,100,104,104,104,723,2
100,100,100,90,90,90,100,100,100,110,110,110,440,2
110,110,110,100,100,100,94,94,94,100,100,100,190,2
100,100,100,110,110,110,100,100,100,110,110,110,627,2
100,100,100,100,100,100,94,94,94,100,100,100,509,2
100,100,100,90,90,90,100,100,100,108,108,108,175,2
100,100,100,90,90,90,100,100,100,100,100,100,699,2
100,100,100,110,110,110,100,100,100,108,108,108,65,2
100,100,100,90,90,90,100,100,100,92,92,92,926,1
100,100,100,100,100,100,100,100,100,100,100,100,314,2
100,100,100,110,110,110,100,100,100,98,98,98,918,1
100,100,100,100,100,100,100,100,100,110,110,110,814,2
100,100,100,100,100,100,92,92,92,100,100,100,79,2
110,110,110,100,100,100,94,94,94,100,100,100,487,2
100,100,100,90,90,90,100,100,100,108,108,108,868,2
90,90,90,100,100,100,90,90,90,100,100,100,529,2
100,100,100,90,90,90,100,100,100,92,92,92,497,1
90,90,90,100,100,100,110,110,110,100,100,100,77,1
100,100,100,100,100,100,100,100,100,98,98,98,874,1
100,100,100,110,110,110,100,100,100,98,98,98,489,1
100,100,100,100,100,100,100,100,100,96,96,96,807,1
100,100,100,100,100,100,98,98,98,100,100,100,346,2
110,110,110,100,100,100,94,94,94,100,100,100,256,2
100,100,100,110,110,110,100,100,100,98,98,98,852,1
100,100,100,110,110,110,100,100,100,94,94,94,124,1
100,100,100,90,90,90,100,100,100,108,108,108,967,2
100,100,100,90,90,90,100,100,100,102,102,102,700,2
110,110,110,100,100,100,90,90,90,100,100,100,155,2
100,100,100,100,100,100,100,100,100,94,94,94,278,1
100,100,100,110,110,110,100,100,100,90,90,90,914,1
100,100,100,100,100,100,100,100,100,100,100,100,974,2
100,100,100,110,110,110,100,100,100,104,104,104,789,2
90,90,90,100,100,100,108,108,108,100,100,100,10,1
100,100,100,100,100,100,96,96,96,100,100,100,180,2
90,90,90,100,100,100,94,94,94,100,100,100,3,2
100,100,100,110,110,110,100,100,100,110,110,110,792,2
90,90,90,100,100,100,104,104,104,100,100,100,602,1
100,100,100,90,90,90,100,100,100,90,90,90,958,1
100,100,100,90,90,90,100,100,100,102,102,102,898,2
100,100,100,100,100,100,100,100,100,100,100,100,611,2
100,100,100,90,90,90,100,100,100,96,96,96,169,1
90,90,90,100,100,100,94,94,94,100,100,100,861,2
100,100,100,110,110,110,100,100,100,90,90,90,980,1
100,100,100,100,100,100,106,106,106,100,100,100,944,1
100,100,100,100,100,100,100,100,100,108,108,108,87,2
100,100,100,100,100,100,110,110,110,100,100,100,22,1
90,90,90,100,100,100,102,102,102,100,100,100,634,1
90,90,90,100,100,100,98,98,98,100,100,100,302,2
100,100,100,110,110,110,100,100,100,106,106,106,922,2
100,100,100,100,100,100,102,102,102,100,100,100,777,1
100,100,100,100,100,100,100,100,100,90,90,90,639,1
100,100,100,90,90,90,100,100,100,108,108,108,142,2
90,90,90,100,100,100,92,92,92,100,100,100,794,2
100,100,100,100,100,100,92,92,92,100,100,100,376,2
100,100,100,90,90,90,100,100,100,98,98,98,665,1
100,100,100,110,110,110,100,100,100,96,96,96,224,1
110,110,110,100,100,100,106,106,106,100,100,100,757,1
100,100,100,100,100,100,100,100,100,110,110,110,715,2
100,100,100,90,90,90,100,100,100,102,102,102,436,2
100,100,100,90,90,90,100,100,100,102,102,102,964,2
110,110,110,100,100,100,106,106,106,100,100,100,64,1
90,90,90,100,100,100,100,100,100,100,100,100,501,1
100,100,100,100,100,100,100,100,100,110,110,110,55,2
100,100,100,90,90,90,100,100,100,102,102,102,370,2
100,100,100,100,100,100,100,100,100,96,96,96,675,1
110,110,110,100,100,100,100,100,100,100,100,100,787,1
110,110,110,100,100,100,110,110,110,100,100,100,66,1
100,100,100,90,90,90,100,100,100,106,106,106,966,2
90,90,90,100,100,100,98,98,98,100,100,100,896,2
100,100,100,90,90,90,100,100,100,92,92,92,233,1
110,110,110,100,100,100,108,108,108,100,100,100,626,1
100,100,100,100,100,100,100,100,100,100,100,100,743,2
110,110,110,100,100,100,98,98,98,100,100,100,984,2
100,100,100,90,90,90,100,100,100,102,102,102,865,2
100,100,100,110,110,110,100,100,100,100,100,100,127,2
100,100,100,100,100,100,98,98,98,100,100,100,940,2
100,100,100,100,100,100,98,98,98,100,100,100,82,2
90,90,90,100,100,100,106,106,106,100,100,100,900,1
100,100,100,90,90,90,100,100,100,104,104,104,305,2
100,100,100,110,110,110,100,100,100,102,102,102,359,2
100,100,100,100,100,100,100,100,100,104,104,104,448,2
110,110,110,100,100,100,94,94,94,100,100,100,685,2
90,90,90,100,100,100,92,92,92,100,100,100,827,2
100,100,100,90,90,90,100,100,100,100,100,100,963,2
100,100,100,90,90,90,100,100,100,100,100,100,897,2
100,100,100,90,90,90,100,100,100,104,104,104,569,2
100,100,100,100,100,100,100,100,100,98,98,98,181,1
90,90,90,100,100,100,106,106,106,100,100,100,9,1
90,90,90,100,100,100,106,106,106,100,100,100,174,1
100,100,100,100,100,100,104,104,104,100,100,100,811,1
100,100,100,90,90,90,100,100,100,96,96,96,367,1
100,100,100,110,110,110,100,100,100,92,92,92,915,1
90,90,90,100,100,100,110,110,110,100,100,100,968,1
100,100,100,110,110,110,100,100,100,106,106,106,526,2
100,100,100,100,100,100,100,100,100,96,96,96,840,1
100,100,100,110,110,110,100,100,100,102,102,102,656,2
100,100,100,100,100,100,90,90,90,100,100,100,969,2
100,100,100,100,100,100,100,100,100,94,94,94,872,1
110,110,110,100,100,100,92,92,92,100,100,100,849,2
110,110,110,100,100,100,110,110,110,100,100,100,132,1
100,100,100,100,100,100,104,104,104,100,100,100,712,1
100,100,100,100,100,100,100,100,100,108,108,108,846,2
100,100,100,100,100,100,90,90,90,100,100,100,540,2
90,90,90,100,100,100,100,100,100,100,100,100,930,1
110,110,110,100,100,100,108,108,108,100,100,100,659,1
100,100,100,90,90,90,100,100,100,108,108,108,835,2
100,100,100,100,100,100,94,94,94,100,100,100,674,2
110,110,110,100,100,100,104,104,104,100,100,100,162,1
100,100,100,90,90,90,100,100,100,90,90,90,397,1
110,110,110,100,100,100,106,106,106,100,100,100,691,1
100,100,100,100,100,100,100,100,100,108,108,108,318,2
100,100,100,110,110,110,100,100,100,96,96,96,125,1
90,90,90,100,100,100,108,108,108,100,100,100,505,1
100,100,100,90,90,90,100,100,100,98,98,98,698,1
90,90,90,100,100,100,90,90,90,100,100,100,67,2
100,100,100,90,90,90,100,100,100,96,96,96,697,1
100,100,100,100,100,100,110,110,110,100,100,100,154,1
100,100,100,100,100,100,100,100,100,96,96,96,576,1
100,100,100,110,110,110,100,100,100,100,100,100,820,2
100,100,100,100,100,100,104,104,104,100,100,100,85,1
100,100,100,100,100,100,100,100,100,104,104,104,580,2
110,110,110,100,100,100,96,96,96,100,100,100,488,2
110,110,110,100,100,100,100,100,100,100,100,100,94,1
100,100,100,110,110,110,100,100,100,106,106,106,790,2
100,100,100,100,100,100,100,100,100,98,98,98,214,1
100,100,100,100,100,100,100,100,100,94,94,94,476,1
90,90,90,100,100,100,110,110,110,100,100,100,374,1
100,100,100,100,100,100,94,94,94,100,100,100,575,2
90,90,90,100,100,100,94,94,94,100,100,100,894,2
100,100,100,90,90,90,100,100,100,90,90,90,133,1
100,100,100,110,110,110,100,100,100,94,94,94,454,1
100,100,100,110,110,110,100,100,100,108,108,108,428,2
100,100,100,90,90,90,100,100,100,104,104,104,503,2
90,90,90,100,100,100,108,108,108,100,100,100,340,1
100,100,100,90,90,90,100,100,100,104,104,104,965,2
90,90,90,100,100,100,94,94,94,100,100,100,828,2
100,100,100,100,100,100,94,94,94,100,100,100,377,2
100,100,100,110,110,110,100,100,100,108,108,108,857,2
100,100,100,90,90,90,100,100,100,94,94,94,300,1
110,110,110,100,100,100,104,104,104,100,100,100,822,1
100,100,100,90,90,90,100,100,100,106,106,106,405,2
100,100,100,100,100,100,94,94,94,100,100,100,245,2
100,100,100,90,90,90,100,100,100,92,92,92,431,1
90,90,90,100,100,100,106,106,106,100,100,100,273,1
90,90,90,100,100,100,110,110,110,100,100,100,308,1
100,100,100,100,100,100,100,100,100,90,90,90,243,1
110,110,110,100,100,100,96,96,96,100,100,100,356,2
90,90,90,100,100,100,104,104,104,100,100,100,800,1
90,90,90,100,100,100,90,90,90,100,100,100,925,2
90,90,90,100,100,100,94,94,94,100,100,100,597,2
100,100,100,100,100,100,90,90,90,100,100,100,837,2
110,110,110,100,100,100,100,100,100,100,100,100,259,1
100,100,100,110,110,110,100,100,100,106,106,106,988,2
100,100,100,100,100,100,102,102,102,100,100,100,381,1
90,90,90,100,100,100,102,102,102,100,100,100,502,1
100,100,100,110,110,110,100,100,100,98,98,98,291,1
100,100,100,90,90,90,100,100,100,102,102,102,139,2
100,100,100,100,100,100,100,100,100,104,104,104,481,2
110,110,110,100,100,100,92,92,92,100,100,100,123,2
110,110,110,100,100,100,104,104,104,100,100,100,987,1
100,100,100,90,90,90,100,100,100,92,92,92,893,1
90,90,90,100,100,100,102,102,102,100,100,100,337,1
100,100,100,100,100,100,106,106,106,100,100,100,614,1
100,100,100,90,90,90,100,100,100,102,102,102,733,2
110,110,110,100,100,100,110,110,110,100,100,100,594,1
100,100,100,110,110,110,100,100,100,94,94,94,619,1
100,100,100,110,110,110,100,100,100,94,94,94,883,1
100,100,100,110,110,110,100,100,100,90,90,90,947,1
110,110,110,100,100,100,90,90,90,100,100,100,188,2
90,90,90,100,100,100,94,94,94,100,100,100,333,2
100,100,100,110,110,110,100,100,100,98,98,98,819,1
100,100,100,100,100,100,110,110,110,100,100,100,319,1
110,110,110,100,100,100,98,98,98,100,100,100,126,2
100,100,100,90,90,90,100,100,100,108,108,108,637,2
100,100,100,90,90,90,100,100,100,102,102,102,469,2
100,100,100,100,100,100,110,110,110,100,100,100,682,1
110,110,110,100,100,100,98,98,98,100,100,100,60,2
100,100,100,110,110,110,100,100,100,90,90,90,848,1
100,100,100,100,100,100,90,90,90,100,100,100,375,2
100,100,100,100,100,100,100,100,100,100,100,100,809,1
90,90,90,100,100,100,106,106,106,100,100,100,702,1
90,90,90,100,100,100,92,92,92,100,100,100,596,2
100,100,100,90,90,90,100,100,100,94,94,94,927,1
100,100,100,100,100,100,102,102,102,100,100,100,249,1
100,100,100,90,90,90,100,100,100,92,92,92,266,1
100,100,100,90,90,90,100,100,100,104,104,104,41,2
90,90,90,100,100,100,90,90,90,100,100,100,694,2
100,100,100,100,100,100,100,100,100,94,94,94,410,1
110,110,110,100,100,100,96,96,96,100,100,100,257,2
100,100,100,90,90,90,100,100,100,110,110,110,638,2
90,90,90,100,100,100,110,110,110,100,100,100,803,1
90,90,90,100,100,100,96,96,96,100,100,100,301,2
100,100,100,100,100,100,106,106,106,100,100,100,317,1
100,100,100,110,110,110,100,100,100,96,96,96,521,1
110,110,110,100,100,100,98,98,98,100,100,100,555,2
100,100,100,90,90,90,100,100,100,110,110,110,869,2
100,100,100,100,100,100,104,104,104,100,100,100,877,1
100,100,100,100,100,100,100,100,100,106,106,106,845,2
100,100,100,90,90,90,100,100,100,94,94,94,663,1
100,100,100,100,100,100,110,110,110,100,100,100,517,1
90,90,90,100,100,100,96,96,96,100,100,100,598,2
90,90,90,100,100,100,106,106,106,100,100,100,867,1
100,100,100,110,110,110,100,100,100,100,100,100,688,2
110,110,110,100,100,100,98,98,98,100,100,100,357,2
110,110,110,100,100,100,106,106,106,100,100,100,163,1
100,100,100,110,110,110,100,100,100,90,90,90,221,1
100,100,100,110,110,110,100,100,100,104,104,104,327,2
90,90,90,100,100,100,102,102,102,100,100,100,7,1
100,100,100,90,90,90,100,100,100,110,110,110,341,2
100,100,100,90,90,90,100,100,100,96,96,96,895,1
90,90,90,100,100,100,102,102,102,100,100,100,271,1
90,90,90,100,100,100,102,102,102,100,100,100,799,1
100,100,100,100,100,100,98,98,98,100,100,100,379,2
100,100,100,100,100,100,100,100,100,96,96,96,279,1
100,100,100,110,110,110,100,100,100,106,106,106,130,2
90,90,90,100,100,100,100,100,100,100,100,100,402,1
100,100,100,100,100,100,110,110,110,100,100,100,187,1
110,110,110,100,100,100,106,106,106,100,100,100,97,1
100,100,100,110,110,110,100,100,100,92,92,92,288,1
110,110,110,100,100,100,110,110,110,100,100,100,990,1
100,100,100,110,110,110,100,100,100,94,94,94,388,1
100,100,100,90,90,90,100,100,100,104,104,104,8,2
110,110,110,100,100,100,110,110,110,100,100,100,891,1
100,100,100,100,100,100,100,100,100,110,110,110,253,2
100,100,100,100,100,100,100,100,100,104,104,104,547,2
100,100,100,100,100,100,100,100,100,90,90,90,210,1
90,90,90,100,100,100,106,106,106,100,100,100,438,1
100,100,100,100,100,100,100,100,100,100,100,100,677,2
100,100,100,110,110,110,100,100,100,90,90,90,56,1
100,100,100,100,100,100,100,100,100,100,100,100,446,2
100,100,100,90,90,90,100,100,100,92,92,92,332,1
100,100,100,110,110,110,100,100,100,108,108,108,98,2
100,100,100,100,100,100,90,90,90,100,100,100,78,2
100,100,100,90,90,90,100,100,100,92,92,92,662,1
90,90,90,100,100,100,104,104,104,100,100,100,173,1
110,110,110,100,100,100,102,102,102,100,100,100,623,1
100,100,100,90,90,90,100,100,100,92,92,92,464,1
100,100,100,100,100,100,100,100,100,100,100,100,479,2
100,100,100,100,100,100,94,94,94,100,100,100,146,2
100,100,100,110,110,110,100,100,100,106,106,106,328,2
100,100,100,110,110,110,100,100,100,102,102,102,689,2
100,100,100,90,90,90,100,100,100,98,98,98,962,1
100,100,100,90,90,90,100,100,100,102,102,102,73,2
100,100,100,100,100,100,100,100,100,102,102,102,216,2
100,100,100,90,90,90,100,100,100,108,108,108,472,2
100,100,100,100,100,100,100,100,100,108,108,108,582,2
100,100,100,90,90,90,100,100,100,108,108,108,934,2
100,100,100,90,90,90,100,100,100,100,100,100,270,2
100,100,100,110,110,110,100,100,100,108,108,108,395,2
90,90,90,100,100,100,90,90,90,100,100,100,595,2
100,100,100,100,100,100,100,100,100,102,102,102,348,2
90,90,90,100,100,100,100,100,100,100,100,100,633,1
100,100,100,100,100,100,100,100,100,100,100,100,545,2
100,100,100,100,100,100,98,98,98,100,100,100,412,2
90,90,90,100,100,100,94,94,94,100,100,100,135,2
100,100,100,110,110,110,100,100,100,102,102,102,62,2
110,110,110,100,100,100,92,92,92,100,100,100,882,2
100,100,100,110,110,110,100,100,100,94,94,94,553,1
100,100,100,90,90,90,100,100,100,102,102,102,106,2
110,110,110,100,100,100,96,96,96,100,100,100,686,2
110,110,110,100,100,100,108,108,108,100,100,100,692,1
90,90,90,100,100,100,102,102,102,100,100,100,832,1
100,100,100,90,90,90,100,100,100,90,90,90,331,1
100,100,100,110,110,110,100,100,100,104,104,104,921,2
90,90,90,100,100,100,110,110,110,100,100,100,242,1
110,110,110,100,100,100,100,100,100,100,100,100,556,1
100,100,100,100,100,100,100,100,100,98,98,98,511,1
90,90,90,100,100,100,94,94,94,100,100,100,729,2
90,90,90,100,100,100,98,98,98,100,100,100,104,2
100,100,100,100,100,100,100,100,100,92,92,92,805,1
90,90,90,100,100,100,98,98,98,100,100,100,401,2
100,100,100,90,90,90,100,100,100,104,104,104,668,2
100,100,100,90,90,90,100,100,100,98,98,98,38,1
90,90,90,100,100,100,104,104,104,100,100,100,635,1
110,110,110,100,100,100,108,108,108,100,100,100,758,1
100,100,100,110,110,110,100,100,100,96,96,96,290,1
100,100,100,100,100,100,100,100,100,106,106,106,119,2
90,90,90,100,100,100,100,100,100,100,100,100,765,1
100,100,100,100,100,100,106,106,106,100,100,100,449,1
110,110,110,100,100,100,100,100,100,100,100,100,952,1
100,100,100,100,100,100,100,100,100,92,92,92,871,1
110,110,110,100,100,100,108,108,108,100,100,100,956,1
100,100,100,100,100,100,102,102,102,100,100,100,18,1
110,110,110,100,100,100,110,110,110,100,100,100,264,1
100,100,100,100,100,100,94,94,94,100,100,100,707,2
100,100,100,100,100,100,102,102,102,100,100,100,744,1
100,100,100,100,100,100,108,108,108,100,100,100,615,1
100,100,100,100,100,100,100,100,100,106,106,106,218,2
90,90,90,100,100,100,90,90,90,100,100,100,232,2
90,90,90,100,100,100,90,90,90,100,100,100,430,2
90,90,90,100,100,100,104,104,104,100,100,100,932,1
100,100,100,100,100,100,104,104,104,100,100,100,316,1
100,100,100,100,100,100,100,100,100,104,104,104,844,2
100,100,100,90,90,90,100,100,100,104,104,104,866,2
100,100,100,100,100,100,104,104,104,100,100,100,976,1
100,100,100,90,90,90,100,100,100,104,104,104,338,2
90,90,90,100,100,100,110,110,110,100,100,100,506,1
90,90,90,100,100,100,92,92,92,100,100,100,167,2
90,90,90,100,100,100,92,92,92,100,100,100,563,2
100,100,100,100,100,100,100,100,100,100,100,100,578,2
100,100,100,110,110,110,100,100,100,102,102,102,161,2
100,100,100,100,100,100,100,100,100,104,104,104,52,2
110,110,110,100,100,100,98,98,98,100,100,100,720,2
100,100,100,110,110,110,100,100,100,100,100,100,589,2
110,110,110,100,100,100,100,100,100,100,100,100,457,1
90,90,90,100,100,100,106,106,106,100,100,100,75,1
100,100,100,100,100,100,96,96,96,100,100,100,906,2
100,100,100,110,110,110,100,100,100,102,102,102,491,2
100,100,100,110,110,110,100,100,100,94,94,94,25,1
110,110,110,100,100,100,104,104,104,100,100,100,360,1
100,100,100,100,100,100,110,110,110,100,100,100,220,1
100,100,100,100,100,100,100,100,100,104,104,104,283,2
100,100,100,100,100,100,100,100,100,90,90,90,474,1
90,90,90,100,100,100,102,102,102,100,100,100,601,1
100,100,100,100,100,100,100,100,100,94,94,94,80,1
100,100,100,90,90,90,100,100,100,92,92,92,761,1
90,90,90,100,100,100,90,90,90,100,100,100,892,2
100,100,100,110,110,110,100,100,100,100,100,100,523,2
100,100,100,90,90,90,100,100,100,102,102,102,766,2
90,90,90,100,100,100,96,96,96,100,100,100,70,2
100,100,100,100,100,100,100,100,100,94,94,94,113,1
100,100,100,110,110,110,100,100,100,92,92,92,156,1
100,100,100,100,100,100,100,100,100,108,108,108,879,2
100,100,100,100,100,100,100,100,100,110,110,110,979,2
100,100,100,100,100,100,100,100,100,102,102,102,579,2
90,90,90,100,100,100,98,98,98,100,100,100,368,2
100,100,100,90,90,90,100,100,100,102,102,102,238,2
100,100,100,110,110,110,100,100,100,100,100,100,655,2
90,90,90,100,100,100,104,104,104,100,100,100,734,1
110,110,110,100,100,100,108,108,108,100,100,100,890,1
100,100,100,100,100,100,100,100,100,102,102,102,876,2
100,100,100,100,100,100,94,94,94,100,100,100,344,2
90,90,90,100,100,100,94,94,94,100,100,100,234,2
90,90,90,100,100,100,98,98,98,100,100,100,632,2
100,100,100,100,100,100,100,100,100,98,98,98,478,1
100,100,100,90,90,90,100,100,100,90,90,90,34,1
100,100,100,110,110,110,100,100,100,108,108,108,164,2
100,100,100,110,110,110,100,100,100,106,106,106,658,2
90,90,90,100,100,100,98,98,98,100,100,100,71,2
100,100,100,100,100,100,100,100,100,92,92,92,145,1
100,100,100,110,110,110,100,100,100,94,94,94,289,1
100,100,100,100,100,100,110,110,110,100,100,100,880,1
100,100,100,90,90,90,100,100,100,108,108,108,406,2
110,110,110,100,100,100,92,92,92,100,100,100,948,2
110,110,110,100,100,100,98,98,98,100,100,100,27,2
100,100,100,110,110,110,100,100,100,92,92,92,222,1
100,100,100,110,110,110,100,100,100,106,106,106,823,2
100,100,100,100,100,100,100,100,100,100,100,100,50,1
100,100,100,90,90,90,100,100,100,92,92,92,695,1
90,90,90,100,100,100,110,110,110,100,100,100,902,1
110,110,110,100,100,100,104,104,104,100,100,100,756,1
110,110,110,100,100,100,90,90,90,100,100,100,419,2
100,100,100,90,90,90,100,100,100,94,94,94,36,1
100,100,100,110,110,110,100,100,100,108,108,108,824,2
100,100,100,90,90,90,100,100,100,104,104,104,404,2
100,100,100,90,90,90,100,100,100,102,102,102,535,2
110,110,110,100,100,100,98,98,98,100,100,100,588,2
110,110,110,100,100,100,96,96,96,100,100,100,59,2
100,100,100,100,100,100,106,106,106,100,100,100,20,1
100,100,100,90,90,90,100,100,100,110,110,110,572,2
100,100,100,100,100,100,100,100,100,90,90,90,573,1
90,90,90,100,100,100,98,98,98,100,100,100,731,2
90,90,90,100,100,100,100,100,100,100,100,100,798,1
100,100,100,110,110,110,100,100,100,90,90,90,254,1
110,110,110,100,100,100,110,110,110,100,100,100,528,1
100,100,100,100,100,100,100,100,100,108,108,108,714,2
110,110,110,100,100,100,110,110,110,100,100,100,957,1
90,90,90,100,100,100,108,108,108,100,100,100,76,1
100,100,100,90,90,90,100,100,100,110,110,110,44,2
100,100,100,110,110,110,100,100,100,102,102,102,326,2
100,100,100,110,110,110,100,100,100,102,102,102,458,2
90,90,90,100,100,100,108,108,108,100,100,100,604,1
100,100,100,90,90,90,100,100,100,98,98,98,500,1
100,100,100,90,90,90,100,100,100,108,108,108,208,2
100,100,100,110,110,110,100,100,100,110,110,110,429,2
100,100,100,90,90,90,100,100,100,108,108,108,769,2
100,100,100,100,100,100,100,100,100,106,106,106,647,2
100,100,100,100,100,100,108,108,108,100,100,100,21,1
90,90,90,100,100,100,92,92,92,100,100,100,959,2
100,100,100,110,110,110,100,100,100,92,92,92,90,1
100,100,100,100,100,100,102,102,102,100,100,100,480,1
90,90,90,100,100,100,96,96,96,100,100,100,268,2
100,100,100,90,90,90,100,100,100,104,104,104,206,2
90,90,90,100,100,100,100,100,100,100,100,100,39,1
100,100,100,90,90,90,100,100,100,98,98,98,137,1
100,100,100,90,90,90,100,100,100,106,106,106,801,2
100,100,100,110,110,110,100,100,100,102,102,102,986,2
100,100,100,100,100,100,106,106,106,100,100,100,86,1
100,100,100,110,110,110,100,100,100,104,104,104,459,2
100,100,100,100,100,100,100,100,100,108,108,108,912,2
110,110,110,100,100,100,104,104,104,100,100,100,261,1
