169,168,166,161,160,158,169,168,166,169,168,166,336,2
169,168,166,169,168,166,169,168,166,173,172,170,548,2
169,168,166,161,160,158,169,168,166,173,172,170,108,2
176,175,173,169,168,166,169,168,166,169,168,166,853,1
169,168,166,161,160,158,169,168,166,175,174,172,43,2
169,168,166,161,160,158,169,168,166,166,165,163,730,1
176,175,173,169,168,166,169,168,166,169,168,166,985,1
169,168,166,169,168,166,175,174,172,169,168,166,186,1
169,168,166,176,175,173,169,168,166,172,171,169,426,2
169,168,166,161,160,158,169,168,166,166,165,163,4,1
161,160,158,169,168,166,163,162,160,169,168,166,398,2
161,160,158,169,168,166,176,175,173,169,168,166,143,1
176,175,173,169,168,166,170,169,167,169,168,166,821,1
161,160,158,169,168,166,173,172,170,169,168,166,207,1
169,168,166,169,168,166,176,175,173,169,168,166,781,1
169,168,166,161,160,158,169,168,166,172,171,169,140,2
169,168,166,169,168,166,169,168,166,173,172,170,350,2
169,168,166,169,168,166,169,168,166,173,172,170,482,2
169,168,166,176,175,173,169,168,166,161,160,158,551,1
169,168,166,169,168,166,163,162,160,169,168,166,277,2
161,160,158,169,168,166,163,162,160,169,168,166,35,2
169,168,166,176,175,173,169,168,166,173,172,170,295,2
169,168,166,169,168,166,163,162,160,169,168,166,211,2
161,160,158,169,168,166,164,163,161,169,168,166,69,2
176,175,173,169,168,166,176,175,173,169,168,166,231,1
176,175,173,169,168,166,161,160,158,169,168,166,881,2
161,160,158,169,168,166,169,168,166,169,168,166,105,1
169,168,166,176,175,173,169,168,166,170,169,167,557,2
169,168,166,161,160,158,169,168,166,175,174,172,274,2
169,168,166,169,168,166,169,168,166,167,166,164,148,1
169,168,166,161,160,158,169,168,166,169,168,166,6,2
176,175,173,169,168,166,170,169,167,169,168,166,128,1
169,168,166,169,168,166,169,168,166,169,168,166,875,1
176,175,173,169,168,166,167,166,164,169,168,166,687,2
169,168,166,176,175,173,169,168,166,172,171,169,558,2
169,168,166,161,160,158,169,168,166,163,162,160,134,1
161,160,158,169,168,166,164,163,161,169,168,166,762,2
169,168,166,161,160,158,169,168,166,176,175,173,935,2
169,168,166,169,168,166,164,163,161,169,168,166,47,2
169,168,166,169,168,166,173,172,170,169,168,166,416,1
161,160,158,169,168,166,161,160,158,169,168,166,826,2
161,160,158,169,168,166,169,168,166,169,168,166,534,1
176,175,173,169,168,166,166,165,163,169,168,166,719,2
169,168,166,169,168,166,166,165,163,169,168,166,741,2
169,168,166,176,175,173,169,168,166,173,172,170,559,2
169,168,166,169,168,166,169,168,166,176,175,173,286,2
176,175,173,169,168,166,172,171,169,169,168,166,294,1
169,168,166,169,168,166,161,160,158,169,168,166,441,2
176,175,173,169,168,166,173,172,170,169,168,166,955,1
161,160,158,169,168,166,167,166,164,169,168,166,170,2
176,175,173,169,168,166,172,171,169,169,168,166,624,1
176,175,173,169,168,166,161,160,158,169,168,166,716,2
169,168,166,161,160,158,169,168,166,176,175,173,671,2
169,168,166,169,168,166,175,174,172,169,168,166,120,1
169,168,166,176,175,173,169,168,166,172,171,169,591,2
169,168,166,169,168,166,169,168,166,163,162,160,574,1
169,168,166,176,175,173,169,168,166,163,162,160,24,1
169,168,166,169,168,166,169,168,166,164,163,161,839,1
169,168,166,161,160,158,169,168,166,164,163,161,531,1
169,168,166,176,175,173,169,168,166,169,168,166,886,2
169,168,166,161,160,158,169,168,166,172,171,169,470,2
169,168,166,169,168,166,169,168,166,163,162,160,343,1
169,168,166,161,160,158,169,168,166,172,171,169,536,2
169,168,166,169,168,166,169,168,166,173,172,170,977,2
169,168,166,169,168,166,163,162,160,169,168,166,442,2
161,160,158,169,168,166,167,166,164,169,168,166,929,2
169,168,166,161,160,158,169,168,166,166,165,163,664,1
169,168,166,176,175,173,169,168,166,161,160,158,89,1
169,168,166,176,175,173,169,168,166,164,163,161,421,1
176,175,173,169,168,166,163,162,160,169,168,166,552,2
169,168,166,169,168,166,172,171,169,169,168,166,778,1
176,175,173,169,168,166,164,163,161,169,168,166,355,2
161,160,158,169,168,166,167,166,164,169,168,166,533,2
169,168,166,176,175,173,169,168,166,176,175,173,693,2
176,175,173,169,168,166,175,174,172,169,168,166,989,1
169,168,166,161,160,158,169,168,166,169,168,166,600,2
169,168,166,176,175,173,169,168,166,163,162,160,618,1
176,175,173,169,168,166,175,174,172,169,168,166,527,1
169,168,166,169,168,166,169,168,166,169,168,166,842,1
161,160,158,169,168,166,176,175,173,169,168,166,11,1
169,168,166,176,175,173,169,168,166,164,163,161,520,1
169,168,166,169,168,166,166,165,163,169,168,166,939,2
169,168,166,169,168,166,163,162,160,169,168,166,970,2
169,168,166,176,175,173,169,168,166,161,160,158,485,1
169,168,166,169,168,166,170,169,167,169,168,166,678,1
176,175,173,169,168,166,170,169,167,169,168,166,392,1
176,175,173,169,168,166,169,168,166,169,168,166,391,1
169,168,166,169,168,166,169,168,166,170,169,167,315,2
161,160,158,169,168,166,176,175,173,169,168,166,539,1
161,160,158,169,168,166,166,165,163,169,168,166,631,2
176,175,173,169,168,166,163,162,160,169,168,166,717,2
169,168,166,169,168,166,169,168,166,164,163,161,14,1
169,168,166,176,175,173,169,168,166,175,174,172,461,2
161,160,158,169,168,166,163,162,160,169,168,166,860,2
161,160,158,169,168,166,164,163,161,169,168,166,399,2
161,160,158,169,168,166,169,168,166,169,168,166,303,1
169,168,166,176,175,173,169,168,166,164,163,161,157,1
169,168,166,169,168,166,167,166,164,169,168,166,676,2
161,160,158,169,168,166,172,171,169,169,168,166,701,1
169,168,166,169,168,166,169,168,166,163,162,160,772,1
169,168,166,176,175,173,169,168,166,173,172,170,856,2
176,175,173,169,168,166,163,162,160,169,168,166,981,2
169,168,166,169,168,166,163,162,160,169,168,166,112,2
169,168,166,169,168,166,173,172,170,169,168,166,878,1
169,168,166,161,160,158,169,168,166,172,171,169,437,2
176,175,173,169,168,166,164,163,161,169,168,166,949,2
161,160,158,169,168,166,169,168,166,169,168,166,666,1
161,160,158,169,168,166,167,166,164,169,168,166,203,2
169,168,166,161,160,158,169,168,166,163,162,160,200,1
161,160,158,169,168,166,175,174,172,169,168,166,670,1
169,168,166,176,175,173,169,168,166,161,160,158,353,1
169,168,166,169,168,166,161,160,158,169,168,166,111,2
176,175,173,169,168,166,172,171,169,169,168,166,888,1
176,175,173,169,168,166,169,168,166,169,168,166,325,1
176,175,173,169,168,166,173,172,170,169,168,166,889,1
169,168,166,161,160,158,169,168,166,167,166,164,599,1
169,168,166,169,168,166,169,168,166,175,174,172,648,2
169,168,166,176,175,173,169,168,166,172,171,169,690,2
161,160,158,169,168,166,166,165,163,169,168,166,499,2
169,168,166,176,175,173,169,168,166,169,168,166,358,2
169,168,166,169,168,166,169,168,166,166,165,163,609,1
169,168,166,169,168,166,169,168,166,173,172,170,515,2
161,160,158,169,168,166,170,169,167,169,168,166,403,1
169,168,166,169,168,166,169,168,166,167,166,164,544,1
161,160,158,169,168,166,161,160,158,169,168,166,298,2
169,168,166,161,160,158,169,168,166,173,172,170,669,2
176,175,173,169,168,166,176,175,173,169,168,166,165,1
161,160,158,169,168,166,173,172,170,169,168,166,504,1
169,168,166,169,168,166,167,166,164,169,168,166,808,2
176,175,173,169,168,166,176,175,173,169,168,166,396,1
176,175,173,169,168,166,167,166,164,169,168,166,654,2
169,168,166,161,160,158,169,168,166,167,166,164,467,1
169,168,166,169,168,166,169,168,166,167,166,164,610,1
169,168,166,169,168,166,173,172,170,169,168,166,581,1
169,168,166,176,175,173,169,168,166,172,171,169,525,2
169,168,166,161,160,158,169,168,166,173,172,170,372,2
176,175,173,169,168,166,164,163,161,169,168,166,718,2
169,168,166,169,168,166,169,168,166,161,160,158,738,1
169,168,166,176,175,173,169,168,166,169,168,166,754,2
176,175,173,169,168,166,170,169,167,169,168,166,788,1
169,168,166,176,175,173,169,168,166,176,175,173,726,2
176,175,173,169,168,166,161,160,158,169,168,166,122,2
176,175,173,169,168,166,167,166,164,169,168,166,159,2
169,168,166,169,168,166,169,168,166,175,174,172,285,2
169,168,166,169,168,166,169,168,166,172,171,169,910,2
169,168,166,161,160,158,169,168,166,161,160,158,760,1
169,168,166,169,168,166,169,168,166,164,163,161,641,1
169,168,166,169,168,166,169,168,166,169,168,166,710,2
169,168,166,169,168,166,169,168,166,176,175,173,121,2
169,168,166,176,175,173,169,168,166,172,171,169,393,2
169,168,166,169,168,166,169,168,166,166,165,163,972,1
161,160,158,169,168,166,170,169,167,169,168,166,667,1
169,168,166,169,168,166,166,165,163,169,168,166,213,2
161,160,158,169,168,166,166,165,163,169,168,166,961,2
169,168,166,169,168,166,169,168,166,167,166,164,16,1
176,175,173,169,168,166,167,166,164,169,168,166,93,2
169,168,166,169,168,166,175,174,172,169,168,166,219,1
169,168,166,161,160,158,169,168,166,173,172,170,570,2
169,168,166,176,175,173,169,168,166,169,168,166,490,2
169,168,166,176,175,173,169,168,166,173,172,170,262,2
176,175,173,169,168,166,170,169,167,169,168,166,887,1
169,168,166,161,160,158,169,168,166,167,166,164,335,1
169,168,166,161,160,158,169,168,166,169,168,166,732,2
169,168,166,161,160,158,169,168,166,172,171,169,899,2
169,168,166,161,160,158,169,168,166,172,171,169,833,2
169,168,166,176,175,173,169,168,166,164,163,161,817,1
169,168,166,169,168,166,161,160,158,169,168,166,342,2
169,168,166,176,175,173,169,168,166,173,172,170,592,2
169,168,166,161,160,158,169,168,166,167,166,164,764,1
169,168,166,176,175,173,169,168,166,172,171,169,657,2
169,168,166,169,168,166,169,168,166,169,168,166,413,2
169,168,166,176,175,173,169,168,166,173,172,170,427,2
169,168,166,176,175,173,169,168,166,161,160,158,320,1
169,168,166,169,168,166,169,168,166,164,163,161,311,1
169,168,166,176,175,173,169,168,166,161,160,158,749,1
169,168,166,169,168,166,170,169,167,169,168,166,84,1
169,168,166,169,168,166,169,168,166,167,166,164,115,1
169,168,166,161,160,158,169,168,166,172,171,169,239,2
169,168,166,161,160,158,169,168,166,175,174,172,703,2
169,168,166,169,168,166,163,162,160,169,168,166,607,2
169,168,166,176,175,173,169,168,166,176,175,173,330,2
176,175,173,169,168,166,169,168,166,169,168,166,292,1
169,168,166,161,160,158,169,168,166,167,166,164,434,1
169,168,166,169,168,166,169,168,166,172,171,169,745,2
169,168,166,169,168,166,163,162,160,169,168,166,178,2
169,168,166,169,168,166,175,174,172,169,168,166,450,1
176,175,173,169,168,166,167,166,164,169,168,166,423,2
176,175,173,169,168,166,172,171,169,169,168,166,228,1
161,160,158,169,168,166,161,160,158,169,168,166,793,2
169,168,166,169,168,166,169,168,166,161,160,158,804,1
169,168,166,161,160,158,169,168,166,164,163,161,432,1
169,168,166,169,168,166,169,168,166,166,165,163,48,1
176,175,173,169,168,166,166,165,163,169,168,166,554,2
169,168,166,169,168,166,169,168,166,164,163,161,212,1
169,168,166,169,168,166,169,168,166,170,169,167,414,2
169,168,166,169,168,166,161,160,158,169,168,166,12,2
169,168,166,176,175,173,169,168,166,163,162,160,387,1
169,168,166,161,160,158,169,168,166,167,166,164,863,1
161,160,158,169,168,166,169,168,166,169,168,166,435,1
169,168,166,161,160,158,169,168,166,173,172,170,636,2
169,168,166,161,160,158,169,168,166,169,168,166,567,2
169,168,166,169,168,166,169,168,166,167,166,164,577,1
169,168,166,176,175,173,169,168,166,173,172,170,196,2
176,175,173,169,168,166,163,162,160,169,168,166,189,2
169,168,166,169,168,166,170,169,167,169,168,166,51,1
169,168,166,161,160,158,169,168,166,164,163,161,795,1
169,168,166,169,168,166,169,168,166,170,169,167,975,2
169,168,166,169,168,166,161,160,158,169,168,166,672,2
169,168,166,169,168,166,170,169,167,169,168,166,942,1
176,175,173,169,168,166,166,165,163,169,168,166,653,2
169,168,166,169,168,166,172,171,169,169,168,166,250,1
176,175,173,169,168,166,164,163,161,169,168,166,91,2
176,175,173,169,168,166,172,171,169,169,168,166,96,1
176,175,173,169,168,166,166,165,163,169,168,166,950,2
169,168,166,161,160,158,169,168,166,167,166,164,566,1
169,168,166,169,168,166,169,168,166,166,165,163,642,1
169,168,166,169,168,166,169,168,166,167,166,164,775,1
169,168,166,169,168,166,173,172,170,169,168,166,251,1
169,168,166,169,168,166,169,168,166,173,172,170,53,2
176,175,173,169,168,166,170,169,167,169,168,166,293,1
176,175,173,169,168,166,172,171,169,169,168,166,855,1
169,168,166,169,168,166,169,168,166,169,168,166,281,1
169,168,166,176,175,173,169,168,166,170,169,167,95,2
169,168,166,169,168,166,169,168,166,163,162,160,46,1
169,168,166,176,175,173,169,168,166,176,175,173,924,2
169,168,166,169,168,166,167,166,164,169,168,166,313,2
161,160,158,169,168,166,166,165,163,169,168,166,862,2
176,175,173,169,168,166,164,163,161,169,168,166,784,2
169,168,166,169,168,166,169,168,166,169,168,166,347,2
169,168,166,169,168,166,172,171,169,169,168,166,382,1
169,168,166,161,160,158,169,168,166,176,175,173,209,2
169,168,166,161,160,158,169,168,166,166,165,163,433,1
176,175,173,169,168,166,161,160,158,169,168,166,683,2
169,168,166,169,168,166,169,168,166,169,168,166,248,2
169,168,166,176,175,173,169,168,166,163,162,160,57,1
161,160,158,169,168,166,175,174,172,169,168,166,307,1
169,168,166,176,175,173,169,168,166,176,175,173,759,2
169,168,166,169,168,166,169,168,166,166,165,163,378,1
169,168,166,169,168,166,166,165,163,169,168,166,81,2
161,160,158,169,168,166,175,174,172,169,168,166,439,1
169,168,166,169,168,166,161,160,158,169,168,166,771,2
169,168,166,161,160,158,169,168,166,164,163,161,498,1
169,168,166,176,175,173,169,168,166,164,163,161,586,1
169,168,166,161,160,158,169,168,166,172,171,169,107,2
169,168,166,169,168,166,167,166,164,169,168,166,709,2
169,168,166,169,168,166,169,168,166,161,160,158,606,1
161,160,158,169,168,166,173,172,170,169,168,166,240,1
176,175,173,169,168,166,163,162,160,169,168,166,651,2
169,168,166,169,168,166,175,174,172,169,168,166,549,1
169,168,166,169,168,166,169,168,166,169,168,166,116,2
169,168,166,161,160,158,169,168,166,167,166,164,236,1
169,168,166,176,175,173,169,168,166,176,175,173,297,2
176,175,173,169,168,166,166,165,163,169,168,166,785,2
161,160,158,169,168,166,161,160,158,169,168,166,496,2
169,168,166,176,175,173,169,168,166,172,171,169,954,2
169,168,166,169,168,166,169,168,166,175,174,172,384,2
169,168,166,176,175,173,169,168,166,164,163,161,916,1
176,175,173,169,168,166,173,172,170,169,168,166,460,1
161,160,158,169,168,166,169,168,166,169,168,166,171,1
176,175,173,169,168,166,175,174,172,169,168,166,362,1
169,168,166,176,175,173,169,168,166,172,171,169,129,2
161,160,158,169,168,166,176,175,173,169,168,166,176,1
161,160,158,169,168,166,170,169,167,169,168,166,931,1
161,160,158,169,168,166,169,168,166,169,168,166,864,1
169,168,166,169,168,166,169,168,166,167,166,164,49,1
169,168,166,169,168,166,166,165,163,169,168,166,510,2
169,168,166,161,160,158,169,168,166,170,169,167,205,2
161,160,158,169,168,166,176,175,173,169,168,166,836,1
169,168,166,169,168,166,163,162,160,169,168,166,244,2
169,168,166,169,168,166,167,166,164,169,168,166,643,2
169,168,166,169,168,166,169,168,166,163,162,160,937,1
169,168,166,169,168,166,164,163,161,169,168,166,971,2
176,175,173,169,168,166,170,169,167,169,168,166,194,1
176,175,173,169,168,166,166,165,163,169,168,166,92,2
169,168,166,161,160,158,169,168,166,164,163,161,366,1
169,168,166,176,175,173,169,168,166,170,169,167,260,2
176,175,173,169,168,166,166,165,163,169,168,166,158,2
169,168,166,169,168,166,172,171,169,169,168,166,217,1
169,168,166,169,168,166,169,168,166,169,168,166,512,1
169,168,166,169,168,166,169,168,166,173,172,170,746,2
176,175,173,169,168,166,161,160,158,169,168,166,386,2
169,168,166,169,168,166,169,168,166,164,163,161,443,1
169,168,166,169,168,166,176,175,173,169,168,166,847,1
176,175,173,169,168,166,173,172,170,169,168,166,493,1
169,168,166,169,168,166,169,168,166,163,162,160,673,1
169,168,166,169,168,166,169,168,166,161,160,158,903,1
176,175,173,169,168,166,164,163,161,169,168,166,223,2
169,168,166,176,175,173,169,168,166,175,174,172,230,2
161,160,158,169,168,166,166,165,163,169,168,166,829,2
176,175,173,169,168,166,176,175,173,169,168,166,660,1
169,168,166,169,168,166,169,168,166,175,174,172,978,2
169,168,166,169,168,166,169,168,166,172,171,169,613,2
169,168,166,161,160,158,169,168,166,167,166,164,797,1
169,168,166,161,160,158,169,168,166,176,175,173,407,2
161,160,158,169,168,166,163,162,160,169,168,166,2,2
169,168,166,169,168,166,166,165,163,169,168,166,708,2
161,160,158,169,168,166,173,172,170,169,168,166,471,1
169,168,166,169,168,166,169,168,166,175,174,172,417,2
169,168,166,169,168,166,169,168,166,164,163,161,806,1
176,175,173,169,168,166,167,166,164,169,168,166,456,2
169,168,166,161,160,158,169,168,166,161,160,158,100,1
169,168,166,169,168,166,164,163,161,169,168,166,608,2
161,160,158,169,168,166,173,172,170,169,168,166,735,1
176,175,173,169,168,166,166,165,163,169,168,166,884,2
169,168,166,169,168,166,166,165,163,169,168,166,873,2
161,160,158,169,168,166,175,174,172,169,168,166,901,1
169,168,166,169,168,166,169,168,166,172,171,169,679,2
176,175,173,169,168,166,166,165,163,169,168,166,422,2
169,168,166,161,160,158,169,168,166,164,163,161,102,1
161,160,158,169,168,166,176,175,173,169,168,166,110,1
169,168,166,176,175,173,169,168,166,167,166,164,951,1
169,168,166,176,175,173,169,168,166,170,169,167,590,2
169,168,166,169,168,166,173,172,170,169,168,166,680,1
169,168,166,176,175,173,169,168,166,167,166,164,225,1
169,168,166,161,160,158,169,168,166,166,165,163,928,1
169,168,166,161,160,158,169,168,166,167,166,164,830,1
169,168,166,161,160,158,169,168,166,163,162,160,728,1
169,168,166,169,168,166,169,168,166,163,162,160,475,1
169,168,166,176,175,173,169,168,166,170,169,167,524,2
169,168,166,161,160,158,169,168,166,175,174,172,538,2
169,168,166,161,160,158,169,168,166,173,172,170,306,2
169,168,166,176,175,173,169,168,166,163,162,160,420,1
169,168,166,169,168,166,169,168,166,169,168,166,380,1
161,160,158,169,168,166,176,175,173,169,168,166,737,1
169,168,166,169,168,166,169,168,166,169,168,166,644,1
169,168,166,161,160,158,169,168,166,166,165,163,400,1
176,175,173,169,168,166,166,165,163,169,168,166,587,2
176,175,173,169,168,166,164,163,161,169,168,166,751,2
169,168,166,176,175,173,169,168,166,175,174,172,560,2
176,175,173,169,168,166,161,160,158,169,168,166,782,2
169,168,166,161,160,158,169,168,166,166,165,163,565,1
169,168,166,161,160,158,169,168,166,166,165,163,466,1
169,168,166,169,168,166,169,168,166,169,168,166,182,2
176,175,173,169,168,166,173,172,170,169,168,166,724,1
169,168,166,176,175,173,169,168,166,170,169,167,920,2
169,168,166,176,175,173,169,168,166,167,166,164,390,1
169,168,166,169,168,166,169,168,166,173,172,170,779,2
169,168,166,176,175,173,169,168,166,169,168,166,61,2
176,175,173,169,168,166,169,168,166,169,168,166,919,1
176,175,173,169,168,166,173,172,170,169,168,166,625,1
169,168,166,169,168,166,170,169,167,169,168,166,282,1
169,168,166,161,160,158,169,168,166,176,175,173,275,2
169,168,166,169,168,166,170,169,167,169,168,166,150,1
176,175,173,169,168,166,164,163,161,169,168,166,322,2
169,168,166,169,168,166,175,174,172,169,168,166,945,1
169,168,166,169,168,166,170,169,167,169,168,166,711,1
169,168,166,169,168,166,161,160,158,169,168,166,276,2
169,168,166,169,168,166,169,168,166,173,172,170,713,2
161,160,158,169,168,166,164,163,161,169,168,166,267,2
176,175,173,169,168,166,169,168,166,169,168,166,424,1
169,168,166,161,160,158,169,168,166,172,171,169,371,2
169,168,166,169,168,166,169,168,166,169,168,166,149,2
176,175,173,169,168,166,166,165,163,169,168,166,26,2
169,168,166,169,168,166,169,168,166,172,171,169,943,2
169,168,166,176,175,173,169,168,166,170,169,167,755,2
169,168,166,169,168,166,169,168,166,176,175,173,418,2
169,168,166,169,168,166,170,169,167,169,168,166,117,1
161,160,158,169,168,166,163,162,160,169,168,166,299,2
169,168,166,176,175,173,169,168,166,175,174,172,263,2
169,168,166,161,160,158,169,168,166,166,165,163,763,1
169,168,166,169,168,166,169,168,166,169,168,166,17,1
176,175,173,169,168,166,176,175,173,169,168,166,99,1
169,168,166,176,175,173,169,168,166,167,166,164,522,1
169,168,166,176,175,173,169,168,166,176,175,173,33,2
169,168,166,176,175,173,169,168,166,169,168,166,226,2
176,175,173,169,168,166,175,174,172,169,168,166,131,1
161,160,158,169,168,166,161,160,158,169,168,166,562,2
169,168,166,169,168,166,175,174,172,169,168,166,252,1
169,168,166,169,168,166,172,171,169,169,168,166,646,1
169,168,166,161,160,158,169,168,166,164,163,161,696,1
169,168,166,169,168,166,169,168,166,169,168,166,941,1
169,168,166,176,175,173,169,168,166,167,166,164,258,1
169,168,166,169,168,166,169,168,166,173,172,170,383,2
169,168,166,169,168,166,169,168,166,176,175,173,385,2
161,160,158,169,168,166,172,171,169,169,168,166,272,1
176,175,173,169,168,166,163,162,160,169,168,166,486,2
169,168,166,169,168,166,175,174,172,169,168,166,813,1
169,168,166,169,168,166,169,168,166,175,174,172,747,2
169,168,166,176,175,173,169,168,166,163,162,160,783,1
169,168,166,169,168,166,169,168,166,169,168,166,908,1
176,175,173,169,168,166,173,172,170,169,168,166,229,1
169,168,166,169,168,166,176,175,173,169,168,166,484,1
169,168,166,169,168,166,169,168,166,163,162,160,739,1
169,168,166,169,168,166,169,168,166,175,174,172,681,2
169,168,166,169,168,166,169,168,166,163,162,160,541,1
169,168,166,176,175,173,169,168,166,170,169,167,227,2
169,168,166,176,175,173,169,168,166,176,175,173,825,2
169,168,166,169,168,166,169,168,166,164,163,161,179,1
169,168,166,169,168,166,167,166,164,169,168,166,907,2
169,168,166,161,160,158,169,168,166,175,174,172,241,2
169,168,166,176,175,173,169,168,166,167,166,164,753,1
169,168,166,169,168,166,175,174,172,169,168,166,54,1
169,168,166,161,160,158,169,168,166,161,160,158,463,1
169,168,166,169,168,166,169,168,166,170,169,167,909,2
161,160,158,169,168,166,166,165,163,169,168,166,136,2
176,175,173,169,168,166,175,174,172,169,168,166,725,1
161,160,158,169,168,166,166,165,163,169,168,166,796,2
169,168,166,169,168,166,169,168,166,164,163,161,905,1
169,168,166,169,168,166,172,171,169,169,168,166,19,1
169,168,166,169,168,166,176,175,173,169,168,166,616,1
169,168,166,169,168,166,169,168,166,163,162,160,640,1
176,175,173,169,168,166,175,174,172,169,168,166,494,1
169,168,166,169,168,166,167,166,164,169,168,166,973,2
161,160,158,169,168,166,164,163,161,169,168,166,630,2
169,168,166,161,160,158,169,168,166,167,166,164,5,1
169,168,166,169,168,166,169,168,166,170,169,167,843,2
169,168,166,169,168,166,176,175,173,169,168,166,352,1
169,168,166,176,175,173,169,168,166,164,163,161,58,1
169,168,166,169,168,166,170,169,167,169,168,166,447,1
169,168,166,176,175,173,169,168,166,166,165,163,851,1
169,168,166,176,175,173,169,168,166,163,162,160,354,1
169,168,166,169,168,166,161,160,158,169,168,166,870,2
176,175,173,169,168,166,176,175,173,169,168,166,858,1
169,168,166,161,160,158,169,168,166,176,175,173,605,2
169,168,166,169,168,166,167,166,164,169,168,166,280,2
169,168,166,169,168,166,169,168,166,176,175,173,748,2
169,168,166,161,160,158,169,168,166,173,172,170,339,2
169,168,166,161,160,158,169,168,166,170,169,167,568,2
169,168,166,176,175,173,169,168,166,167,166,164,324,1
176,175,173,169,168,166,176,175,173,169,168,166,561,1
161,160,158,169,168,166,161,160,158,169,168,166,727,2
169,168,166,169,168,166,163,162,160,169,168,166,508,2
169,168,166,176,175,173,169,168,166,175,174,172,296,2
169,168,166,169,168,166,164,163,161,169,168,166,740,2
169,168,166,169,168,166,166,165,163,169,168,166,147,2
161,160,158,169,168,166,164,163,161,169,168,166,168,2
161,160,158,169,168,166,175,174,172,169,168,166,109,1
169,168,166,161,160,158,169,168,166,161,160,158,166,1
176,175,173,169,168,166,172,171,169,169,168,166,30,1
169,168,166,169,168,166,164,163,161,169,168,166,773,2
176,175,173,169,168,166,169,168,166,169,168,166,721,1
169,168,166,176,175,173,169,168,166,170,169,167,953,2
176,175,173,169,168,166,163,162,160,169,168,166,684,2
169,168,166,169,168,166,164,163,161,169,168,166,938,2
169,168,166,176,175,173,169,168,166,170,169,167,29,2
169,168,166,169,168,166,166,165,163,169,168,166,477,2
169,168,166,169,168,166,169,168,166,170,169,167,612,2
161,160,158,169,168,166,163,162,160,169,168,166,530,2
169,168,166,176,175,173,169,168,166,166,165,163,455,1
176,175,173,169,168,166,167,166,164,169,168,166,192,2
161,160,158,169,168,166,166,165,163,169,168,166,532,2
169,168,166,161,160,158,169,168,166,173,172,170,603,2
176,175,173,169,168,166,172,171,169,169,168,166,492,1
169,168,166,176,175,173,169,168,166,169,168,166,160,2
169,168,166,176,175,173,169,168,166,175,174,172,329,2
161,160,158,169,168,166,169,168,166,169,168,166,237,1
169,168,166,169,168,166,166,165,163,169,168,166,312,2
169,168,166,176,175,173,169,168,166,170,169,167,854,2
169,168,166,169,168,166,169,168,166,169,168,166,83,2
169,168,166,176,175,173,169,168,166,166,165,163,323,1
169,168,166,169,168,166,163,162,160,169,168,166,13,2
169,168,166,176,175,173,169,168,166,163,162,160,750,1
176,175,173,169,168,166,161,160,158,169,168,166,650,2
169,168,166,169,168,166,173,172,170,169,168,166,284,1
169,168,166,169,168,166,167,166,164,169,168,166,445,2
169,168,166,169,168,166,169,168,166,176,175,173,88,2
169,168,166,169,168,166,169,168,166,173,172,170,185,2
176,175,173,169,168,166,161,160,158,169,168,166,452,2
169,168,166,169,168,166,169,168,166,172,171,169,118,2
161,160,158,169,168,166,161,160,158,169,168,166,265,2
161,160,158,169,168,166,161,160,158,169,168,166,1,2
176,175,173,169,168,166,163,162,160,169,168,166,519,2
169,168,166,176,175,173,169,168,166,169,168,166,28,2
176,175,173,169,168,166,161,160,158,169,168,166,815,2
161,160,158,169,168,166,169,168,166,169,168,166,204,1
176,175,173,169,168,166,170,169,167,169,168,166,722,1
169,168,166,161,160,158,169,168,166,161,160,158,661,1
169,168,166,161,160,158,169,168,166,172,171,169,74,2
176,175,173,169,168,166,173,172,170,169,168,166,31,1
176,175,173,169,168,166,166,165,163,169,168,166,620,2
161,160,158,169,168,166,163,162,160,169,168,166,365,2
169,168,166,176,175,173,169,168,166,173,172,170,394,2
161,160,158,169,168,166,166,165,163,169,168,166,235,2
169,168,166,169,168,166,169,168,166,161,160,158,936,1
176,175,173,169,168,166,166,165,163,169,168,166,752,2
176,175,173,169,168,166,163,162,160,169,168,166,585,2
169,168,166,169,168,166,169,168,166,163,162,160,310,1
169,168,166,169,168,166,169,168,166,172,171,169,349,2
161,160,158,169,168,166,169,168,166,169,168,166,831,1
169,168,166,161,160,158,169,168,166,166,165,163,202,1
169,168,166,161,160,158,169,168,166,175,174,172,373,2
169,168,166,169,168,166,169,168,166,176,175,173,451,2
169,168,166,176,175,173,169,168,166,175,174,172,923,2
169,168,166,169,168,166,176,175,173,169,168,166,550,1
169,168,166,169,168,166,161,160,158,169,168,166,408,2
169,168,166,161,160,158,169,168,166,169,168,166,72,2
169,168,166,169,168,166,169,168,166,175,174,172,483,2
169,168,166,176,175,173,169,168,166,166,165,163,191,1
169,168,166,169,168,166,169,168,166,163,162,160,706,1
169,168,166,169,168,166,169,168,166,170,169,167,546,2
169,168,166,169,168,166,169,168,166,161,160,158,177,1
169,168,166,169,168,166,166,165,163,169,168,166,543,2
169,168,166,161,160,158,169,168,166,164,163,161,465,1
161,160,158,169,168,166,161,160,158,169,168,166,199,2
169,168,166,169,168,166,166,165,163,169,168,166,345,2
169,168,166,161,160,158,169,168,166,170,169,167,172,2
176,175,173,169,168,166,166,165,163,169,168,166,818,2
161,160,158,169,168,166,166,165,163,169,168,166,334,2
169,168,166,169,168,166,169,168,166,176,175,173,913,2
169,168,166,161,160,158,169,168,166,166,165,163,103,1
161,160,158,169,168,166,164,163,161,169,168,166,201,2
176,175,173,169,168,166,173,172,170,169,168,166,361,1
161,160,158,169,168,166,173,172,170,169,168,166,768,1
161,160,158,169,168,166,169,168,166,169,168,166,468,1
169,168,166,161,160,158,169,168,166,167,166,164,269,1
169,168,166,176,175,173,169,168,166,176,175,173,462,2
169,168,166,169,168,166,169,168,166,170,169,167,645,2
169,168,166,161,160,158,169,168,166,163,162,160,101,1
169,168,166,169,168,166,169,168,166,176,175,173,649,2
169,168,166,161,160,158,169,168,166,163,162,160,629,1
169,168,166,161,160,158,169,168,166,170,169,167,40,2
169,168,166,169,168,166,169,168,166,164,163,161,542,1
176,175,173,169,168,166,164,163,161,169,168,166,850,2
169,168,166,169,168,166,166,165,163,169,168,166,774,2
176,175,173,169,168,166,169,168,166,169,168,166,193,1
161,160,158,169,168,166,175,174,172,169,168,166,571,1
176,175,173,169,168,166,163,162,160,169,168,166,453,2
176,175,173,169,168,166,175,174,172,169,168,166,791,1
169,168,166,161,160,158,169,168,166,173,172,170,141,2
169,168,166,161,160,158,169,168,166,176,175,173,770,2
169,168,166,176,175,173,169,168,166,175,174,172,593,2
169,168,166,169,168,166,169,168,166,161,160,158,144,1
161,160,158,169,168,166,173,172,170,169,168,166,42,1
169,168,166,176,175,173,169,168,166,163,162,160,321,1
169,168,166,161,160,158,169,168,166,166,165,163,37,1
169,168,166,169,168,166,169,168,166,169,168,166,215,2
169,168,166,169,168,166,169,168,166,175,174,172,351,2
169,168,166,161,160,158,169,168,166,175,174,172,736,2
176,175,173,169,168,166,164,163,161,169,168,166,652,2
169,168,166,169,168,166,169,168,166,161,160,158,705,1
169,168,166,169,168,166,169,168,166,170,169,167,183,2
169,168,166,169,168,166,163,162,160,169,168,166,409,2
161,160,158,169,168,166,169,168,166,169,168,166,369,1
169,168,166,169,168,166,169,168,166,169,168,166,776,2
169,168,166,169,168,166,169,168,166,175,174,172,780,2
169,168,166,176,175,173,169,168,166,166,165,163,983,1
161,160,158,169,168,166,173,172,170,169,168,166,537,1
169,168,166,161,160,158,169,168,166,161,160,158,628,1
169,168,166,169,168,166,169,168,166,167,166,164,841,1
161,160,158,169,168,166,176,175,173,169,168,166,704,1
169,168,166,161,160,158,169,168,166,161,160,158,364,1
169,168,166,169,168,166,167,166,164,169,168,166,247,2
169,168,166,169,168,166,169,168,166,161,160,158,309,1
161,160,158,169,168,166,173,172,170,169,168,166,933,1
169,168,166,169,168,166,170,169,167,169,168,166,810,1
176,175,173,169,168,166,161,160,158,169,168,166,617,2
169,168,166,169,168,166,169,168,166,166,165,163,246,1
169,168,166,169,168,166,169,168,166,175,174,172,153,2
169,168,166,161,160,158,169,168,166,164,163,161,564,1
169,168,166,169,168,166,176,175,173,169,168,166,583,1
169,168,166,176,175,173,169,168,166,161,160,158,287,1
169,168,166,169,168,166,163,162,160,169,168,166,838,2
169,168,166,169,168,166,166,165,163,169,168,166,15,2
176,175,173,169,168,166,166,165,163,169,168,166,917,2
161,160,158,169,168,166,169,168,166,169,168,166,138,1
169,168,166,169,168,166,175,174,172,169,168,166,516,1
169,168,166,169,168,166,169,168,166,161,160,158,507,1
169,168,166,169,168,166,173,172,170,169,168,166,152,1
176,175,173,169,168,166,166,165,163,169,168,166,389,2
169,168,166,169,168,166,172,171,169,169,168,166,415,1
169,168,166,169,168,166,172,171,169,169,168,166,514,1
176,175,173,169,168,166,163,162,160,169,168,166,255,2
176,175,173,169,168,166,167,166,164,169,168,166,885,2
176,175,173,169,168,166,172,171,169,169,168,166,195,1
169,168,166,169,168,166,172,171,169,169,168,166,151,1
169,168,166,169,168,166,172,171,169,169,168,166,184,1
169,168,166,169,168,166,167,166,164,169,168,166,742,2
169,168,166,176,175,173,169,168,166,167,166,164,621,1
161,160,158,169,168,166,176,175,173,169,168,166,473,1
161,160,158,169,168,166,175,174,172,169,168,166,802,1
161,160,158,169,168,166,172,171,169,169,168,166,767,1
169,168,166,176,175,173,169,168,166,176,175,173,198,2
161,160,158,169,168,166,161,160,158,169,168,166,859,2
176,175,173,169,168,166,161,160,158,169,168,166,584,2
169,168,166,169,168,166,173,172,170,169,168,166,911,1
169,168,166,169,168,166,161,160,158,169,168,166,45,2
176,175,173,169,168,166,169,168,166,169,168,166,622,1
176,175,173,169,168,166,175,174,172,169,168,166,32,1
169,168,166,169,168,166,170,169,167,169,168,166,513,1
169,168,166,169,168,166,166,165,163,169,168,166,114,2
169,168,166,169,168,166,169,168,166,176,175,173,946,2
176,175,173,169,168,166,161,160,158,169,168,166,518,2
169,168,166,176,175,173,169,168,166,163,162,160,816,1
176,175,173,169,168,166,176,175,173,169,168,166,363,1
176,175,173,169,168,166,167,166,164,169,168,166,786,2
169,168,166,176,175,173,169,168,166,164,163,161,982,1
169,168,166,161,160,158,169,168,166,170,169,167,304,2
169,168,166,169,168,166,166,165,163,169,168,166,444,2
169,168,166,169,168,166,166,165,163,169,168,166,411,2
169,168,166,169,168,166,169,168,166,163,162,160,904,1
169,168,166,176,175,173,169,168,166,161,160,158,23,1
169,168,166,176,175,173,169,168,166,170,169,167,425,2
169,168,166,176,175,173,169,168,166,175,174,172,197,2
176,175,173,169,168,166,176,175,173,169,168,166,495,1
169,168,166,161,160,158,169,168,166,173,172,170,834,2
169,168,166,169,168,166,173,172,170,169,168,166,812,1
169,168,166,161,160,158,169,168,166,163,162,160,68,1
169,168,166,161,160,158,169,168,166,164,163,161,960,1
176,175,173,169,168,166,172,171,169,169,168,166,63,1
169,168,166,176,175,173,169,168,166,172,171,169,723,2
169,168,166,161,160,158,169,168,166,176,175,173,440,2
176,175,173,169,168,166,164,163,161,169,168,166,190,2
169,168,166,176,175,173,169,168,166,176,175,173,627,2
169,168,166,169,168,166,164,163,161,169,168,166,509,2
169,168,166,161,160,158,169,168,166,175,174,172,175,2
169,168,166,161,160,158,169,168,166,169,168,166,699,2
169,168,166,176,175,173,169,168,166,175,174,172,65,2
169,168,166,161,160,158,169,168,166,163,162,160,926,1
169,168,166,169,168,166,169,168,166,169,168,166,314,2
169,168,166,176,175,173,169,168,166,167,166,164,918,1
169,168,166,169,168,166,169,168,166,176,175,173,814,2
169,168,166,169,168,166,163,162,160,169,168,166,79,2
176,175,173,169,168,166,164,163,161,169,168,166,487,2
169,168,166,161,160,158,169,168,166,175,174,172,868,2
161,160,158,169,168,166,161,160,158,169,168,166,529,2
169,168,166,161,160,158,169,168,166,163,162,160,497,1
161,160,158,169,168,166,176,175,173,169,168,166,77,1
169,168,166,169,168,166,169,168,166,167,166,164,874,1
169,168,166,176,175,173,169,168,166,167,166,164,489,1
169,168,166,169,168,166,169,168,166,166,165,163,807,1
169,168,166,169,168,166,167,166,164,169,168,166,346,2
176,175,173,169,168,166,164,163,161,169,168,166,256,2
169,168,166,176,175,173,169,168,166,167,166,164,852,1
169,168,166,176,175,173,169,168,166,164,163,161,124,1
169,168,166,161,160,158,169,168,166,175,174,172,967,2
169,168,166,161,160,158,169,168,166,170,169,167,700,2
176,175,173,169,168,166,161,160,158,169,168,166,155,2
169,168,166,169,168,166,169,168,166,164,163,161,278,1
169,168,166,176,175,173,169,168,166,161,160,158,914,1
169,168,166,169,168,166,169,168,166,169,168,166,974,2
169,168,166,176,175,173,169,168,166,172,171,169,789,2
161,160,158,169,168,166,175,174,172,169,168,166,10,1
169,168,166,169,168,166,166,165,163,169,168,166,180,2
161,160,158,169,168,166,164,163,161,169,168,166,3,2
169,168,166,176,175,173,169,168,166,176,175,173,792,2
161,160,158,169,168,166,172,171,169,169,168,166,602,1
169,168,166,161,160,158,169,168,166,161,160,158,958,1
169,168,166,161,160,158,169,168,166,170,169,167,898,2
169,168,166,169,168,166,169,168,166,169,168,166,611,2
169,168,166,161,160,158,169,168,166,166,165,163,169,1
161,160,158,169,168,166,164,163,161,169,168,166,861,2
169,168,166,176,175,173,169,168,166,161,160,158,980,1
169,168,166,169,168,166,173,172,170,169,168,166,944,1
169,168,166,169,168,166,169,168,166,175,174,172,87,2
169,168,166,169,168,166,176,175,173,169,168,166,22,1
161,160,158,169,168,166,170,169,167,169,168,166,634,1
161,160,158,169,168,166,167,166,164,169,168,166,302,2
169,168,166,176,175,173,169,168,166,173,172,170,922,2
169,168,166,169,168,166,170,169,167,169,168,166,777,1
169,168,166,169,168,166,169,168,166,161,160,158,639,1
169,168,166,161,160,158,169,168,166,175,174,172,142,2
161,160,158,169,168,166,163,162,160,169,168,166,794,2
169,168,166,169,168,166,163,162,160,169,168,166,376,2
169,168,166,161,160,158,169,168,166,167,166,164,665,1
169,168,166,176,175,173,169,168,166,166,165,163,224,1
176,175,173,169,168,166,173,172,170,169,168,166,757,1
169,168,166,169,168,166,169,168,166,176,175,173,715,2
169,168,166,161,160,158,169,168,166,170,169,167,436,2
169,168,166,161,160,158,169,168,166,170,169,167,964,2
176,175,173,169,168,166,173,172,170,169,168,166,64,1
161,160,158,169,168,166,169,168,166,169,168,166,501,1
169,168,166,169,168,166,169,168,166,176,175,173,55,2
169,168,166,161,160,158,169,168,166,170,169,167,370,2
169,168,166,169,168,166,169,168,166,166,165,163,675,1
176,175,173,169,168,166,169,168,166,169,168,166,787,1
176,175,173,169,168,166,176,175,173,169,168,166,66,1
169,168,166,161,160,158,169,168,166,173,172,170,966,2
161,160,158,169,168,166,167,166,164,169,168,166,896,2
169,168,166,161,160,158,169,168,166,163,162,160,233,1
176,175,173,169,168,166,175,174,172,169,168,166,626,1
169,168,166,169,168,166,169,168,166,169,168,166,743,2
176,175,173,169,168,166,167,166,164,169,168,166,984,2
169,168,166,161,160,158,169,168,166,170,169,167,865,2
169,168,166,176,175,173,169,168,166,169,168,166,127,2
169,168,166,169,168,166,167,166,164,169,168,166,940,2
169,168,166,169,168,166,167,166,164,169,168,166,82,2
161,160,158,169,168,166,173,172,170,169,168,166,900,1
169,168,166,161,160,158,169,168,166,172,171,169,305,2
169,168,166,176,175,173,169,168,166,170,169,167,359,2
169,168,166,169,168,166,169,168,166,172,171,169,448,2
176,175,173,169,168,166,164,163,161,169,168,166,685,2
161,160,158,169,168,166,163,162,160,169,168,166,827,2
169,168,166,161,160,158,169,168,166,169,168,166,963,2
169,168,166,161,160,158,169,168,166,169,168,166,897,2
169,168,166,161,160,158,169,168,166,172,171,169,569,2
169,168,166,169,168,166,169,168,166,167,166,164,181,1
161,160,158,169,168,166,173,172,170,169,168,166,9,1
161,160,158,169,168,166,173,172,170,169,168,166,174,1
169,168,166,169,168,166,172,171,169,169,168,166,811,1
169,168,166,161,160,158,169,168,166,166,165,163,367,1
169,168,166,176,175,173,169,168,166,163,162,160,915,1
161,160,158,169,168,166,176,175,173,169,168,166,968,1
169,168,166,176,175,173,169,168,166,173,172,170,526,2
169,168,166,169,168,166,169,168,166,166,165,163,840,1
169,168,166,176,175,173,169,168,166,170,169,167,656,2
169,168,166,169,168,166,161,160,158,169,168,166,969,2
169,168,166,169,168,166,169,168,166,164,163,161,872,1
176,175,173,169,168,166,163,162,160,169,168,166,849,2
176,175,173,169,168,166,176,175,173,169,168,166,132,1
169,168,166,169,168,166,172,171,169,169,168,166,712,1
169,168,166,169,168,166,169,168,166,175,174,172,846,2
169,168,166,169,168,166,161,160,158,169,168,166,540,2
161,160,158,169,168,166,169,168,166,169,168,166,930,1
176,175,173,169,168,166,175,174,172,169,168,166,659,1
169,168,166,161,160,158,169,168,166,175,174,172,835,2
169,168,166,169,168,166,164,163,161,169,168,166,674,2
176,175,173,169,168,166,172,171,169,169,168,166,162,1
169,168,166,161,160,158,169,168,166,161,160,158,397,1
176,175,173,169,168,166,173,172,170,169,168,166,691,1
169,168,166,169,168,166,169,168,166,175,174,172,318,2
169,168,166,176,175,173,169,168,166,166,165,163,125,1
161,160,158,169,168,166,175,174,172,169,168,166,505,1
169,168,166,161,160,158,169,168,166,167,166,164,698,1
161,160,158,169,168,166,161,160,158,169,168,166,67,2
169,168,166,161,160,158,169,168,166,166,165,163,697,1
169,168,166,169,168,166,176,175,173,169,168,166,154,1
169,168,166,169,168,166,169,168,166,166,165,163,576,1
169,168,166,176,175,173,169,168,166,169,168,166,820,2
169,168,166,169,168,166,172,171,169,169,168,166,85,1
169,168,166,169,168,166,169,168,166,172,171,169,580,2
176,175,173,169,168,166,166,165,163,169,168,166,488,2
176,175,173,169,168,166,169,168,166,169,168,166,94,1
169,168,166,176,175,173,169,168,166,173,172,170,790,2
169,168,166,169,168,166,169,168,166,167,166,164,214,1
169,168,166,169,168,166,169,168,166,164,163,161,476,1
161,160,158,169,168,166,176,175,173,169,168,166,374,1
169,168,166,169,168,166,164,163,161,169,168,166,575,2
161,160,158,169,168,166,164,163,161,169,168,166,894,2
169,168,166,161,160,158,169,168,166,161,160,158,133,1
169,168,166,176,175,173,169,168,166,164,163,161,454,1
169,168,166,176,175,173,169,168,166,175,174,172,428,2
169,168,166,161,160,158,169,168,166,172,171,169,503,2
161,160,158,169,168,166,175,174,172,169,168,166,340,1
169,168,166,161,160,158,169,168,166,172,171,169,965,2
161,160,158,169,168,166,164,163,161,169,168,166,828,2
169,168,166,169,168,166,164,163,161,169,168,166,377,2
169,168,166,176,175,173,169,168,166,175,174,172,857,2
169,168,166,161,160,158,169,168,166,164,163,161,300,1
176,175,173,169,168,166,172,171,169,169,168,166,822,1
169,168,166,161,160,158,169,168,166,173,172,170,405,2
169,168,166,169,168,166,164,163,161,169,168,166,245,2
169,168,166,161,160,158,169,168,166,163,162,160,431,1
161,160,158,169,168,166,173,172,170,169,168,166,273,1
161,160,158,169,168,166,176,175,173,169,168,166,308,1
169,168,166,169,168,166,169,168,166,161,160,158,243,1
176,175,173,169,168,166,166,165,163,169,168,166,356,2
161,160,158,169,168,166,172,171,169,169,168,166,800,1
161,160,158,169,168,166,161,160,158,169,168,166,925,2
161,160,158,169,168,166,164,163,161,169,168,166,597,2
169,168,166,169,168,166,161,160,158,169,168,166,837,2
176,175,173,169,168,166,169,168,166,169,168,166,259,1
169,168,166,176,175,173,169,168,166,173,172,170,988,2
169,168,166,169,168,166,170,169,167,169,168,166,381,1
161,160,158,169,168,166,170,169,167,169,168,166,502,1
169,168,166,176,175,173,169,168,166,167,166,164,291,1
169,168,166,161,160,158,169,168,166,170,169,167,139,2
169,168,166,169,168,166,169,168,166,172,171,169,481,2
176,175,173,169,168,166,163,162,160,169,168,166,123,2
176,175,173,169,168,166,172,171,169,169,168,166,987,1
169,168,166,161,160,158,169,168,166,163,162,160,893,1
161,160,158,169,168,166,170,169,167,169,168,166,337,1
169,168,166,169,168,166,173,172,170,169,168,166,614,1
169,168,166,161,160,158,169,168,166,170,169,167,733,2
176,175,173,169,168,166,176,175,173,169,168,166,594,1
169,168,166,176,175,173,169,168,166,164,163,161,619,1
169,168,166,176,175,173,169,168,166,164,163,161,883,1
169,168,166,176,175,173,169,168,166,161,160,158,947,1
176,175,173,169,168,166,161,160,158,169,168,166,188,2
161,160,158,169,168,166,164,163,161,169,168,166,333,2
169,168,166,176,175,173,169,168,166,167,166,164,819,1
169,168,166,169,168,166,176,175,173,169,168,166,319,1
176,175,173,169,168,166,167,166,164,169,168,166,126,2
169,168,166,161,160,158,169,168,166,175,174,172,637,2
169,168,166,161,160,158,169,168,166,170,169,167,469,2
169,168,166,169,168,166,176,175,173,169,168,166,682,1
176,175,173,169,168,166,167,166,164,169,168,166,60,2
169,168,166,176,175,173,169,168,166,161,160,158,848,1
169,168,166,169,168,166,161,160,158,169,168,166,375,2
169,168,166,169,168,166,169,168,166,169,168,166,809,1
161,160,158,169,168,166,173,172,170,169,168,166,702,1
161,160,158,169,168,166,163,162,160,169,168,166,596,2
169,168,166,161,160,158,169,168,166,164,163,161,927,1
169,168,166,169,168,166,170,169,167,169,168,166,249,1
169,168,166,161,160,158,169,168,166,163,162,160,266,1
169,168,166,161,160,158,169,168,166,172,171,169,41,2
161,160,158,169,168,166,161,160,158,169,168,166,694,2
169,168,166,169,168,166,169,168,166,164,163,161,410,1
176,175,173,169,168,166,166,165,163,169,168,166,257,2
169,168,166,161,160,158,169,168,166,176,175,173,638,2
161,160,158,169,168,166,176,175,173,169,168,166,803,1
161,160,158,169,168,166,166,165,163,169,168,166,301,2
169,168,166,169,168,166,173,172,170,169,168,166,317,1
169,168,166,176,175,173,169,168,166,166,165,163,521,1
176,175,173,169,168,166,167,166,164,169,168,166,555,2
169,168,166,161,160,158,169,168,166,176,175,173,869,2
169,168,166,169,168,166,172,171,169,169,168,166,877,1
169,168,166,169,168,166,169,168,166,173,172,170,845,2
169,168,166,161,160,158,169,168,166,164,163,161,663,1
169,168,166,169,168,166,176,175,173,169,168,166,517,1
161,160,158,169,168,166,166,165,163,169,168,166,598,2
161,160,158,169,168,166,173,172,170,169,168,166,867,1
169,168,166,176,175,173,169,168,166,169,168,166,688,2
176,175,173,169,168,166,167,166,164,169,168,166,357,2
176,175,173,169,168,166,173,172,170,169,168,166,163,1
169,168,166,176,175,173,169,168,166,161,160,158,221,1
169,168,166,176,175,173,169,168,166,172,171,169,327,2
161,160,158,169,168,166,170,169,167,169,168,166,7,1
169,168,166,161,160,158,169,168,166,176,175,173,341,2
169,168,166,161,160,158,169,168,166,166,165,163,895,1
161,160,158,169,168,166,170,169,167,169,168,166,271,1
161,160,158,169,168,166,170,169,167,169,168,166,799,1
169,168,166,169,168,166,167,166,164,169,168,166,379,2
169,168,166,169,168,166,169,168,166,166,165,163,279,1
169,168,166,176,175,173,169,168,166,173,172,170,130,2
161,160,158,169,168,166,169,168,166,169,168,166,402,1
169,168,166,169,168,166,176,175,173,169,168,166,187,1
176,175,173,169,168,166,173,172,170,169,168,166,97,1
169,168,166,176,175,173,169,168,166,163,162,160,288,1
176,175,173,169,168,166,176,175,173,169,168,166,990,1
169,168,166,176,175,173,169,168,166,164,163,161,388,1
169,168,166,161,160,158,169,168,166,172,171,169,8,2
176,175,173,169,168,166,176,175,173,169,168,166,891,1
169,168,166,169,168,166,169,168,166,176,175,173,253,2
169,168,166,169,168,166,169,168,166,172,171,169,547,2
169,168,166,169,168,166,169,168,166,161,160,158,210,1
161,160,158,169,168,166,173,172,170,169,168,166,438,1
169,168,166,169,168,166,169,168,166,169,168,166,677,2
169,168,166,176,175,173,169,168,166,161,160,158,56,1
169,168,166,169,168,166,169,168,166,169,168,166,446,2
169,168,166,161,160,158,169,168,166,163,162,160,332,1
169,168,166,176,175,173,169,168,166,175,174,172,98,2
169,168,166,169,168,166,161,160,158,169,168,166,78,2
169,168,166,161,160,158,169,168,166,163,162,160,662,1
161,160,158,169,168,166,172,171,169,169,168,166,173,1
176,175,173,169,168,166,170,169,167,169,168,166,623,1
169,168,166,161,160,158,169,168,166,163,162,160,464,1
169,168,166,169,168,166,169,168,166,169,168,166,479,2
169,168,166,169,168,166,164,163,161,169,168,166,146,2
169,168,166,176,175,173,169,168,166,173,172,170,328,2
169,168,166,176,175,173,169,168,166,170,169,167,689,2
169,168,166,161,160,158,169,168,166,167,166,164,962,1
169,168,166,161,160,158,169,168,166,170,169,167,73,2
169,168,166,169,168,166,169,168,166,170,169,167,216,2
169,168,166,161,160,158,169,168,166,175,174,172,472,2
169,168,166,169,168,166,169,168,166,175,174,172,582,2
169,168,166,161,160,158,169,168,166,175,174,172,934,2
169,168,166,161,160,158,169,168,166,169,168,166,270,2
169,168,166,176,175,173,169,168,166,175,174,172,395,2
161,160,158,169,168,166,161,160,158,169,168,166,595,2
169,168,166,169,168,166,169,168,166,170,169,167,348,2
161,160,158,169,168,166,169,168,166,169,168,166,633,1
169,168,166,169,168,166,169,168,166,169,168,166,545,2
169,168,166,169,168,166,167,166,164,169,168,166,412,2
161,160,158,169,168,166,164,163,161,169,168,166,135,2
169,168,166,176,175,173,169,168,166,170,169,167,62,2
176,175,173,169,168,166,163,162,160,169,168,166,882,2
169,168,166,176,175,173,169,168,166,164,163,161,553,1
169,168,166,161,160,158,169,168,166,170,169,167,106,2
176,175,173,169,168,166,166,165,163,169,168,166,686,2
176,175,173,169,168,166,175,174,172,169,168,166,692,1
161,160,158,169,168,166,170,169,167,169,168,166,832,1
169,168,166,161,160,158,169,168,166,161,160,158,331,1
169,168,166,176,175,173,169,168,166,172,171,169,921,2
161,160,158,169,168,166,176,175,173,169,168,166,242,1
176,175,173,169,168,166,169,168,166,169,168,166,556,1
169,168,166,169,168,166,169,168,166,167,166,164,511,1
161,160,158,169,168,166,164,163,161,169,168,166,729,2
161,160,158,169,168,166,167,166,164,169,168,166,104,2
169,168,166,169,168,166,169,168,166,163,162,160,805,1
161,160,158,169,168,166,167,166,164,169,168,166,401,2
169,168,166,161,160,158,169,168,166,172,171,169,668,2
169,168,166,161,160,158,169,168,166,167,166,164,38,1
161,160,158,169,168,166,172,171,169,169,168,166,635,1
176,175,173,169,168,166,175,174,172,169,168,166,758,1
169,168,166,176,175,173,169,168,166,166,165,163,290,1
169,168,166,169,168,166,169,168,166,173,172,170,119,2
161,160,158,169,168,166,169,168,166,169,168,166,765,1
169,168,166,169,168,166,173,172,170,169,168,166,449,1
176,175,173,169,168,166,169,168,166,169,168,166,952,1
169,168,166,169,168,166,169,168,166,163,162,160,871,1
176,175,173,169,168,166,175,174,172,169,168,166,956,1
169,168,166,169,168,166,170,169,167,169,168,166,18,1
176,175,173,169,168,166,176,175,173,169,168,166,264,1
169,168,166,169,168,166,164,163,161,169,168,166,707,2
169,168,166,169,168,166,170,169,167,169,168,166,744,1
169,168,166,169,168,166,175,174,172,169,168,166,615,1
169,168,166,169,168,166,169,168,166,173,172,170,218,2
161,160,158,169,168,166,161,160,158,169,168,166,232,2
161,160,158,169,168,166,161,160,158,169,168,166,430,2
161,160,158,169,168,166,172,171,169,169,168,166,932,1
169,168,166,169,168,166,172,171,169,169,168,166,316,1
169,168,166,169,168,166,169,168,166,172,171,169,844,2
169,168,166,161,160,158,169,168,166,172,171,169,866,2
169,168,166,169,168,166,172,171,169,169,168,166,976,1
169,168,166,161,160,158,169,168,166,172,171,169,338,2
161,160,158,169,168,166,176,175,173,169,168,166,506,1
161,160,158,169,168,166,163,162,160,169,168,166,167,2
161,160,158,169,168,166,163,162,160,169,168,166,563,2
169,168,166,169,168,166,169,168,166,169,168,166,578,2
169,168,166,176,175,173,169,168,166,170,169,167,161,2
169,168,166,169,168,166,169,168,166,172,171,169,52,2
176,175,173,169,168,166,167,166,164,169,168,166,720,2
169,168,166,176,175,173,169,168,166,169,168,166,589,2
176,175,173,169,168,166,169,168,166,169,168,166,457,1
161,160,158,169,168,166,173,172,170,169,168,166,75,1
169,168,166,169,168,166,166,165,163,169,168,166,906,2
169,168,166,176,175,173,169,168,166,170,169,167,491,2
169,168,166,176,175,173,169,168,166,164,163,161,25,1
176,175,173,169,168,166,172,171,169,169,168,166,360,1
169,168,166,169,168,166,176,175,173,169,168,166,220,1
169,168,166,169,168,166,169,168,166,172,171,169,283,2
169,168,166,169,168,166,169,168,166,161,160,158,474,1
161,160,158,169,168,166,170,169,167,169,168,166,601,1
169,168,166,169,168,166,169,168,166,164,163,161,80,1
169,168,166,161,160,158,169,168,166,163,162,160,761,1
161,160,158,169,168,166,161,160,158,169,168,166,892,2
169,168,166,176,175,173,169,168,166,169,168,166,523,2
169,168,166,161,160,158,169,168,166,170,169,167,766,2
161,160,158,169,168,166,166,165,163,169,168,166,70,2
169,168,166,169,168,166,169,168,166,164,163,161,113,1
169,168,166,176,175,173,169,168,166,163,162,160,156,1
169,168,166,169,168,166,169,168,166,175,174,172,879,2
169,168,166,169,168,166,169,168,166,176,175,173,979,2
169,168,166,169,168,166,169,168,166,170,169,167,579,2
161,160,158,169,168,166,167,166,164,169,168,166,368,2
169,168,166,161,160,158,169,168,166,170,169,167,238,2
169,168,166,176,175,173,169,168,166,169,168,166,655,2
161,160,158,169,168,166,172,171,169,169,168,166,734,1
176,175,173,169,168,166,175,174,172,169,168,166,890,1
169,168,166,169,168,166,169,168,166,170,169,167,876,2
169,168,166,169,168,166,164,163,161,169,168,166,344,2
161,160,158,169,168,166,164,163,161,169,168,166,234,2
161,160,158,169,168,166,167,166,164,169,168,166,632,2
169,168,166,169,168,166,169,168,166,167,166,164,478,1
169,168,166,161,160,158,169,168,166,161,160,158,34,1
169,168,166,176,175,173,169,168,166,175,174,172,164,2
169,168,166,176,175,173,169,168,166,173,172,170,658,2
161,160,158,169,168,166,167,166,164,169,168,166,71,2
169,168,166,169,168,166,169,168,166,163,162,160,145,1
169,168,166,176,175,173,169,168,166,164,163,161,289,1
169,168,166,169,168,166,176,175,173,169,168,166,880,1
169,168,166,161,160,158,169,168,166,175,174,172,406,2
176,175,173,169,168,166,163,162,160,169,168,166,948,2
176,175,173,169,168,166,167,166,164,169,168,166,27,2
169,168,166,176,175,173,169,168,166,163,162,160,222,1
169,168,166,176,175,173,169,168,166,173,172,170,823,2
169,168,166,169,168,166,169,168,166,169,168,166,50,1
169,168,166,161,160,158,169,168,166,163,162,160,695,1
161,160,158,169,168,166,176,175,173,169,168,166,902,1
176,175,173,169,168,166,172,171,169,169,168,166,756,1
176,175,173,169,168,166,161,160,158,169,168,166,419,2
169,168,166,161,160,158,169,168,166,164,163,161,36,1
169,168,166,176,175,173,169,168,166,175,174,172,824,2
169,168,166,161,160,158,169,168,166,172,171,169,404,2
169,168,166,161,160,158,169,168,166,170,169,167,535,2
176,175,173,169,168,166,167,166,164,169,168,166,588,2
176,175,173,169,168,166,166,165,163,169,168,166,59,2
169,168,166,169,168,166,173,172,170,169,168,166,20,1
169,168,166,161,160,158,169,168,166,176,175,173,572,2
169,168,166,169,168,166,169,168,166,161,160,158,573,1
161,160,158,169,168,166,167,166,164,169,168,166,731,2
161,160,158,169,168,166,169,168,166,169,168,166,798,1
169,168,166,176,175,173,169,168,166,161,160,158,254,1
176,175,173,169,168,166,176,175,173,169,168,166,528,1
169,168,166,169,168,166,169,168,166,175,174,172,714,2
176,175,173,169,168,166,176,175,173,169,168,166,957,1
161,160,158,169,168,166,175,174,172,169,168,166,76,1
169,168,166,161,160,158,169,168,166,176,175,173,44,2
169,168,166,176,175,173,169,168,166,170,169,167,326,2
169,168,166,176,175,173,169,168,166,170,169,167,458,2
161,160,158,169,168,166,175,174,172,169,168,166,604,1
169,168,166,161,160,158,169,168,166,167,166,164,500,1
169,168,166,161,160,158,169,168,166,175,174,172,208,2
169,168,166,176,175,173,169,168,166,176,175,173,429,2
169,168,166,161,160,158,169,168,166,175,174,172,769,2
169,168,166,169,168,166,169,168,166,173,172,170,647,2
169,168,166,169,168,166,175,174,172,169,168,166,21,1
161,160,158,169,168,166,163,162,160,169,168,166,959,2
169,168,166,176,175,173,169,168,166,163,162,160,90,1
169,168,166,169,168,166,170,169,167,169,168,166,480,1
161,160,158,169,168,166,166,165,163,169,168,166,268,2
169,168,166,161,160,158,169,168,166,172,171,169,206,2
161,160,158,169,168,166,169,168,166,169,168,166,39,1
169,168,166,161,160,158,169,168,166,167,166,164,137,1
169,168,166,161,160,158,169,168,166,173,172,170,801,2
169,168,166,176,175,173,169,168,166,170,169,167,986,2
169,168,166,169,168,166,173,172,170,169,168,166,86,1
169,168,166,176,175,173,169,168,166,172,171,169,459,2
169,168,166,169,168,166,169,168,166,175,174,172,912,2
176,175,173,169,168,166,172,171,169,169,168,166,261,1
