140, 1, 1, RGBA(74, 74, 74, 255), RGBA(70, 70, 70, 160), RGBA(70, 70, 70, 255), RGBA(70, 70, 70, 160)
202, 2, 1, RGBA(66, 66, 66, 255), RGBA(70, 70, 70, 160), RGBA(70, 70, 70, 255), RGBA(70, 70, 70, 160)
215, 2, 1, RGBA(70, 70, 70, 255), RGBA(70, 70, 70, 160), RGBA(70, 70, 70, 255), RGBA(70, 70, 70, 160)
47, 1, 1, RGBA(70, 70, 70, 255), RGBA(70, 70, 70, 160), RGBA(64, 64, 64, 255), RGBA(70, 70, 70, 160)
234, 1, 1, RGBA(70, 70, 70, 255), RGBA(70, 70, 70, 160), RGBA(64, 64, 64, 255), RGBA(70, 70, 70, 160)
175, 1, 1, RGBA(78, 78, 78, 255), RGBA(70, 70, 70, 160), RGBA(70, 70, 70, 255), RGBA(70, 70, 70, 160)
139, 1, 1, RGBA(72, 72, 72, 255), RGBA(70, 70, 70, 160), RGBA(70, 70, 70, 255), RGBA(70, 70, 70, 160)
102, 2, 2, RGBA(64, 64, 64, 255), RGBA(70, 70, 70, 160), RGBA(70, 70, 70, 255), RGBA(70, 70, 70, 160)
3, 1, 1, RGBA(70, 70, 70, 255), RGBA(70, 70, 70, 160), RGBA(64, 64, 64, 255), RGBA(70, 70, 70, 160)
305, 1, 1, RGBA(74, 74, 74, 255), RGBA(70, 70, 70, 160), RGBA(70, 70, 70, 255), RGBA(70, 70, 70, 160)
57, 2, 2, RGBA(62, 62, 62, 255), RGBA(70, 70, 70, 160), RGBA(70, 70, 70, 255), RGBA(70, 70, 70, 160)
250, 2, 2, RGBA(70, 70, 70, 255), RGBA(70, 70, 70, 160), RGBA(74, 74, 74, 255), RGBA(70, 70, 70, 160)
289, 2, 1, RGBA(64, 64, 64, 255), RGBA(70, 70, 70, 160), RGBA(70, 70, 70, 255), RGBA(70, 70, 70, 160)
258, 1, 2, RGBA(70, 70, 70, 255), RGBA(70, 70, 70, 160), RGBA(68, 68, 68, 255), RGBA(70, 70, 70, 160)
83, 1, 2, RGBA(70, 70, 70, 255), RGBA(70, 70, 70, 160), RGBA(70, 70, 70, 255), RGBA(70, 70, 70, 160)
155, 2, 1, RGBA(60, 60, 60, 255), RGBA(70, 70, 70, 160), RGBA(70, 70, 70, 255), RGBA(70, 70, 70, 160)
100, 2, 2, RGBA(60, 60, 60, 255), RGBA(70, 70, 70, 160), RGBA(70, 70, 70, 255), RGBA(70, 70, 70, 160)
46, 2, 2, RGBA(62, 62, 62, 255), RGBA(70, 70, 70, 160), RGBA(70, 70, 70, 255), RGBA(70, 70, 70, 160)
308, 1, 1, RGBA(80, 80, 80, 255), RGBA(70, 70, 70, 160), RGBA(70, 70, 70, 255), RGBA(70, 70, 70, 160)
136, 1, 1, RGBA(70, 70, 70, 255), RGBA(70, 70, 70, 160), RGBA(66, 66, 66, 255), RGBA(70, 70, 70, 160)
161, 1, 1, RGBA(72, 72, 72, 255), RGBA(70, 70, 70, 160), RGBA(70, 70, 70, 255), RGBA(70, 70, 70, 160)
280, 2, 2, RGBA(68, 68, 68, 255), RGBA(70, 70, 70, 160), RGBA(70, 70, 70, 255), RGBA(70, 70, 70, 160)
193, 2, 1, RGBA(70, 70, 70, 255), RGBA(70, 70, 70, 160), RGBA(70, 70, 70, 255), RGBA(70, 70, 70, 160)
274, 2, 2, RGBA(70, 70, 70, 255), RGBA(70, 70, 70, 160), RGBA(78, 78, 78, 255), RGBA(70, 70, 70, 160)
313, 1, 2, RGBA(70, 70, 70, 255), RGBA(70, 70, 70, 160), RGBA(68, 68, 68, 255), RGBA(70, 70, 70, 160)
80, 2, 2, RGBA(64, 64, 64, 255), RGBA(70, 70, 70, 160), RGBA(70, 70, 70, 255), RGBA(70, 70, 70, 160)
148, 2, 2, RGBA(68, 68, 68, 255), RGBA(70, 70, 70, 160), RGBA(70, 70, 70, 255), RGBA(70, 70, 70, 160)
203, 1, 2, RGBA(70, 70, 70, 255), RGBA(70, 70, 70, 160), RGBA(68, 68, 68, 255), RGBA(70, 70, 70, 160)
52, 1, 1, RGBA(74, 74, 74, 255), RGBA(70, 70, 70, 160), RGBA(70, 70, 70, 255), RGBA(70, 70, 70, 160)
160, 1, 1, RGBA(70, 70, 70, 255), RGBA(70, 70, 70, 160), RGBA(70, 70, 70, 255), RGBA(70, 70, 70, 160)
10, 2, 2, RGBA(70, 70, 70, 255), RGBA(70, 70, 70, 160), RGBA(78, 78, 78, 255), RGBA(70, 70, 70, 160)
39, 1, 1, RGBA(70, 70, 70, 255), RGBA(70, 70, 70, 160), RGBA(70, 70, 70, 255), RGBA(70, 70, 70, 160)
135, 2, 2, RGBA(64, 64, 64, 255), RGBA(70, 70, 70, 160), RGBA(70, 70, 70, 255), RGBA(70, 70, 70, 160)
87, 2, 2, RGBA(70, 70, 70, 255), RGBA(70, 70, 70, 160), RGBA(78, 78, 78, 255), RGBA(70, 70, 70, 160)
218, 2, 2, RGBA(70, 70, 70, 255), RGBA(70, 70, 70, 160), RGBA(76, 76, 76, 255), RGBA(70, 70, 70, 160)
162, 1, 2, RGBA(74, 74, 74, 255), RGBA(70, 70, 70, 160), RGBA(70, 70, 70, 255), RGBA(70, 70, 70, 160)
2, 2, 2, RGBA(62, 62, 62, 255), RGBA(70, 70, 70, 160), RGBA(70, 70, 70, 255), RGBA(70, 70, 70, 160)
327, 1, 1, RGBA(74, 74, 74, 255), RGBA(70, 70, 70, 160), RGBA(70, 70, 70, 255), RGBA(70, 70, 70, 160)
243, 1, 1, RGBA(70, 70, 70, 255), RGBA(70, 70, 70, 160), RGBA(60, 60, 60, 255), RGBA(70, 70, 70, 160)
310, 2, 2, RGBA(62, 62, 62, 255), RGBA(70, 70, 70, 160), RGBA(70, 70, 70, 255), RGBA(70, 70, 70, 160)
182, 1, 2, RGBA(70, 70, 70, 255), RGBA(70, 70, 70, 160), RGBA(70, 70, 70, 255), RGBA(70, 70, 70, 160)
8, 1, 2, RGBA(74, 74, 74, 255), RGBA(70, 70, 70, 160), RGBA(70, 70, 70, 255), RGBA(70, 70, 70, 160)
317, 1, 2, RGBA(76, 76, 76, 255), RGBA(70, 70, 70, 160), RGBA(70, 70, 70, 255), RGBA(70, 70, 70, 160)
147, 1, 2, RGBA(70, 70, 70, 255), RGBA(70, 70, 70, 160), RGBA(66, 66, 66, 255), RGBA(70, 70, 70, 160)
112, 2, 2, RGBA(62, 62, 62, 255), RGBA(70, 70, 70, 160), RGBA(70, 70, 70, 255), RGBA(70, 70, 70, 160)
322, 1, 1, RGBA(70, 70, 70, 255), RGBA(70, 70, 70, 160), RGBA(64, 64, 64, 255), RGBA(70, 70, 70, 160)
159, 1, 2, RGBA(70, 70, 70, 255), RGBA(70, 70, 70, 160), RGBA(68, 68, 68, 255), RGBA(70, 70, 70, 160)
196, 1, 2, RGBA(76, 76, 76, 255), RGBA(70, 70, 70, 160), RGBA(70, 70, 70, 255), RGBA(70, 70, 70, 160)
187, 1, 1, RGBA(80, 80, 80, 255), RGBA(70, 70, 70, 160), RGBA(70, 70, 70, 255), RGBA(70, 70, 70, 160)
292, 1, 1, RGBA(70, 70, 70, 255), RGBA(70, 70, 70, 160), RGBA(70, 70, 70, 255), RGBA(70, 70, 70, 160)
59, 1, 1, RGBA(70, 70, 70, 255), RGBA(70, 70, 70, 160), RGBA(66, 66, 66, 255), RGBA(70, 70, 70, 160)
300, 1, 2, RGBA(70, 70, 70, 255), RGBA(70, 70, 70, 160), RGBA(64, 64, 64, 255), RGBA(70, 70, 70, 160)
256, 2, 2, RGBA(64, 64, 64, 255), RGBA(70, 70, 70, 160), RGBA(70, 70, 70, 255), RGBA(70, 70, 70, 160)
37, 1, 1, RGBA(70, 70, 70, 255), RGBA(70, 70, 70, 160), RGBA(66, 66, 66, 255), RGBA(70, 70, 70, 160)
48, 1, 2, RGBA(70, 70, 70, 255), RGBA(70, 70, 70, 160), RGBA(66, 66, 66, 255), RGBA(70, 70, 70, 160)
284, 1, 2, RGBA(76, 76, 76, 255), RGBA(70, 70, 70, 160), RGBA(70, 70, 70, 255), RGBA(70, 70, 70, 160)
176, 1, 2, RGBA(80, 80, 80, 255), RGBA(70, 70, 70, 160), RGBA(70, 70, 70, 255), RGBA(70, 70, 70, 160)
271, 1, 1, RGBA(72, 72, 72, 255), RGBA(70, 70, 70, 160), RGBA(70, 70, 70, 255), RGBA(70, 70, 70, 160)
314, 2, 1, RGBA(70, 70, 70, 255), RGBA(70, 70, 70, 160), RGBA(70, 70, 70, 255), RGBA(70, 70, 70, 160)
121, 2, 1, RGBA(70, 70, 70, 255), RGBA(70, 70, 70, 160), RGBA(80, 80, 80, 255), RGBA(70, 70, 70, 160)
90, 1, 1, RGBA(70, 70, 70, 255), RGBA(70, 70, 70, 160), RGBA(62, 62, 62, 255), RGBA(70, 70, 70, 160)
153, 2, 2, RGBA(70, 70, 70, 255), RGBA(70, 70, 70, 160), RGBA(78, 78, 78, 255), RGBA(70, 70, 70, 160)
167, 1, 1, RGBA(70, 70, 70, 255), RGBA(70, 70, 70, 160), RGBA(62, 62, 62, 255), RGBA(70, 70, 70, 160)
131, 1, 1, RGBA(78, 78, 78, 255), RGBA(70, 70, 70, 160), RGBA(70, 70, 70, 255), RGBA(70, 70, 70, 160)
188, 1, 1, RGBA(70, 70, 70, 255), RGBA(70, 70, 70, 160), RGBA(60, 60, 60, 255), RGBA(70, 70, 70, 160)
117, 2, 1, RGBA(70, 70, 70, 255), RGBA(70, 70, 70, 160), RGBA(72, 72, 72, 255), RGBA(70, 70, 70, 160)
19, 1, 1, RGBA(74, 74, 74, 255), RGBA(70, 70, 70, 160), RGBA(70, 70, 70, 255), RGBA(70, 70, 70, 160)
214, 1, 1, RGBA(70, 70, 70, 255), RGBA(70, 70, 70, 160), RGBA(68, 68, 68, 255), RGBA(70, 70, 70, 160)
211, 2, 2, RGBA(62, 62, 62, 255), RGBA(70, 70, 70, 160), RGBA(70, 70, 70, 255), RGBA(70, 70, 70, 160)
150, 2, 1, RGBA(70, 70, 70, 255), RGBA(70, 70, 70, 160), RGBA(72, 72, 72, 255), RGBA(70, 70, 70, 160)
45, 1, 1, RGBA(70, 70, 70, 255), RGBA(70, 70, 70, 160), RGBA(60, 60, 60, 255), RGBA(70, 70, 70, 160)
73, 1, 1, RGBA(72, 72, 72, 255), RGBA(70, 70, 70, 160), RGBA(70, 70, 70, 255), RGBA(70, 70, 70, 160)
12, 2, 2, RGBA(60, 60, 60, 255), RGBA(70, 70, 70, 160), RGBA(70, 70, 70, 255), RGBA(70, 70, 70, 160)
95, 2, 1, RGBA(70, 70, 70, 255), RGBA(70, 70, 70, 160), RGBA(72, 72, 72, 255), RGBA(70, 70, 70, 160)
124, 1, 1, RGBA(70, 70, 70, 255), RGBA(70, 70, 70, 160), RGBA(64, 64, 64, 255), RGBA(70, 70, 70, 160)
119, 2, 2, RGBA(70, 70, 70, 255), RGBA(70, 70, 70, 160), RGBA(76, 76, 76, 255), RGBA(70, 70, 70, 160)
114, 1, 1, RGBA(70, 70, 70, 255), RGBA(70, 70, 70, 160), RGBA(66, 66, 66, 255), RGBA(70, 70, 70, 160)
255, 2, 2, RGBA(62, 62, 62, 255), RGBA(70, 70, 70, 160), RGBA(70, 70, 70, 255), RGBA(70, 70, 70, 160)
330, 2, 1, RGBA(70, 70, 70, 255), RGBA(70, 70, 70, 160), RGBA(80, 80, 80, 255), RGBA(70, 70, 70, 160)
40, 1, 2, RGBA(72, 72, 72, 255), RGBA(70, 70, 70, 160), RGBA(70, 70, 70, 255), RGBA(70, 70, 70, 160)
120, 1, 1, RGBA(78, 78, 78, 255), RGBA(70, 70, 70, 160), RGBA(70, 70, 70, 255), RGBA(70, 70, 70, 160)
34, 2, 2, RGBA(60, 60, 60, 255), RGBA(70, 70, 70, 160), RGBA(70, 70, 70, 255), RGBA(70, 70, 70, 160)
251, 2, 2, RGBA(70, 70, 70, 255), RGBA(70, 70, 70, 160), RGBA(76, 76, 76, 255), RGBA(70, 70, 70, 160)
36, 1, 2, RGBA(70, 70, 70, 255), RGBA(70, 70, 70, 160), RGBA(64, 64, 64, 255), RGBA(70, 70, 70, 160)
122, 2, 2, RGBA(60, 60, 60, 255), RGBA(70, 70, 70, 160), RGBA(70, 70, 70, 255), RGBA(70, 70, 70, 160)
219, 1, 2, RGBA(78, 78, 78, 255), RGBA(70, 70, 70, 160), RGBA(70, 70, 70, 255), RGBA(70, 70, 70, 160)
81, 1, 2, RGBA(70, 70, 70, 255), RGBA(70, 70, 70, 160), RGBA(66, 66, 66, 255), RGBA(70, 70, 70, 160)
65, 1, 2, RGBA(78, 78, 78, 255), RGBA(70, 70, 70, 160), RGBA(70, 70, 70, 255), RGBA(70, 70, 70, 160)
111, 1, 1, RGBA(70, 70, 70, 255), RGBA(70, 70, 70, 160), RGBA(60, 60, 60, 255), RGBA(70, 70, 70, 160)
97, 1, 1, RGBA(76, 76, 76, 255), RGBA(70, 70, 70, 160), RGBA(70, 70, 70, 255), RGBA(70, 70, 70, 160)
220, 1, 1, RGBA(80, 80, 80, 255), RGBA(70, 70, 70, 160), RGBA(70, 70, 70, 255), RGBA(70, 70, 70, 160)
186, 2, 2, RGBA(70, 70, 70, 255), RGBA(70, 70, 70, 160), RGBA(78, 78, 78, 255), RGBA(70, 70, 70, 160)
15, 2, 1, RGBA(66, 66, 66, 255), RGBA(70, 70, 70, 160), RGBA(70, 70, 70, 255), RGBA(70, 70, 70, 160)
126, 2, 2, RGBA(68, 68, 68, 255), RGBA(70, 70, 70, 160), RGBA(70, 70, 70, 255), RGBA(70, 70, 70, 160)
129, 2, 2, RGBA(70, 70, 70, 255), RGBA(70, 70, 70, 160), RGBA(74, 74, 74, 255), RGBA(70, 70, 70, 160)
157, 1, 2, RGBA(70, 70, 70, 255), RGBA(70, 70, 70, 160), RGBA(64, 64, 64, 255), RGBA(70, 70, 70, 160)
60, 1, 2, RGBA(70, 70, 70, 255), RGBA(70, 70, 70, 160), RGBA(68, 68, 68, 255), RGBA(70, 70, 70, 160)
257, 1, 2, RGBA(70, 70, 70, 255), RGBA(70, 70, 70, 160), RGBA(66, 66, 66, 255), RGBA(70, 70, 70, 160)
299, 1, 1, RGBA(70, 70, 70, 255), RGBA(70, 70, 70, 160), RGBA(62, 62, 62, 255), RGBA(70, 70, 70, 160)
316, 1, 1, RGBA(74, 74, 74, 255), RGBA(70, 70, 70, 160), RGBA(70, 70, 70, 255), RGBA(70, 70, 70, 160)
326, 2, 2, RGBA(70, 70, 70, 255), RGBA(70, 70, 70, 160), RGBA(72, 72, 72, 255), RGBA(70, 70, 70, 160)
221, 2, 2, RGBA(60, 60, 60, 255), RGBA(70, 70, 70, 160), RGBA(70, 70, 70, 255), RGBA(70, 70, 70, 160)
32, 1, 1, RGBA(78, 78, 78, 255), RGBA(70, 70, 70, 160), RGBA(70, 70, 70, 255), RGBA(70, 70, 70, 160)
312, 2, 2, RGBA(66, 66, 66, 255), RGBA(70, 70, 70, 160), RGBA(70, 70, 70, 255), RGBA(70, 70, 70, 160)
105, 1, 2, RGBA(70, 70, 70, 255), RGBA(70, 70, 70, 160), RGBA(70, 70, 70, 255), RGBA(70, 70, 70, 160)
301, 2, 2, RGBA(66, 66, 66, 255), RGBA(70, 70, 70, 160), RGBA(70, 70, 70, 255), RGBA(70, 70, 70, 160)
72, 2, 1, RGBA(70, 70, 70, 255), RGBA(70, 70, 70, 160), RGBA(70, 70, 70, 255), RGBA(70, 70, 70, 160)
276, 2, 2, RGBA(60, 60, 60, 255), RGBA(70, 70, 70, 160), RGBA(70, 70, 70, 255), RGBA(70, 70, 70, 160)
141, 2, 2, RGBA(70, 70, 70, 255), RGBA(70, 70, 70, 160), RGBA(76, 76, 76, 255), RGBA(70, 70, 70, 160)
163, 1, 2, RGBA(76, 76, 76, 255), RGBA(70, 70, 70, 160), RGBA(70, 70, 70, 255), RGBA(70, 70, 70, 160)
192, 2, 2, RGBA(68, 68, 68, 255), RGBA(70, 70, 70, 160), RGBA(70, 70, 70, 255), RGBA(70, 70, 70, 160)
164, 1, 1, RGBA(78, 78, 78, 255), RGBA(70, 70, 70, 160), RGBA(70, 70, 70, 255), RGBA(70, 70, 70, 160)
311, 2, 2, RGBA(64, 64, 64, 255), RGBA(70, 70, 70, 160), RGBA(70, 70, 70, 255), RGBA(70, 70, 70, 160)
116, 1, 1, RGBA(70, 70, 70, 255), RGBA(70, 70, 70, 160), RGBA(70, 70, 70, 255), RGBA(70, 70, 70, 160)
133, 1, 1, RGBA(70, 70, 70, 255), RGBA(70, 70, 70, 160), RGBA(60, 60, 60, 255), RGBA(70, 70, 70, 160)
71, 1, 1, RGBA(70, 70, 70, 255), RGBA(70, 70, 70, 160), RGBA(68, 68, 68, 255), RGBA(70, 70, 70, 160)
252, 2, 1, RGBA(70, 70, 70, 255), RGBA(70, 70, 70, 160), RGBA(78, 78, 78, 255), RGBA(70, 70, 70, 160)
28, 2, 1, RGBA(70, 70, 70, 255), RGBA(70, 70, 70, 160), RGBA(70, 70, 70, 255), RGBA(70, 70, 70, 160)
269, 1, 1, RGBA(70, 70, 70, 255), RGBA(70, 70, 70, 160), RGBA(68, 68, 68, 255), RGBA(70, 70, 70, 160)
44, 1, 1, RGBA(80, 80, 80, 255), RGBA(70, 70, 70, 160), RGBA(70, 70, 70, 255), RGBA(70, 70, 70, 160)
217, 2, 2, RGBA(70, 70, 70, 255), RGBA(70, 70, 70, 160), RGBA(74, 74, 74, 255), RGBA(70, 70, 70, 160)
323, 2, 1, RGBA(66, 66, 66, 255), RGBA(70, 70, 70, 160), RGBA(70, 70, 70, 255), RGBA(70, 70, 70, 160)
31, 2, 2, RGBA(70, 70, 70, 255), RGBA(70, 70, 70, 160), RGBA(76, 76, 76, 255), RGBA(70, 70, 70, 160)
245, 1, 1, RGBA(70, 70, 70, 255), RGBA(70, 70, 70, 160), RGBA(64, 64, 64, 255), RGBA(70, 70, 70, 160)
152, 2, 1, RGBA(70, 70, 70, 255), RGBA(70, 70, 70, 160), RGBA(76, 76, 76, 255), RGBA(70, 70, 70, 160)
137, 2, 2, RGBA(68, 68, 68, 255), RGBA(70, 70, 70, 160), RGBA(70, 70, 70, 255), RGBA(70, 70, 70, 160)
6, 2, 2, RGBA(70, 70, 70, 255), RGBA(70, 70, 70, 160), RGBA(70, 70, 70, 255), RGBA(70, 70, 70, 160)
101, 2, 2, RGBA(62, 62, 62, 255), RGBA(70, 70, 70, 160), RGBA(70, 70, 70, 255), RGBA(70, 70, 70, 160)
319, 2, 2, RGBA(70, 70, 70, 255), RGBA(70, 70, 70, 160), RGBA(80, 80, 80, 255), RGBA(70, 70, 70, 160)
108, 1, 1, RGBA(76, 76, 76, 255), RGBA(70, 70, 70, 160), RGBA(70, 70, 70, 255), RGBA(70, 70, 70, 160)
207, 1, 1, RGBA(76, 76, 76, 255), RGBA(70, 70, 70, 160), RGBA(70, 70, 70, 255), RGBA(70, 70, 70, 160)
204, 1, 1, RGBA(70, 70, 70, 255), RGBA(70, 70, 70, 160), RGBA(70, 70, 70, 255), RGBA(70, 70, 70, 160)
235, 2, 2, RGBA(66, 66, 66, 255), RGBA(70, 70, 70, 160), RGBA(70, 70, 70, 255), RGBA(70, 70, 70, 160)
53, 1, 1, RGBA(76, 76, 76, 255), RGBA(70, 70, 70, 160), RGBA(70, 70, 70, 255), RGBA(70, 70, 70, 160)
247, 1, 1, RGBA(70, 70, 70, 255), RGBA(70, 70, 70, 160), RGBA(68, 68, 68, 255), RGBA(70, 70, 70, 160)
172, 1, 2, RGBA(72, 72, 72, 255), RGBA(70, 70, 70, 160), RGBA(70, 70, 70, 255), RGBA(70, 70, 70, 160)
270, 1, 1, RGBA(70, 70, 70, 255), RGBA(70, 70, 70, 160), RGBA(70, 70, 70, 255), RGBA(70, 70, 70, 160)
210, 1, 1, RGBA(70, 70, 70, 255), RGBA(70, 70, 70, 160), RGBA(60, 60, 60, 255), RGBA(70, 70, 70, 160)
76, 1, 1, RGBA(78, 78, 78, 255), RGBA(70, 70, 70, 160), RGBA(70, 70, 70, 255), RGBA(70, 70, 70, 160)
260, 1, 1, RGBA(72, 72, 72, 255), RGBA(70, 70, 70, 160), RGBA(70, 70, 70, 255), RGBA(70, 70, 70, 160)
96, 2, 1, RGBA(70, 70, 70, 255), RGBA(70, 70, 70, 160), RGBA(74, 74, 74, 255), RGBA(70, 70, 70, 160)
309, 2, 2, RGBA(60, 60, 60, 255), RGBA(70, 70, 70, 160), RGBA(70, 70, 70, 255), RGBA(70, 70, 70, 160)
291, 2, 2, RGBA(68, 68, 68, 255), RGBA(70, 70, 70, 160), RGBA(70, 70, 70, 255), RGBA(70, 70, 70, 160)
29, 1, 1, RGBA(72, 72, 72, 255), RGBA(70, 70, 70, 160), RGBA(70, 70, 70, 255), RGBA(70, 70, 70, 160)
11, 1, 1, RGBA(80, 80, 80, 255), RGBA(70, 70, 70, 160), RGBA(70, 70, 70, 255), RGBA(70, 70, 70, 160)
290, 1, 1, RGBA(70, 70, 70, 255), RGBA(70, 70, 70, 160), RGBA(66, 66, 66, 255), RGBA(70, 70, 70, 160)
179, 2, 2, RGBA(64, 64, 64, 255), RGBA(70, 70, 70, 160), RGBA(70, 70, 70, 255), RGBA(70, 70, 70, 160)
92, 2, 1, RGBA(66, 66, 66, 255), RGBA(70, 70, 70, 160), RGBA(70, 70, 70, 255), RGBA(70, 70, 70, 160)
127, 2, 2, RGBA(70, 70, 70, 255), RGBA(70, 70, 70, 160), RGBA(70, 70, 70, 255), RGBA(70, 70, 70, 160)
320, 2, 2, RGBA(60, 60, 60, 255), RGBA(70, 70, 70, 160), RGBA(70, 70, 70, 255), RGBA(70, 70, 70, 160)
283, 2, 2, RGBA(70, 70, 70, 255), RGBA(70, 70, 70, 160), RGBA(74, 74, 74, 255), RGBA(70, 70, 70, 160)
259, 2, 2, RGBA(70, 70, 70, 255), RGBA(70, 70, 70, 160), RGBA(70, 70, 70, 255), RGBA(70, 70, 70, 160)
38, 2, 2, RGBA(68, 68, 68, 255), RGBA(70, 70, 70, 160), RGBA(70, 70, 70, 255), RGBA(70, 70, 70, 160)
78, 2, 2, RGBA(60, 60, 60, 255), RGBA(70, 70, 70, 160), RGBA(70, 70, 70, 255), RGBA(70, 70, 70, 160)
206, 1, 1, RGBA(74, 74, 74, 255), RGBA(70, 70, 70, 160), RGBA(70, 70, 70, 255), RGBA(70, 70, 70, 160)
61, 1, 2, RGBA(70, 70, 70, 255), RGBA(70, 70, 70, 160), RGBA(70, 70, 70, 255), RGBA(70, 70, 70, 160)
325, 2, 1, RGBA(70, 70, 70, 255), RGBA(70, 70, 70, 160), RGBA(70, 70, 70, 255), RGBA(70, 70, 70, 160)
328, 2, 2, RGBA(70, 70, 70, 255), RGBA(70, 70, 70, 160), RGBA(76, 76, 76, 255), RGBA(70, 70, 70, 160)
248, 2, 2, RGBA(70, 70, 70, 255), RGBA(70, 70, 70, 160), RGBA(70, 70, 70, 255), RGBA(70, 70, 70, 160)
56, 1, 1, RGBA(70, 70, 70, 255), RGBA(70, 70, 70, 160), RGBA(60, 60, 60, 255), RGBA(70, 70, 70, 160)
199, 1, 1, RGBA(70, 70, 70, 255), RGBA(70, 70, 70, 160), RGBA(60, 60, 60, 255), RGBA(70, 70, 70, 160)
67, 2, 2, RGBA(60, 60, 60, 255), RGBA(70, 70, 70, 160), RGBA(70, 70, 70, 255), RGBA(70, 70, 70, 160)
238, 1, 2, RGBA(72, 72, 72, 255), RGBA(70, 70, 70, 160), RGBA(70, 70, 70, 255), RGBA(70, 70, 70, 160)
134, 1, 1, RGBA(70, 70, 70, 255), RGBA(70, 70, 70, 160), RGBA(62, 62, 62, 255), RGBA(70, 70, 70, 160)
286, 1, 1, RGBA(80, 80, 80, 255), RGBA(70, 70, 70, 160), RGBA(70, 70, 70, 255), RGBA(70, 70, 70, 160)
27, 2, 2, RGBA(68, 68, 68, 255), RGBA(70, 70, 70, 160), RGBA(70, 70, 70, 255), RGBA(70, 70, 70, 160)
295, 1, 2, RGBA(76, 76, 76, 255), RGBA(70, 70, 70, 160), RGBA(70, 70, 70, 255), RGBA(70, 70, 70, 160)
279, 2, 2, RGBA(66, 66, 66, 255), RGBA(70, 70, 70, 160), RGBA(70, 70, 70, 255), RGBA(70, 70, 70, 160)
293, 1, 2, RGBA(72, 72, 72, 255), RGBA(70, 70, 70, 160), RGBA(70, 70, 70, 255), RGBA(70, 70, 70, 160)
267, 2, 2, RGBA(64, 64, 64, 255), RGBA(70, 70, 70, 160), RGBA(70, 70, 70, 255), RGBA(70, 70, 70, 160)
213, 2, 2, RGBA(66, 66, 66, 255), RGBA(70, 70, 70, 160), RGBA(70, 70, 70, 255), RGBA(70, 70, 70, 160)
88, 1, 1, RGBA(80, 80, 80, 255), RGBA(70, 70, 70, 160), RGBA(70, 70, 70, 255), RGBA(70, 70, 70, 160)
282, 1, 1, RGBA(72, 72, 72, 255), RGBA(70, 70, 70, 160), RGBA(70, 70, 70, 255), RGBA(70, 70, 70, 160)
98, 1, 1, RGBA(78, 78, 78, 255), RGBA(70, 70, 70, 160), RGBA(70, 70, 70, 255), RGBA(70, 70, 70, 160)
195, 1, 1, RGBA(74, 74, 74, 255), RGBA(70, 70, 70, 160), RGBA(70, 70, 70, 255), RGBA(70, 70, 70, 160)
149, 1, 1, RGBA(70, 70, 70, 255), RGBA(70, 70, 70, 160), RGBA(70, 70, 70, 255), RGBA(70, 70, 70, 160)
146, 2, 2, RGBA(64, 64, 64, 255), RGBA(70, 70, 70, 160), RGBA(70, 70, 70, 255), RGBA(70, 70, 70, 160)
94, 2, 2, RGBA(70, 70, 70, 255), RGBA(70, 70, 70, 160), RGBA(70, 70, 70, 255), RGBA(70, 70, 70, 160)
198, 2, 2, RGBA(70, 70, 70, 255), RGBA(70, 70, 70, 160), RGBA(80, 80, 80, 255), RGBA(70, 70, 70, 160)
144, 2, 2, RGBA(60, 60, 60, 255), RGBA(70, 70, 70, 160), RGBA(70, 70, 70, 255), RGBA(70, 70, 70, 160)
208, 1, 1, RGBA(78, 78, 78, 255), RGBA(70, 70, 70, 160), RGBA(70, 70, 70, 255), RGBA(70, 70, 70, 160)
138, 2, 2, RGBA(70, 70, 70, 255), RGBA(70, 70, 70, 160), RGBA(70, 70, 70, 255), RGBA(70, 70, 70, 160)
26, 1, 1, RGBA(70, 70, 70, 255), RGBA(70, 70, 70, 160), RGBA(66, 66, 66, 255), RGBA(70, 70, 70, 160)
64, 2, 2, RGBA(70, 70, 70, 255), RGBA(70, 70, 70, 160), RGBA(76, 76, 76, 255), RGBA(70, 70, 70, 160)
168, 1, 1, RGBA(70, 70, 70, 255), RGBA(70, 70, 70, 160), RGBA(64, 64, 64, 255), RGBA(70, 70, 70, 160)
1, 2, 2, RGBA(60, 60, 60, 255), RGBA(70, 70, 70, 160), RGBA(70, 70, 70, 255), RGBA(70, 70, 70, 160)
277, 2, 2, RGBA(62, 62, 62, 255), RGBA(70, 70, 70, 160), RGBA(70, 70, 70, 255), RGBA(70, 70, 70, 160)
307, 2, 2, RGBA(70, 70, 70, 255), RGBA(70, 70, 70, 160), RGBA(78, 78, 78, 255), RGBA(70, 70, 70, 160)
77, 1, 2, RGBA(80, 80, 80, 255), RGBA(70, 70, 70, 160), RGBA(70, 70, 70, 255), RGBA(70, 70, 70, 160)
21, 1, 1, RGBA(78, 78, 78, 255), RGBA(70, 70, 70, 160), RGBA(70, 70, 70, 255), RGBA(70, 70, 70, 160)
244, 2, 2, RGBA(62, 62, 62, 255), RGBA(70, 70, 70, 160), RGBA(70, 70, 70, 255), RGBA(70, 70, 70, 160)
103, 2, 2, RGBA(66, 66, 66, 255), RGBA(70, 70, 70, 160), RGBA(70, 70, 70, 255), RGBA(70, 70, 70, 160)
246, 2, 2, RGBA(66, 66, 66, 255), RGBA(70, 70, 70, 160), RGBA(70, 70, 70, 255), RGBA(70, 70, 70, 160)
318, 1, 1, RGBA(78, 78, 78, 255), RGBA(70, 70, 70, 160), RGBA(70, 70, 70, 255), RGBA(70, 70, 70, 160)
82, 1, 2, RGBA(70, 70, 70, 255), RGBA(70, 70, 70, 160), RGBA(68, 68, 68, 255), RGBA(70, 70, 70, 160)
264, 2, 1, RGBA(70, 70, 70, 255), RGBA(70, 70, 70, 160), RGBA(80, 80, 80, 255), RGBA(70, 70, 70, 160)
113, 1, 1, RGBA(70, 70, 70, 255), RGBA(70, 70, 70, 160), RGBA(64, 64, 64, 255), RGBA(70, 70, 70, 160)
184, 2, 1, RGBA(70, 70, 70, 255), RGBA(70, 70, 70, 160), RGBA(74, 74, 74, 255), RGBA(70, 70, 70, 160)
178, 2, 2, RGBA(62, 62, 62, 255), RGBA(70, 70, 70, 160), RGBA(70, 70, 70, 255), RGBA(70, 70, 70, 160)
231, 1, 1, RGBA(80, 80, 80, 255), RGBA(70, 70, 70, 160), RGBA(70, 70, 70, 255), RGBA(70, 70, 70, 160)
254, 2, 2, RGBA(60, 60, 60, 255), RGBA(70, 70, 70, 160), RGBA(70, 70, 70, 255), RGBA(70, 70, 70, 160)
104, 2, 2, RGBA(68, 68, 68, 255), RGBA(70, 70, 70, 160), RGBA(70, 70, 70, 255), RGBA(70, 70, 70, 160)
306, 1, 1, RGBA(76, 76, 76, 255), RGBA(70, 70, 70, 160), RGBA(70, 70, 70, 255), RGBA(70, 70, 70, 160)
249, 1, 1, RGBA(72, 72, 72, 255), RGBA(70, 70, 70, 160), RGBA(70, 70, 70, 255), RGBA(70, 70, 70, 160)
239, 2, 1, RGBA(70, 70, 70, 255), RGBA(70, 70, 70, 160), RGBA(74, 74, 74, 255), RGBA(70, 70, 70, 160)
294, 1, 1, RGBA(74, 74, 74, 255), RGBA(70, 70, 70, 160), RGBA(70, 70, 70, 255), RGBA(70, 70, 70, 160)
303, 2, 1, RGBA(70, 70, 70, 255), RGBA(70, 70, 70, 160), RGBA(70, 70, 70, 255), RGBA(70, 70, 70, 160)
50, 1, 2, RGBA(70, 70, 70, 255), RGBA(70, 70, 70, 160), RGBA(70, 70, 70, 255), RGBA(70, 70, 70, 160)
324, 2, 1, RGBA(68, 68, 68, 255), RGBA(70, 70, 70, 160), RGBA(70, 70, 70, 255), RGBA(70, 70, 70, 160)
115, 2, 2, RGBA(68, 68, 68, 255), RGBA(70, 70, 70, 160), RGBA(70, 70, 70, 255), RGBA(70, 70, 70, 160)
18, 2, 1, RGBA(70, 70, 70, 255), RGBA(70, 70, 70, 160), RGBA(72, 72, 72, 255), RGBA(70, 70, 70, 160)
177, 2, 2, RGBA(60, 60, 60, 255), RGBA(70, 70, 70, 160), RGBA(70, 70, 70, 255), RGBA(70, 70, 70, 160)
107, 2, 2, RGBA(70, 70, 70, 255), RGBA(70, 70, 70, 160), RGBA(74, 74, 74, 255), RGBA(70, 70, 70, 160)
89, 2, 2, RGBA(60, 60, 60, 255), RGBA(70, 70, 70, 160), RGBA(70, 70, 70, 255), RGBA(70, 70, 70, 160)
17, 1, 2, RGBA(70, 70, 70, 255), RGBA(70, 70, 70, 160), RGBA(70, 70, 70, 255), RGBA(70, 70, 70, 160)
185, 2, 2, RGBA(70, 70, 70, 255), RGBA(70, 70, 70, 160), RGBA(76, 76, 76, 255), RGBA(70, 70, 70, 160)
304, 2, 2, RGBA(70, 70, 70, 255), RGBA(70, 70, 70, 160), RGBA(72, 72, 72, 255), RGBA(70, 70, 70, 160)
69, 1, 1, RGBA(70, 70, 70, 255), RGBA(70, 70, 70, 160), RGBA(64, 64, 64, 255), RGBA(70, 70, 70, 160)
223, 2, 2, RGBA(64, 64, 64, 255), RGBA(70, 70, 70, 160), RGBA(70, 70, 70, 255), RGBA(70, 70, 70, 160)
84, 1, 2, RGBA(72, 72, 72, 255), RGBA(70, 70, 70, 160), RGBA(70, 70, 70, 255), RGBA(70, 70, 70, 160)
86, 2, 2, RGBA(70, 70, 70, 255), RGBA(70, 70, 70, 160), RGBA(76, 76, 76, 255), RGBA(70, 70, 70, 160)
154, 2, 2, RGBA(70, 70, 70, 255), RGBA(70, 70, 70, 160), RGBA(80, 80, 80, 255), RGBA(70, 70, 70, 160)
287, 2, 2, RGBA(60, 60, 60, 255), RGBA(70, 70, 70, 160), RGBA(70, 70, 70, 255), RGBA(70, 70, 70, 160)
189, 1, 1, RGBA(70, 70, 70, 255), RGBA(70, 70, 70, 160), RGBA(62, 62, 62, 255), RGBA(70, 70, 70, 160)
25, 1, 1, RGBA(70, 70, 70, 255), RGBA(70, 70, 70, 160), RGBA(64, 64, 64, 255), RGBA(70, 70, 70, 160)
230, 1, 1, RGBA(78, 78, 78, 255), RGBA(70, 70, 70, 160), RGBA(70, 70, 70, 255), RGBA(70, 70, 70, 160)
51, 2, 2, RGBA(70, 70, 70, 255), RGBA(70, 70, 70, 160), RGBA(72, 72, 72, 255), RGBA(70, 70, 70, 160)
23, 1, 1, RGBA(70, 70, 70, 255), RGBA(70, 70, 70, 160), RGBA(60, 60, 60, 255), RGBA(70, 70, 70, 160)
315, 1, 2, RGBA(72, 72, 72, 255), RGBA(70, 70, 70, 160), RGBA(70, 70, 70, 255), RGBA(70, 70, 70, 160)
173, 2, 2, RGBA(70, 70, 70, 255), RGBA(70, 70, 70, 160), RGBA(74, 74, 74, 255), RGBA(70, 70, 70, 160)
229, 1, 1, RGBA(76, 76, 76, 255), RGBA(70, 70, 70, 160), RGBA(70, 70, 70, 255), RGBA(70, 70, 70, 160)
265, 2, 2, RGBA(60, 60, 60, 255), RGBA(70, 70, 70, 160), RGBA(70, 70, 70, 255), RGBA(70, 70, 70, 160)
132, 2, 2, RGBA(70, 70, 70, 255), RGBA(70, 70, 70, 160), RGBA(80, 80, 80, 255), RGBA(70, 70, 70, 160)
232, 2, 2, RGBA(60, 60, 60, 255), RGBA(70, 70, 70, 160), RGBA(70, 70, 70, 255), RGBA(70, 70, 70, 160)
91, 1, 1, RGBA(70, 70, 70, 255), RGBA(70, 70, 70, 160), RGBA(64, 64, 64, 255), RGBA(70, 70, 70, 160)
201, 1, 1, RGBA(70, 70, 70, 255), RGBA(70, 70, 70, 160), RGBA(64, 64, 64, 255), RGBA(70, 70, 70, 160)
170, 1, 2, RGBA(70, 70, 70, 255), RGBA(70, 70, 70, 160), RGBA(68, 68, 68, 255), RGBA(70, 70, 70, 160)
33, 2, 2, RGBA(70, 70, 70, 255), RGBA(70, 70, 70, 160), RGBA(80, 80, 80, 255), RGBA(70, 70, 70, 160)
165, 1, 1, RGBA(80, 80, 80, 255), RGBA(70, 70, 70, 160), RGBA(70, 70, 70, 255), RGBA(70, 70, 70, 160)
70, 1, 1, RGBA(70, 70, 70, 255), RGBA(70, 70, 70, 160), RGBA(66, 66, 66, 255), RGBA(70, 70, 70, 160)
49, 2, 2, RGBA(68, 68, 68, 255), RGBA(70, 70, 70, 160), RGBA(70, 70, 70, 255), RGBA(70, 70, 70, 160)
194, 1, 1, RGBA(72, 72, 72, 255), RGBA(70, 70, 70, 160), RGBA(70, 70, 70, 255), RGBA(70, 70, 70, 160)
171, 2, 2, RGBA(70, 70, 70, 255), RGBA(70, 70, 70, 160), RGBA(70, 70, 70, 255), RGBA(70, 70, 70, 160)
16, 1, 2, RGBA(70, 70, 70, 255), RGBA(70, 70, 70, 160), RGBA(68, 68, 68, 255), RGBA(70, 70, 70, 160)
222, 2, 2, RGBA(62, 62, 62, 255), RGBA(70, 70, 70, 160), RGBA(70, 70, 70, 255), RGBA(70, 70, 70, 160)
197, 2, 2, RGBA(70, 70, 70, 255), RGBA(70, 70, 70, 160), RGBA(78, 78, 78, 255), RGBA(70, 70, 70, 160)
99, 2, 2, RGBA(70, 70, 70, 255), RGBA(70, 70, 70, 160), RGBA(80, 80, 80, 255), RGBA(70, 70, 70, 160)
242, 2, 2, RGBA(70, 70, 70, 255), RGBA(70, 70, 70, 160), RGBA(80, 80, 80, 255), RGBA(70, 70, 70, 160)
24, 1, 1, RGBA(70, 70, 70, 255), RGBA(70, 70, 70, 160), RGBA(62, 62, 62, 255), RGBA(70, 70, 70, 160)
63, 2, 2, RGBA(70, 70, 70, 255), RGBA(70, 70, 70, 160), RGBA(74, 74, 74, 255), RGBA(70, 70, 70, 160)
321, 2, 2, RGBA(62, 62, 62, 255), RGBA(70, 70, 70, 160), RGBA(70, 70, 70, 255), RGBA(70, 70, 70, 160)
43, 1, 1, RGBA(78, 78, 78, 255), RGBA(70, 70, 70, 160), RGBA(70, 70, 70, 255), RGBA(70, 70, 70, 160)
278, 2, 2, RGBA(64, 64, 64, 255), RGBA(70, 70, 70, 160), RGBA(70, 70, 70, 255), RGBA(70, 70, 70, 160)
288, 2, 2, RGBA(62, 62, 62, 255), RGBA(70, 70, 70, 160), RGBA(70, 70, 70, 255), RGBA(70, 70, 70, 160)
205, 1, 2, RGBA(72, 72, 72, 255), RGBA(70, 70, 70, 160), RGBA(70, 70, 70, 255), RGBA(70, 70, 70, 160)
75, 2, 2, RGBA(70, 70, 70, 255), RGBA(70, 70, 70, 160), RGBA(76, 76, 76, 255), RGBA(70, 70, 70, 160)
281, 1, 2, RGBA(70, 70, 70, 255), RGBA(70, 70, 70, 160), RGBA(70, 70, 70, 255), RGBA(70, 70, 70, 160)
93, 1, 2, RGBA(70, 70, 70, 255), RGBA(70, 70, 70, 160), RGBA(68, 68, 68, 255), RGBA(70, 70, 70, 160)
225, 2, 2, RGBA(68, 68, 68, 255), RGBA(70, 70, 70, 160), RGBA(70, 70, 70, 255), RGBA(70, 70, 70, 160)
272, 2, 2, RGBA(70, 70, 70, 255), RGBA(70, 70, 70, 160), RGBA(74, 74, 74, 255), RGBA(70, 70, 70, 160)
262, 2, 2, RGBA(70, 70, 70, 255), RGBA(70, 70, 70, 160), RGBA(76, 76, 76, 255), RGBA(70, 70, 70, 160)
261, 1, 1, RGBA(74, 74, 74, 255), RGBA(70, 70, 70, 160), RGBA(70, 70, 70, 255), RGBA(70, 70, 70, 160)
79, 1, 1, RGBA(70, 70, 70, 255), RGBA(70, 70, 70, 160), RGBA(62, 62, 62, 255), RGBA(70, 70, 70, 160)
58, 1, 1, RGBA(70, 70, 70, 255), RGBA(70, 70, 70, 160), RGBA(64, 64, 64, 255), RGBA(70, 70, 70, 160)
224, 1, 2, RGBA(70, 70, 70, 255), RGBA(70, 70, 70, 160), RGBA(66, 66, 66, 255), RGBA(70, 70, 70, 160)
74, 2, 2, RGBA(70, 70, 70, 255), RGBA(70, 70, 70, 160), RGBA(74, 74, 74, 255), RGBA(70, 70, 70, 160)
191, 2, 2, RGBA(66, 66, 66, 255), RGBA(70, 70, 70, 160), RGBA(70, 70, 70, 255), RGBA(70, 70, 70, 160)
151, 2, 2, RGBA(70, 70, 70, 255), RGBA(70, 70, 70, 160), RGBA(74, 74, 74, 255), RGBA(70, 70, 70, 160)
123, 1, 1, RGBA(70, 70, 70, 255), RGBA(70, 70, 70, 160), RGBA(62, 62, 62, 255), RGBA(70, 70, 70, 160)
237, 2, 1, RGBA(70, 70, 70, 255), RGBA(70, 70, 70, 160), RGBA(70, 70, 70, 255), RGBA(70, 70, 70, 160)
130, 1, 1, RGBA(76, 76, 76, 255), RGBA(70, 70, 70, 160), RGBA(70, 70, 70, 255), RGBA(70, 70, 70, 160)
13, 1, 1, RGBA(70, 70, 70, 255), RGBA(70, 70, 70, 160), RGBA(62, 62, 62, 255), RGBA(70, 70, 70, 160)
7, 2, 2, RGBA(70, 70, 70, 255), RGBA(70, 70, 70, 160), RGBA(72, 72, 72, 255), RGBA(70, 70, 70, 160)
5, 2, 2, RGBA(68, 68, 68, 255), RGBA(70, 70, 70, 160), RGBA(70, 70, 70, 255), RGBA(70, 70, 70, 160)
125, 1, 1, RGBA(70, 70, 70, 255), RGBA(70, 70, 70, 160), RGBA(66, 66, 66, 255), RGBA(70, 70, 70, 160)
285, 2, 2, RGBA(70, 70, 70, 255), RGBA(70, 70, 70, 160), RGBA(78, 78, 78, 255), RGBA(70, 70, 70, 160)
9, 1, 2, RGBA(76, 76, 76, 255), RGBA(70, 70, 70, 160), RGBA(70, 70, 70, 255), RGBA(70, 70, 70, 160)
22, 2, 2, RGBA(70, 70, 70, 255), RGBA(70, 70, 70, 160), RGBA(80, 80, 80, 255), RGBA(70, 70, 70, 160)
35, 1, 1, RGBA(70, 70, 70, 255), RGBA(70, 70, 70, 160), RGBA(62, 62, 62, 255), RGBA(70, 70, 70, 160)
158, 1, 2, RGBA(70, 70, 70, 255), RGBA(70, 70, 70, 160), RGBA(66, 66, 66, 255), RGBA(70, 70, 70, 160)
145, 2, 2, RGBA(62, 62, 62, 255), RGBA(70, 70, 70, 160), RGBA(70, 70, 70, 255), RGBA(70, 70, 70, 160)
263, 2, 2, RGBA(70, 70, 70, 255), RGBA(70, 70, 70, 160), RGBA(78, 78, 78, 255), RGBA(70, 70, 70, 160)
106, 1, 1, RGBA(72, 72, 72, 255), RGBA(70, 70, 70, 160), RGBA(70, 70, 70, 255), RGBA(70, 70, 70, 160)
118, 2, 2, RGBA(70, 70, 70, 255), RGBA(70, 70, 70, 160), RGBA(74, 74, 74, 255), RGBA(70, 70, 70, 160)
42, 2, 2, RGBA(70, 70, 70, 255), RGBA(70, 70, 70, 160), RGBA(76, 76, 76, 255), RGBA(70, 70, 70, 160)
296, 2, 2, RGBA(70, 70, 70, 255), RGBA(70, 70, 70, 160), RGBA(78, 78, 78, 255), RGBA(70, 70, 70, 160)
54, 2, 2, RGBA(70, 70, 70, 255), RGBA(70, 70, 70, 160), RGBA(78, 78, 78, 255), RGBA(70, 70, 70, 160)
302, 2, 2, RGBA(68, 68, 68, 255), RGBA(70, 70, 70, 160), RGBA(70, 70, 70, 255), RGBA(70, 70, 70, 160)
41, 2, 2, RGBA(70, 70, 70, 255), RGBA(70, 70, 70, 160), RGBA(74, 74, 74, 255), RGBA(70, 70, 70, 160)
180, 1, 1, RGBA(70, 70, 70, 255), RGBA(70, 70, 70, 160), RGBA(66, 66, 66, 255), RGBA(70, 70, 70, 160)
226, 1, 1, RGBA(70, 70, 70, 255), RGBA(70, 70, 70, 160), RGBA(70, 70, 70, 255), RGBA(70, 70, 70, 160)
329, 1, 1, RGBA(78, 78, 78, 255), RGBA(70, 70, 70, 160), RGBA(70, 70, 70, 255), RGBA(70, 70, 70, 160)
4, 1, 1, RGBA(70, 70, 70, 255), RGBA(70, 70, 70, 160), RGBA(66, 66, 66, 255), RGBA(70, 70, 70, 160)
143, 1, 1, RGBA(80, 80, 80, 255), RGBA(70, 70, 70, 160), RGBA(70, 70, 70, 255), RGBA(70, 70, 70, 160)
209, 2, 2, RGBA(70, 70, 70, 255), RGBA(70, 70, 70, 160), RGBA(80, 80, 80, 255), RGBA(70, 70, 70, 160)
227, 2, 2, RGBA(70, 70, 70, 255), RGBA(70, 70, 70, 160), RGBA(72, 72, 72, 255), RGBA(70, 70, 70, 160)
228, 2, 1, RGBA(70, 70, 70, 255), RGBA(70, 70, 70, 160), RGBA(74, 74, 74, 255), RGBA(70, 70, 70, 160)
253, 1, 1, RGBA(80, 80, 80, 255), RGBA(70, 70, 70, 160), RGBA(70, 70, 70, 255), RGBA(70, 70, 70, 160)
14, 2, 2, RGBA(64, 64, 64, 255), RGBA(70, 70, 70, 160), RGBA(70, 70, 70, 255), RGBA(70, 70, 70, 160)
142, 2, 2, RGBA(70, 70, 70, 255), RGBA(70, 70, 70, 160), RGBA(78, 78, 78, 255), RGBA(70, 70, 70, 160)
109, 1, 2, RGBA(78, 78, 78, 255), RGBA(70, 70, 70, 160), RGBA(70, 70, 70, 255), RGBA(70, 70, 70, 160)
236, 1, 1, RGBA(70, 70, 70, 255), RGBA(70, 70, 70, 160), RGBA(68, 68, 68, 255), RGBA(70, 70, 70, 160)
233, 2, 2, RGBA(62, 62, 62, 255), RGBA(70, 70, 70, 160), RGBA(70, 70, 70, 255), RGBA(70, 70, 70, 160)
273, 2, 2, RGBA(70, 70, 70, 255), RGBA(70, 70, 70, 160), RGBA(76, 76, 76, 255), RGBA(70, 70, 70, 160)
298, 1, 2, RGBA(70, 70, 70, 255), RGBA(70, 70, 70, 160), RGBA(60, 60, 60, 255), RGBA(70, 70, 70, 160)
55, 2, 1, RGBA(70, 70, 70, 255), RGBA(70, 70, 70, 160), RGBA(80, 80, 80, 255), RGBA(70, 70, 70, 160)
20, 2, 2, RGBA(70, 70, 70, 255), RGBA(70, 70, 70, 160), RGBA(76, 76, 76, 255), RGBA(70, 70, 70, 160)
156, 2, 2, RGBA(62, 62, 62, 255), RGBA(70, 70, 70, 160), RGBA(70, 70, 70, 255), RGBA(70, 70, 70, 160)
181, 2, 2, RGBA(68, 68, 68, 255), RGBA(70, 70, 70, 160), RGBA(70, 70, 70, 255), RGBA(70, 70, 70, 160)
266, 2, 2, RGBA(62, 62, 62, 255), RGBA(70, 70, 70, 160), RGBA(70, 70, 70, 255), RGBA(70, 70, 70, 160)
85, 2, 1, RGBA(70, 70, 70, 255), RGBA(70, 70, 70, 160), RGBA(74, 74, 74, 255), RGBA(70, 70, 70, 160)
268, 2, 2, RGBA(66, 66, 66, 255), RGBA(70, 70, 70, 160), RGBA(70, 70, 70, 255), RGBA(70, 70, 70, 160)
128, 2, 2, RGBA(70, 70, 70, 255), RGBA(70, 70, 70, 160), RGBA(72, 72, 72, 255), RGBA(70, 70, 70, 160)
240, 1, 1, RGBA(76, 76, 76, 255), RGBA(70, 70, 70, 160), RGBA(70, 70, 70, 255), RGBA(70, 70, 70, 160)
174, 2, 2, RGBA(70, 70, 70, 255), RGBA(70, 70, 70, 160), RGBA(76, 76, 76, 255), RGBA(70, 70, 70, 160)
166, 1, 1, RGBA(70, 70, 70, 255), RGBA(70, 70, 70, 160), RGBA(60, 60, 60, 255), RGBA(70, 70, 70, 160)
190, 1, 1, RGBA(70, 70, 70, 255), RGBA(70, 70, 70, 160), RGBA(64, 64, 64, 255), RGBA(70, 70, 70, 160)
297, 1, 1, RGBA(80, 80, 80, 255), RGBA(70, 70, 70, 160), RGBA(70, 70, 70, 255), RGBA(70, 70, 70, 160)
169, 1, 1, RGBA(70, 70, 70, 255), RGBA(70, 70, 70, 160), RGBA(66, 66, 66, 255), RGBA(70, 70, 70, 160)
110, 1, 1, RGBA(80, 80, 80, 255), RGBA(70, 70, 70, 160), RGBA(70, 70, 70, 255), RGBA(70, 70, 70, 160)
66, 1, 1, RGBA(80, 80, 80, 255), RGBA(70, 70, 70, 160), RGBA(70, 70, 70, 255), RGBA(70, 70, 70, 160)
200, 1, 1, RGBA(70, 70, 70, 255), RGBA(70, 70, 70, 160), RGBA(62, 62, 62, 255), RGBA(70, 70, 70, 160)
275, 2, 2, RGBA(70, 70, 70, 255), RGBA(70, 70, 70, 160), RGBA(80, 80, 80, 255), RGBA(70, 70, 70, 160)
30, 1, 1, RGBA(74, 74, 74, 255), RGBA(70, 70, 70, 160), RGBA(70, 70, 70, 255), RGBA(70, 70, 70, 160)
216, 2, 2, RGBA(70, 70, 70, 255), RGBA(70, 70, 70, 160), RGBA(72, 72, 72, 255), RGBA(70, 70, 70, 160)
183, 1, 1, RGBA(72, 72, 72, 255), RGBA(70, 70, 70, 160), RGBA(70, 70, 70, 255), RGBA(70, 70, 70, 160)
62, 2, 2, RGBA(70, 70, 70, 255), RGBA(70, 70, 70, 160), RGBA(72, 72, 72, 255), RGBA(70, 70, 70, 160)
68, 1, 2, RGBA(70, 70, 70, 255), RGBA(70, 70, 70, 160), RGBA(62, 62, 62, 255), RGBA(70, 70, 70, 160)
212, 1, 1, RGBA(70, 70, 70, 255), RGBA(70, 70, 70, 160), RGBA(64, 64, 64, 255), RGBA(70, 70, 70, 160)
241, 2, 2, RGBA(70, 70, 70, 255), RGBA(70, 70, 70, 160), RGBA(78, 78, 78, 255), RGBA(70, 70, 70, 160)
