153,152,150,144,143,141,151,150,148,144,143,141,428,1
153,152,150,144,143,141,135,134,131,144,143,141,89,2
144,143,141,144,143,141,150,149,146,144,143,141,911,1
153,152,150,144,143,141,146,145,143,144,143,141,128,1
144,143,141,144,143,141,144,143,141,153,152,150,319,2
135,134,131,144,143,141,143,141,139,144,143,141,698,2
144,143,141,135,134,131,144,143,141,151,150,148,802,2
144,143,141,144,143,141,144,143,141,144,143,141,182,1
144,143,141,144,143,141,143,141,139,144,143,141,808,2
144,143,141,144,143,141,151,150,148,144,143,141,153,1
144,143,141,135,134,131,144,143,141,146,145,143,535,2
144,143,141,153,152,150,144,143,141,135,134,131,254,1
144,143,141,144,143,141,150,149,146,144,143,141,746,1
153,152,150,144,143,141,143,141,139,144,143,141,819,2
153,152,150,144,143,141,151,150,148,144,143,141,692,1
144,143,141,153,152,150,144,143,141,148,147,144,129,2
144,143,141,153,152,150,144,143,141,151,150,148,527,2
135,134,131,144,143,141,144,143,141,144,143,141,897,1
144,143,141,144,143,141,143,141,139,144,143,141,610,2
135,134,131,144,143,141,143,141,139,144,143,141,665,2
144,143,141,144,143,141,144,143,141,150,149,146,581,2
144,143,141,153,152,150,144,143,141,146,145,143,326,2
135,134,131,144,143,141,146,145,143,144,143,141,898,1
144,143,141,144,143,141,144,143,141,144,143,141,644,1
144,143,141,144,143,141,144,143,141,137,136,133,904,1
144,143,141,144,143,141,148,147,144,144,143,141,217,1
144,143,141,144,143,141,148,147,144,144,143,141,778,1
144,143,141,153,152,150,144,143,141,143,141,139,324,1
144,143,141,153,152,150,144,143,141,148,147,144,228,2
135,134,131,144,143,141,148,147,144,144,143,141,965,1
153,152,150,144,143,141,141,140,137,144,143,141,290,2
144,143,141,144,143,141,144,143,141,139,138,135,476,1
153,152,150,144,143,141,146,145,143,144,143,141,557,1
144,143,141,144,143,141,150,149,146,144,143,141,152,1
153,152,150,144,143,141,141,140,137,144,143,141,257,2
135,134,131,144,143,141,151,150,148,144,143,141,604,1
144,143,141,153,152,150,144,143,141,144,143,141,490,2
144,143,141,144,143,141,144,143,141,143,141,139,874,1
144,143,141,144,143,141,144,143,141,135,134,131,804,1
144,143,141,153,152,150,144,143,141,135,134,131,584,1
144,143,141,135,134,131,144,143,141,153,152,150,473,2
144,143,141,135,134,131,144,143,141,143,141,139,236,1
144,143,141,144,143,141,144,143,141,144,143,141,578,2
144,143,141,153,152,150,144,143,141,141,140,137,752,1
135,134,131,144,143,141,139,138,135,144,143,141,432,2
153,152,150,144,143,141,135,134,131,144,143,141,122,2
144,143,141,153,152,150,144,143,141,146,145,143,524,2
144,143,141,144,143,141,144,143,141,150,149,146,284,2
135,134,131,144,143,141,153,152,150,144,143,141,440,1
144,143,141,144,143,141,144,143,141,144,143,141,479,2
144,143,141,135,134,131,144,143,141,148,147,144,404,2
144,143,141,144,143,141,144,143,141,137,136,133,211,1
144,143,141,144,143,141,144,143,141,153,152,150,748,2
144,143,141,153,152,150,144,143,141,146,145,143,788,2
144,143,141,144,143,141,143,141,139,144,143,141,973,2
153,152,150,144,143,141,144,143,141,144,143,141,391,1
144,143,141,144,143,141,150,149,146,144,143,141,680,1
135,134,131,144,143,141,144,143,141,144,143,141,105,1
135,134,131,144,143,141,141,140,137,144,143,141,598,2
144,143,141,135,134,131,144,143,141,151,150,148,670,2
144,143,141,144,143,141,144,143,141,150,149,146,86,2
144,143,141,153,152,150,144,143,141,153,152,150,990,2
144,143,141,144,143,141,144,143,141,143,141,139,148,1
144,143,141,153,152,150,144,143,141,143,141,139,918,1
135,134,131,144,143,141,141,140,137,144,143,141,169,2
135,134,131,144,143,141,146,145,143,144,143,141,832,1
144,143,141,153,152,150,144,143,141,144,143,141,886,2
135,134,131,144,143,141,150,149,146,144,143,141,867,1
153,152,150,144,143,141,139,138,135,144,143,141,817,2
144,143,141,144,143,141,141,140,137,144,143,141,840,2
144,143,141,144,143,141,144,143,141,139,138,135,971,1
144,143,141,144,143,141,153,152,150,144,143,141,121,1
144,143,141,135,134,131,144,143,141,150,149,146,933,2
144,143,141,153,152,150,144,143,141,144,143,141,754,2
144,143,141,153,152,150,144,143,141,146,145,143,986,2
144,143,141,153,152,150,144,143,141,153,152,150,99,2
144,143,141,153,152,150,144,143,141,146,145,143,689,2
144,143,141,144,143,141,144,143,141,153,152,150,616,2
144,143,141,144,143,141,144,143,141,139,138,135,443,1
144,143,141,135,134,131,144,143,141,144,143,141,468,2
144,143,141,144,143,141,135,134,131,144,143,141,78,2
144,143,141,144,143,141,135,134,131,144,143,141,705,2
144,143,141,135,134,131,144,143,141,148,147,144,932,2
135,134,131,144,143,141,151,150,148,144,143,141,472,1
153,152,150,144,143,141,148,147,144,144,143,141,96,1
135,134,131,144,143,141,146,145,143,144,143,141,304,1
153,152,150,144,143,141,135,134,131,144,143,141,716,2
144,143,141,153,152,150,144,143,141,135,134,131,815,1
144,143,141,153,152,150,144,143,141,153,152,150,792,2
153,152,150,144,143,141,139,138,135,144,143,141,322,2
144,143,141,153,152,150,144,143,141,151,150,148,626,2
144,143,141,144,143,141,144,143,141,151,150,148,21,2
144,143,141,153,152,150,144,143,141,139,138,135,256,1
144,143,141,135,134,131,144,143,141,144,143,141,831,2
144,143,141,135,134,131,144,143,141,144,143,141,171,2
144,143,141,135,134,131,144,143,141,141,140,137,400,1
144,143,141,144,143,141,144,143,141,137,136,133,607,1
144,143,141,153,152,150,144,143,141,135,134,131,881,1
135,134,131,144,143,141,135,134,131,144,143,141,331,2
153,152,150,144,143,141,146,145,143,144,143,141,458,1
144,143,141,144,143,141,150,149,146,144,143,141,548,1
144,143,141,144,143,141,144,143,141,143,141,139,280,1
144,143,141,144,143,141,135,134,131,144,143,141,738,2
144,143,141,144,143,141,143,141,139,144,143,141,313,2
144,143,141,135,134,131,144,143,141,151,150,148,637,2
144,143,141,144,143,141,144,143,141,146,145,143,645,2
144,143,141,153,152,150,144,143,141,148,147,144,921,2
144,143,141,144,143,141,144,143,141,153,152,150,187,2
144,143,141,135,134,131,144,143,141,146,145,143,40,2
135,134,131,144,143,141,148,147,144,144,143,141,239,1
144,143,141,144,143,141,137,136,133,144,143,141,409,2
144,143,141,153,152,150,144,143,141,135,134,131,452,1
135,134,131,144,143,141,153,152,150,144,143,141,671,1
144,143,141,144,143,141,144,143,141,139,138,135,872,1
144,143,141,144,143,141,144,143,141,143,141,139,16,1
135,134,131,144,143,141,143,141,139,144,143,141,434,2
144,143,141,144,143,141,148,147,144,144,143,141,976,1
135,134,131,144,143,141,143,141,139,144,143,141,137,2
144,143,141,144,143,141,144,143,141,144,143,141,413,2
153,152,150,144,143,141,141,140,137,144,143,141,521,2
144,143,141,144,143,141,144,143,141,144,143,141,809,1
153,152,150,144,143,141,153,152,150,144,143,141,33,1
144,143,141,144,143,141,143,141,139,144,143,141,940,2
144,143,141,153,152,150,144,143,141,153,152,150,594,2
144,143,141,144,143,141,144,143,141,135,134,131,309,1
135,134,131,144,143,141,137,136,133,144,143,141,299,2
144,143,141,144,143,141,144,143,141,141,140,137,81,1
153,152,150,144,143,141,151,150,148,144,143,141,164,1
144,143,141,135,134,131,144,143,141,150,149,146,438,2
144,143,141,135,134,131,144,143,141,148,147,144,305,2
135,134,131,144,143,141,137,136,133,144,143,141,926,2
135,134,131,144,143,141,141,140,137,144,143,141,664,2
135,134,131,144,143,141,139,138,135,144,143,141,234,2
144,143,141,135,134,131,144,143,141,137,136,133,398,1
144,143,141,135,134,131,144,143,141,135,134,131,826,1
144,143,141,144,143,141,144,143,141,148,147,144,52,2
135,134,131,144,143,141,144,143,141,144,143,141,204,1
144,143,141,135,134,131,144,143,141,146,145,143,766,2
144,143,141,144,143,141,144,143,141,151,150,148,483,2
144,143,141,153,152,150,144,143,141,150,149,146,922,2
144,143,141,153,152,150,144,143,141,151,150,148,461,2
144,143,141,135,134,131,144,143,141,153,152,150,539,2
144,143,141,144,143,141,153,152,150,144,143,141,517,1
135,134,131,144,143,141,150,149,146,144,143,141,702,1
144,143,141,153,152,150,144,143,141,151,150,148,263,2
144,143,141,144,143,141,139,138,135,144,143,141,14,2
144,143,141,144,143,141,144,143,141,137,136,133,541,1
153,152,150,144,143,141,139,138,135,144,143,141,751,2
144,143,141,144,143,141,144,143,141,139,138,135,740,1
144,143,141,144,143,141,144,143,141,137,136,133,13,1
144,143,141,135,134,131,144,143,141,148,147,144,833,2
144,143,141,153,152,150,144,143,141,148,147,144,261,2
153,152,150,144,143,141,139,138,135,144,143,141,157,2
144,143,141,144,143,141,144,143,141,150,149,146,647,2
153,152,150,144,143,141,143,141,139,144,143,141,456,2
135,134,131,144,143,141,151,150,148,144,143,141,835,1
144,143,141,144,143,141,148,147,144,144,143,141,349,1
144,143,141,153,152,150,144,143,141,144,143,141,688,2
144,143,141,144,143,141,144,143,141,146,145,143,348,2
144,143,141,144,143,141,148,147,144,144,143,141,943,1
144,143,141,135,134,131,144,143,141,151,150,148,241,2
144,143,141,135,134,131,144,143,141,146,145,143,799,2
153,152,150,144,143,141,144,143,141,144,143,141,292,1
144,143,141,153,152,150,144,143,141,144,143,141,160,2
153,152,150,144,143,141,144,143,141,144,143,141,457,1
144,143,141,144,143,141,141,140,137,144,143,141,774,2
135,134,131,144,143,141,135,134,131,144,143,141,661,2
135,134,131,144,143,141,143,141,139,144,143,141,302,2
144,143,141,135,134,131,144,143,141,151,150,148,109,2
135,134,131,144,143,141,153,152,150,144,143,141,242,1
144,143,141,144,143,141,148,147,144,144,143,141,811,1
144,143,141,144,143,141,144,143,141,144,143,141,512,1
144,143,141,153,152,150,144,143,141,150,149,146,493,2
135,134,131,144,143,141,148,147,144,144,143,141,668,1
153,152,150,144,143,141,144,143,141,144,143,141,127,1
135,134,131,144,143,141,150,149,146,144,143,141,768,1
153,152,150,144,143,141,143,141,139,144,143,141,522,2
144,143,141,135,134,131,144,143,141,141,140,137,202,1
144,143,141,144,143,141,144,143,141,146,145,143,513,2
135,134,131,144,143,141,135,134,131,144,143,141,463,2
144,143,141,135,134,131,144,143,141,153,152,150,605,2
144,143,141,153,152,150,144,143,141,143,141,139,588,1
144,143,141,144,143,141,153,152,150,144,143,141,847,1
144,143,141,135,134,131,144,143,141,141,140,137,367,1
144,143,141,135,134,131,144,143,141,148,147,144,701,2
144,143,141,144,143,141,141,140,137,144,143,141,15,2
144,143,141,153,152,150,144,143,141,150,149,146,328,2
153,152,150,144,143,141,151,150,148,144,143,141,659,1
144,143,141,135,134,131,144,143,141,148,147,144,569,2
144,143,141,144,143,141,144,143,141,141,140,137,378,1
153,152,150,144,143,141,148,147,144,144,143,141,558,1
144,143,141,144,143,141,148,147,144,144,143,141,745,1
144,143,141,153,152,150,144,143,141,141,140,137,92,1
135,134,131,144,143,141,141,140,137,144,143,141,565,2
144,143,141,135,134,131,144,143,141,150,149,146,108,2
144,143,141,144,143,141,144,143,141,153,152,150,550,2
153,152,150,144,143,141,137,136,133,144,143,141,618,2
144,143,141,135,134,131,144,143,141,143,141,139,71,1
144,143,141,135,134,131,144,143,141,150,149,146,669,2
144,143,141,135,134,131,144,143,141,144,143,141,930,2
144,143,141,135,134,131,144,143,141,151,150,148,505,2
135,134,131,144,143,141,148,147,144,144,143,141,41,1
144,143,141,135,134,131,144,143,141,143,141,139,929,1
144,143,141,153,152,150,144,143,141,151,150,148,758,2
144,143,141,135,134,131,144,143,141,151,150,148,571,2
153,152,150,144,143,141,139,138,135,144,143,141,25,2
144,143,141,144,143,141,144,143,141,150,149,146,515,2
144,143,141,144,143,141,144,143,141,137,136,133,442,1
144,143,141,153,152,150,144,143,141,141,140,137,884,1
135,134,131,144,143,141,137,136,133,144,143,141,35,2
144,143,141,144,143,141,137,136,133,144,143,141,376,2
135,134,131,144,143,141,137,136,133,144,143,141,629,2
135,134,131,144,143,141,153,152,150,144,143,141,869,1
135,134,131,144,143,141,148,147,144,144,143,141,206,1
153,152,150,144,143,141,148,147,144,144,143,141,426,1
144,143,141,153,152,150,144,143,141,141,140,137,488,1
144,143,141,144,143,141,144,143,141,150,149,146,977,2
144,143,141,153,152,150,144,143,141,150,149,146,988,2
153,152,150,144,143,141,137,136,133,144,143,141,651,2
135,134,131,144,143,141,137,136,133,144,143,141,959,2
153,152,150,144,143,141,135,134,131,144,143,141,23,2
135,134,131,144,143,141,148,147,144,144,143,141,74,1
135,134,131,144,143,141,139,138,135,144,143,141,861,2
144,143,141,144,143,141,144,143,141,146,145,143,612,2
144,143,141,135,134,131,144,143,141,148,147,144,371,2
144,143,141,135,134,131,144,143,141,139,138,135,465,1
153,152,150,144,143,141,153,152,150,144,143,141,561,1
144,143,141,144,143,141,144,143,141,151,150,148,318,2
144,143,141,135,134,131,144,143,141,150,149,146,801,2
144,143,141,144,143,141,148,147,144,144,143,141,19,1
153,152,150,144,143,141,146,145,143,144,143,141,491,1
144,143,141,153,152,150,144,143,141,141,140,137,818,1
144,143,141,153,152,150,144,143,141,146,145,143,656,2
144,143,141,135,134,131,144,143,141,148,147,144,734,2
144,143,141,144,143,141,144,143,141,151,150,148,219,2
153,152,150,144,143,141,141,140,137,144,143,141,983,2
144,143,141,135,134,131,144,143,141,153,152,150,11,2
135,134,131,144,143,141,137,136,133,144,143,141,266,2
144,143,141,144,143,141,144,143,141,151,150,148,87,2
144,143,141,144,143,141,144,143,141,153,152,150,583,2
153,152,150,144,143,141,143,141,139,144,143,141,753,2
144,143,141,144,143,141,144,143,141,146,145,143,777,2
135,134,131,144,143,141,146,145,143,144,143,141,502,1
144,143,141,135,134,131,144,143,141,150,149,146,471,2
153,152,150,144,143,141,146,145,143,144,143,141,29,1
144,143,141,135,134,131,144,143,141,150,149,146,207,2
144,143,141,135,134,131,144,143,141,153,152,150,77,2
144,143,141,144,143,141,135,134,131,144,143,141,45,2
144,143,141,153,152,150,144,143,141,153,152,150,726,2
144,143,141,153,152,150,144,143,141,148,147,144,888,2
153,152,150,144,143,141,153,152,150,144,143,141,693,1
135,134,131,144,143,141,135,134,131,144,143,141,133,2
144,143,141,135,134,131,144,143,141,148,147,144,437,2
153,152,150,144,143,141,153,152,150,144,143,141,462,1
135,134,131,144,143,141,135,134,131,144,143,141,595,2
135,134,131,144,143,141,153,152,150,144,143,141,902,1
135,134,131,144,143,141,135,134,131,144,143,141,859,2
144,143,141,144,143,141,150,149,146,144,143,141,878,1
135,134,131,144,143,141,135,134,131,144,143,141,727,2
144,143,141,144,143,141,153,152,150,144,143,141,286,1
153,152,150,144,143,141,148,147,144,144,143,141,624,1
135,134,131,144,143,141,143,141,139,144,143,141,38,2
144,143,141,144,143,141,146,145,143,144,143,141,843,1
144,143,141,135,134,131,144,143,141,144,143,141,963,2
144,143,141,144,143,141,144,143,141,137,136,133,970,1
144,143,141,144,143,141,146,145,143,144,143,141,414,1
153,152,150,144,143,141,153,152,150,144,143,141,363,1
144,143,141,144,143,141,150,149,146,144,143,141,449,1
153,152,150,144,143,141,146,145,143,144,143,141,425,1
144,143,141,144,143,141,144,143,141,153,152,150,88,2
144,143,141,135,134,131,144,143,141,141,140,137,103,1
153,152,150,144,143,141,139,138,135,144,143,141,388,2
144,143,141,135,134,131,144,143,141,139,138,135,135,1
144,143,141,153,152,150,144,143,141,146,145,143,260,2
153,152,150,144,143,141,144,143,141,144,143,141,226,1
144,143,141,144,143,141,135,134,131,144,143,141,342,2
144,143,141,144,143,141,153,152,150,144,143,141,781,1
144,143,141,144,143,141,135,134,131,144,143,141,870,2
144,143,141,144,143,141,144,143,141,151,150,148,912,2
144,143,141,153,152,150,144,143,141,150,149,146,361,2
153,152,150,144,143,141,135,134,131,144,143,141,749,2
144,143,141,135,134,131,144,143,141,139,138,135,894,1
144,143,141,153,152,150,144,143,141,141,140,137,455,1
153,152,150,144,143,141,150,149,146,144,143,141,724,1
144,143,141,144,143,141,144,143,141,144,143,141,248,2
144,143,141,153,152,150,144,143,141,146,145,143,95,2
153,152,150,144,143,141,141,140,137,144,143,141,917,2
135,134,131,144,143,141,137,136,133,144,143,141,563,2
144,143,141,144,143,141,153,152,150,144,143,141,880,1
135,134,131,144,143,141,141,140,137,144,143,141,499,2
144,143,141,144,143,141,150,149,146,144,143,141,218,1
144,143,141,144,143,141,148,147,144,144,143,141,547,1
153,152,150,144,143,141,139,138,135,144,143,141,487,2
135,134,131,144,143,141,144,143,141,144,143,141,336,1
144,143,141,144,143,141,137,136,133,144,143,141,838,2
144,143,141,144,143,141,144,143,141,150,149,146,317,2
144,143,141,153,152,150,144,143,141,148,147,144,690,2
144,143,141,153,152,150,144,143,141,151,150,148,824,2
144,143,141,153,152,150,144,143,141,135,134,131,683,1
135,134,131,144,143,141,153,152,150,144,143,141,572,1
144,143,141,144,143,141,151,150,148,144,143,141,516,1
144,143,141,153,152,150,144,143,141,141,140,137,620,1
144,143,141,144,143,141,144,143,141,135,134,131,672,1
135,134,131,144,143,141,137,136,133,144,143,141,167,2
135,134,131,144,143,141,144,143,141,144,143,141,369,1
153,152,150,144,143,141,135,134,131,144,143,141,650,2
144,143,141,135,134,131,144,143,141,153,152,150,143,2
144,143,141,135,134,131,144,143,141,150,149,146,570,2
144,143,141,144,143,141,144,143,141,135,134,131,243,1
144,143,141,144,143,141,144,143,141,146,145,143,315,2
144,143,141,135,134,131,144,143,141,139,138,135,168,1
144,143,141,153,152,150,144,143,141,148,147,144,393,2
144,143,141,135,134,131,144,143,141,148,147,144,866,2
144,143,141,144,143,141,144,143,141,146,145,143,183,2
144,143,141,153,152,150,144,143,141,135,134,131,914,1
144,143,141,144,143,141,144,143,141,146,145,143,546,2
144,143,141,144,143,141,139,138,135,144,143,141,113,2
144,143,141,144,143,141,135,134,131,144,143,141,639,2
135,134,131,144,143,141,153,152,150,144,143,141,803,1
144,143,141,153,152,150,144,143,141,141,140,137,587,1
144,143,141,135,134,131,144,143,141,139,138,135,300,1
144,143,141,153,152,150,144,143,141,151,150,148,890,2
144,143,141,153,152,150,144,143,141,139,138,135,982,1
144,143,141,153,152,150,144,143,141,148,147,144,30,2
144,143,141,153,152,150,144,143,141,141,140,137,158,1
153,152,150,144,143,141,137,136,133,144,143,141,552,2
144,143,141,144,143,141,144,143,141,151,150,148,780,2
144,143,141,153,152,150,144,143,141,135,134,131,782,1
144,143,141,144,143,141,137,136,133,144,143,141,706,2
135,134,131,144,143,141,139,138,135,144,143,141,69,2
144,143,141,135,134,131,144,143,141,150,149,146,405,2
144,143,141,144,143,141,144,143,141,148,147,144,85,2
144,143,141,153,152,150,144,143,141,135,134,131,56,1
144,143,141,135,134,131,144,143,141,144,143,141,237,2
144,143,141,153,152,150,144,143,141,143,141,139,93,1
144,143,141,135,134,131,144,143,141,150,149,146,372,2
153,152,150,144,143,141,148,147,144,144,143,141,327,1
135,134,131,144,143,141,143,141,139,144,143,141,170,2
144,143,141,135,134,131,144,143,141,135,134,131,265,1
135,134,131,144,143,141,148,147,144,144,143,141,536,1
144,143,141,135,134,131,144,143,141,153,152,150,506,2
153,152,150,144,143,141,150,149,146,144,143,141,691,1
144,143,141,144,143,141,144,143,141,144,143,141,974,2
135,134,131,144,143,141,146,145,143,144,143,141,337,1
153,152,150,144,143,141,137,136,133,144,143,141,90,2
135,134,131,144,143,141,153,152,150,144,143,141,209,1
144,143,141,135,134,131,144,143,141,151,150,148,769,2
144,143,141,153,152,150,144,143,141,148,147,144,822,2
144,143,141,144,143,141,144,143,141,153,152,150,649,2
153,152,150,144,143,141,137,136,133,144,143,141,816,2
144,143,141,135,134,131,144,143,141,137,136,133,794,1
135,134,131,144,143,141,141,140,137,144,143,141,301,2
144,143,141,144,143,141,144,143,141,144,143,141,446,2
144,143,141,144,143,141,144,143,141,150,149,146,614,2
144,143,141,144,143,141,153,152,150,144,143,141,913,1
144,143,141,144,143,141,144,143,141,139,138,135,245,1
135,134,131,144,143,141,144,143,141,144,143,141,567,1
144,143,141,153,152,150,144,143,141,139,138,135,553,1
144,143,141,153,152,150,144,143,141,139,138,135,91,1
144,143,141,153,152,150,144,143,141,139,138,135,850,1
135,134,131,144,143,141,143,141,139,144,143,141,599,2
144,143,141,144,143,141,144,143,141,143,141,139,577,1
153,152,150,144,143,141,135,134,131,144,143,141,551,2
144,143,141,144,143,141,144,143,141,153,152,150,682,2
153,152,150,144,143,141,144,143,141,144,143,141,952,1
135,134,131,144,143,141,143,141,139,144,143,141,203,2
144,143,141,144,143,141,144,143,141,146,145,143,282,2
153,152,150,144,143,141,139,138,135,144,143,141,883,2
144,143,141,153,152,150,144,143,141,143,141,139,423,1
144,143,141,144,143,141,144,143,141,141,140,137,48,1
135,134,131,144,143,141,141,140,137,144,143,141,895,2
144,143,141,144,143,141,144,143,141,150,149,146,20,2
144,143,141,144,143,141,144,143,141,143,141,139,214,1
144,143,141,144,143,141,144,143,141,150,149,146,53,2
153,152,150,144,143,141,150,149,146,144,143,141,790,1
144,143,141,153,152,150,144,143,141,143,141,139,357,1
144,143,141,144,143,141,144,143,141,135,134,131,144,1
144,143,141,144,143,141,150,149,146,144,143,141,350,1
135,134,131,144,143,141,139,138,135,144,143,141,102,2
144,143,141,144,143,141,144,143,141,144,143,141,314,1
144,143,141,153,152,150,144,143,141,135,134,131,485,1
144,143,141,135,134,131,144,143,141,146,145,143,238,2
144,143,141,135,134,131,144,143,141,144,143,141,402,2
144,143,141,144,143,141,144,143,141,135,134,131,375,1
144,143,141,153,152,150,144,143,141,137,136,133,57,1
135,134,131,144,143,141,143,141,139,144,143,141,401,2
153,152,150,144,143,141,144,143,141,144,143,141,523,1
144,143,141,144,143,141,144,143,141,144,143,141,281,1
153,152,150,144,143,141,148,147,144,144,143,141,294,1
153,152,150,144,143,141,146,145,143,144,143,141,854,1
135,134,131,144,143,141,139,138,135,144,143,141,267,2
153,152,150,144,143,141,153,152,150,144,143,141,198,1
135,134,131,144,143,141,150,149,146,144,143,141,339,1
144,143,141,144,143,141,137,136,133,144,143,141,178,2
144,143,141,153,152,150,144,143,141,146,145,143,722,2
144,143,141,153,152,150,144,143,141,139,138,135,454,1
135,134,131,144,143,141,150,149,146,144,143,141,504,1
135,134,131,144,143,141,148,147,144,144,143,141,338,1
144,143,141,144,143,141,144,143,141,141,140,137,939,1
144,143,141,153,152,150,144,143,141,146,145,143,623,2
135,134,131,144,143,141,141,140,137,144,143,141,70,2
144,143,141,144,143,141,144,143,141,139,138,135,509,1
135,134,131,144,143,141,144,143,141,144,143,141,600,1
153,152,150,144,143,141,144,143,141,144,143,141,919,1
153,152,150,144,143,141,137,136,133,144,143,141,717,2
144,143,141,144,143,141,141,140,137,144,143,141,312,2
144,143,141,153,152,150,144,143,141,153,152,150,627,2
144,143,141,135,134,131,144,143,141,146,145,143,73,2
153,152,150,144,143,141,135,134,131,144,143,141,188,2
144,143,141,153,152,150,144,143,141,153,152,150,231,2
153,152,150,144,143,141,144,143,141,144,143,141,589,1
153,152,150,144,143,141,143,141,139,144,143,141,489,2
144,143,141,153,152,150,144,143,141,153,152,150,825,2
144,143,141,135,134,131,144,143,141,137,136,133,662,1
135,134,131,144,143,141,135,134,131,144,143,141,232,2
135,134,131,144,143,141,141,140,137,144,143,141,697,2
144,143,141,135,134,131,144,143,141,146,145,143,172,2
144,143,141,153,152,150,144,143,141,150,149,146,163,2
144,143,141,153,152,150,144,143,141,137,136,133,156,1
144,143,141,144,143,141,151,150,148,144,143,141,615,1
144,143,141,135,134,131,144,143,141,151,150,148,703,2
144,143,141,153,152,150,144,143,141,150,149,146,889,2
135,134,131,144,143,141,153,152,150,144,143,141,770,1
135,134,131,144,143,141,146,145,143,144,143,141,436,1
153,152,150,144,143,141,153,152,150,144,143,141,528,1
153,152,150,144,143,141,137,136,133,144,143,141,453,2
135,134,131,144,143,141,139,138,135,144,143,141,564,2
144,143,141,153,152,150,144,143,141,153,152,150,66,2
135,134,131,144,143,141,141,140,137,144,143,141,334,2
144,143,141,144,143,141,144,143,141,144,143,141,743,2
144,143,141,153,152,150,144,143,141,146,145,143,953,2
144,143,141,144,143,141,144,143,141,141,140,137,114,1
144,143,141,144,143,141,144,143,141,148,147,144,481,2
144,143,141,144,143,141,153,152,150,144,143,141,220,1
144,143,141,144,143,141,144,143,141,143,141,139,841,1
144,143,141,153,152,150,144,143,141,151,150,148,230,2
144,143,141,135,134,131,144,143,141,146,145,143,205,2
144,143,141,153,152,150,144,143,141,148,147,144,855,2
153,152,150,144,143,141,148,147,144,144,143,141,195,1
153,152,150,144,143,141,151,150,148,144,143,141,857,1
153,152,150,144,143,141,146,145,143,144,143,141,392,1
144,143,141,153,152,150,144,143,141,139,138,135,916,1
144,143,141,135,134,131,144,143,141,148,147,144,173,2
144,143,141,144,143,141,151,150,148,144,143,141,747,1
144,143,141,144,143,141,151,150,148,144,143,141,417,1
153,152,150,144,143,141,148,147,144,144,143,141,657,1
144,143,141,135,134,131,144,143,141,139,138,135,630,1
144,143,141,153,152,150,144,143,141,141,140,137,719,1
153,152,150,144,143,141,139,138,135,144,143,141,784,2
153,152,150,144,143,141,150,149,146,144,143,141,229,1
153,152,150,144,143,141,153,152,150,144,143,141,957,1
144,143,141,144,143,141,144,143,141,139,138,135,311,1
144,143,141,153,152,150,144,143,141,141,140,137,422,1
135,134,131,144,143,141,137,136,133,144,143,141,464,2
153,152,150,144,143,141,139,138,135,144,143,141,421,2
144,143,141,135,134,131,144,143,141,144,143,141,633,2
144,143,141,153,152,150,144,143,141,139,138,135,619,1
135,134,131,144,143,141,141,140,137,144,143,141,796,2
144,143,141,135,134,131,144,143,141,148,147,144,602,2
135,134,131,144,143,141,151,150,148,144,143,141,373,1
144,143,141,144,143,141,150,149,146,144,143,141,713,1
144,143,141,144,143,141,139,138,135,144,143,141,575,2
135,134,131,144,143,141,137,136,133,144,143,141,761,2
144,143,141,135,134,131,144,143,141,151,150,148,208,2
135,134,131,144,143,141,141,140,137,144,143,141,37,2
135,134,131,144,143,141,146,145,143,144,143,141,106,1
144,143,141,153,152,150,144,143,141,146,145,143,227,2
144,143,141,144,143,141,144,143,141,143,141,139,115,1
144,143,141,135,134,131,144,143,141,135,134,131,166,1
153,152,150,144,143,141,137,136,133,144,143,141,849,2
135,134,131,144,143,141,135,134,131,144,143,141,529,2
153,152,150,144,143,141,143,141,139,144,143,141,885,2
135,134,131,144,143,141,148,147,144,144,143,141,470,1
153,152,150,144,143,141,146,145,143,144,143,141,194,1
144,143,141,144,143,141,139,138,135,144,143,141,905,2
153,152,150,144,143,141,151,150,148,144,143,141,593,1
144,143,141,135,134,131,144,143,141,150,149,146,174,2
144,143,141,144,143,141,144,143,141,150,149,146,416,2
144,143,141,144,143,141,153,152,150,144,143,141,352,1
144,143,141,144,143,141,144,143,141,144,143,141,215,1
144,143,141,153,152,150,144,143,141,137,136,133,783,1
144,143,141,144,143,141,144,143,141,151,150,148,978,2
144,143,141,153,152,150,144,143,141,150,149,146,394,2
135,134,131,144,143,141,144,143,141,144,143,141,534,1
144,143,141,144,143,141,146,145,143,144,143,141,216,1
135,134,131,144,143,141,148,147,144,144,143,141,8,1
144,143,141,135,134,131,144,143,141,144,143,141,732,2
144,143,141,153,152,150,144,143,141,146,145,143,161,2
144,143,141,135,134,131,144,143,141,153,152,150,110,2
144,143,141,153,152,150,144,143,141,137,136,133,288,1
144,143,141,144,143,141,144,143,141,143,141,139,907,1
144,143,141,144,143,141,144,143,141,139,138,135,938,1
135,134,131,144,143,141,144,143,141,144,143,141,270,1
144,143,141,135,134,131,144,143,141,144,143,141,435,2
144,143,141,135,134,131,144,143,141,141,140,137,466,1
135,134,131,144,143,141,143,141,139,144,143,141,500,2
144,143,141,144,143,141,144,143,141,148,147,144,712,2
135,134,131,144,143,141,137,136,133,144,143,141,695,2
144,143,141,144,143,141,144,143,141,148,147,144,844,2
135,134,131,144,143,141,141,140,137,144,143,141,862,2
144,143,141,144,143,141,143,141,139,144,143,141,412,2
135,134,131,144,143,141,144,143,141,144,143,141,303,1
135,134,131,144,143,141,143,141,139,144,143,141,269,2
135,134,131,144,143,141,144,143,141,144,143,141,798,1
144,143,141,153,152,150,144,143,141,148,147,144,63,2
144,143,141,144,143,141,148,147,144,144,143,141,910,1
144,143,141,144,143,141,144,143,141,148,147,144,646,2
135,134,131,144,143,141,137,136,133,144,143,141,233,2
144,143,141,144,143,141,144,143,141,153,152,150,715,2
144,143,141,144,143,141,144,143,141,151,150,148,186,2
144,143,141,144,143,141,153,152,150,144,143,141,814,1
144,143,141,144,143,141,146,145,143,144,143,141,84,1
135,134,131,144,143,141,137,136,133,144,143,141,530,2
144,143,141,144,143,141,144,143,141,141,140,137,807,1
144,143,141,144,143,141,144,143,141,135,134,131,903,1
135,134,131,144,143,141,151,150,148,144,143,141,76,1
144,143,141,135,134,131,144,143,141,137,136,133,728,1
144,143,141,144,143,141,144,143,141,151,150,148,351,2
144,143,141,144,143,141,153,152,150,144,143,141,55,1
135,134,131,144,143,141,135,134,131,144,143,141,397,2
144,143,141,135,134,131,144,143,141,139,138,135,762,1
144,143,141,135,134,131,144,143,141,137,136,133,827,1
144,143,141,135,134,131,144,143,141,153,152,150,968,2
144,143,141,153,152,150,144,143,141,137,136,133,123,1
153,152,150,144,143,141,151,150,148,144,143,141,395,1
144,143,141,144,143,141,144,143,141,143,141,139,181,1
153,152,150,144,143,141,135,134,131,144,143,141,287,2
135,134,131,144,143,141,137,136,133,144,143,141,332,2
144,143,141,144,143,141,150,149,146,144,143,141,845,1
144,143,141,135,134,131,144,143,141,135,134,131,958,1
144,143,141,153,152,150,144,143,141,137,136,133,585,1
135,134,131,144,143,141,150,149,146,144,143,141,141,1
153,152,150,144,143,141,144,143,141,144,143,141,985,1
144,143,141,135,134,131,144,143,141,141,140,137,235,1
144,143,141,144,143,141,144,143,141,144,143,141,677,1
144,143,141,144,143,141,144,143,141,139,138,135,179,1
144,143,141,144,143,141,144,143,141,141,140,137,873,1
153,152,150,144,143,141,143,141,139,144,143,141,687,2
153,152,150,144,143,141,143,141,139,144,143,141,654,2
153,152,150,144,143,141,139,138,135,144,143,141,355,2
153,152,150,144,143,141,151,150,148,144,143,141,989,1
144,143,141,144,143,141,144,143,141,135,134,131,540,1
144,143,141,135,134,131,144,143,141,139,138,135,696,1
144,143,141,135,134,131,144,143,141,137,136,133,101,1
144,143,141,144,143,141,148,147,144,144,143,141,184,1
144,143,141,144,143,141,135,134,131,144,143,141,606,2
135,134,131,144,143,141,139,138,135,144,143,141,333,2
144,143,141,144,143,141,153,152,150,144,143,141,946,1
144,143,141,153,152,150,144,143,141,143,141,139,390,1
144,143,141,144,143,141,151,150,148,144,143,141,450,1
144,143,141,135,134,131,144,143,141,144,143,141,6,2
135,134,131,144,143,141,144,143,141,144,143,141,765,1
153,152,150,144,143,141,143,141,139,144,143,141,27,2
135,134,131,144,143,141,144,143,141,144,143,141,72,1
144,143,141,153,152,150,144,143,141,146,145,143,293,2
144,143,141,144,143,141,146,145,143,144,143,141,150,1
153,152,150,144,143,141,144,143,141,144,143,141,325,1
144,143,141,144,143,141,144,143,141,148,147,144,613,2
144,143,141,144,143,141,144,143,141,151,150,148,582,2
144,143,141,144,143,141,144,143,141,148,147,144,877,2
144,143,141,144,143,141,144,143,141,148,147,144,250,2
144,143,141,153,152,150,144,143,141,137,136,133,948,1
135,134,131,144,143,141,139,138,135,144,143,141,498,2
144,143,141,153,152,150,144,143,141,150,149,146,295,2
144,143,141,153,152,150,144,143,141,143,141,139,258,1
144,143,141,144,143,141,144,143,141,153,152,150,484,2
144,143,141,144,143,141,144,143,141,143,141,139,379,1
144,143,141,153,152,150,144,143,141,150,149,146,262,2
144,143,141,153,152,150,144,143,141,137,136,133,750,1
144,143,141,144,143,141,146,145,143,144,143,141,678,1
144,143,141,135,134,131,144,143,141,146,145,143,370,2
153,152,150,144,143,141,137,136,133,144,143,141,915,2
144,143,141,144,143,141,144,143,141,137,136,133,673,1
144,143,141,153,152,150,144,143,141,139,138,135,685,1
144,143,141,144,143,141,144,143,141,135,134,131,276,1
144,143,141,135,134,131,144,143,141,139,138,135,795,1
144,143,141,135,134,131,144,143,141,143,141,139,467,1
144,143,141,153,152,150,144,143,141,151,150,148,296,2
144,143,141,144,143,141,144,143,141,141,140,137,411,1
144,143,141,144,143,141,144,143,141,137,136,133,79,1
144,143,141,135,134,131,144,143,141,150,149,146,75,2
144,143,141,135,134,131,144,143,141,148,147,144,635,2
144,143,141,135,134,131,144,143,141,135,134,131,496,1
135,134,131,144,143,141,144,143,141,144,143,141,864,1
153,152,150,144,143,141,150,149,146,144,143,141,625,1
153,152,150,144,143,141,139,138,135,144,143,141,289,2
135,134,131,144,143,141,150,149,146,144,143,141,834,1
144,143,141,144,143,141,144,143,141,148,147,144,580,2
144,143,141,144,143,141,144,143,141,141,140,137,675,1
144,143,141,144,143,141,144,143,141,144,143,141,875,1
144,143,141,153,152,150,144,143,141,150,149,146,64,2
144,143,141,135,134,131,144,143,141,143,141,139,566,1
144,143,141,144,143,141,139,138,135,144,143,141,80,2
144,143,141,144,143,141,150,149,146,144,143,141,119,1
144,143,141,153,152,150,144,143,141,139,138,135,586,1
153,152,150,144,143,141,139,138,135,144,143,141,949,2
144,143,141,144,143,141,144,143,141,144,143,141,380,2
144,143,141,153,152,150,144,143,141,148,147,144,360,2
135,134,131,144,143,141,151,150,148,144,143,141,340,1
135,134,131,144,143,141,146,145,143,144,143,141,634,1
153,152,150,144,143,141,137,136,133,144,143,141,882,2
135,134,131,144,143,141,143,141,139,144,143,141,962,2
144,143,141,135,134,131,144,143,141,153,152,150,176,2
153,152,150,144,143,141,135,134,131,144,143,141,980,2
144,143,141,144,143,141,151,150,148,144,143,141,879,1
144,143,141,153,152,150,144,143,141,150,149,146,823,2
144,143,141,135,134,131,144,143,141,146,145,143,964,2
144,143,141,153,152,150,144,143,141,137,136,133,354,1
135,134,131,144,143,141,141,140,137,144,143,141,136,2
144,143,141,153,152,150,144,143,141,141,140,137,785,1
144,143,141,144,143,141,153,152,150,144,143,141,154,1
144,143,141,144,143,141,146,145,143,144,143,141,480,1
135,134,131,144,143,141,144,143,141,144,143,141,501,1
144,143,141,153,152,150,144,143,141,143,141,139,126,1
135,134,131,144,143,141,137,136,133,144,143,141,134,2
153,152,150,144,143,141,153,152,150,144,143,141,132,1
144,143,141,153,152,150,144,143,141,139,138,135,520,1
144,143,141,135,134,131,144,143,141,153,152,150,44,2
144,143,141,135,134,131,144,143,141,143,141,139,764,1
144,143,141,144,143,141,151,150,148,144,143,141,54,1
153,152,150,144,143,141,153,152,150,144,143,141,297,1
153,152,150,144,143,141,150,149,146,144,143,141,559,1
144,143,141,144,143,141,146,145,143,144,143,141,975,1
144,143,141,135,134,131,144,143,141,153,152,150,638,2
144,143,141,153,152,150,144,143,141,153,152,150,891,2
153,152,150,144,143,141,146,145,143,144,143,141,590,1
144,143,141,144,143,141,144,143,141,144,143,141,941,2
144,143,141,144,143,141,146,145,143,144,143,141,810,1
144,143,141,153,152,150,144,143,141,143,141,139,621,1
153,152,150,144,143,141,153,152,150,144,143,141,429,1
144,143,141,144,143,141,144,143,141,144,143,141,149,2
135,134,131,144,143,141,153,152,150,144,143,141,374,1
144,143,141,135,134,131,144,143,141,137,136,133,596,1
144,143,141,144,143,141,150,149,146,144,143,141,482,1
135,134,131,144,143,141,153,152,150,144,143,141,341,1
153,152,150,144,143,141,146,145,143,144,143,141,62,1
144,143,141,153,152,150,144,143,141,139,138,135,718,1
144,143,141,153,152,150,144,143,141,141,140,137,191,1
144,143,141,144,143,141,144,143,141,137,136,133,871,1
144,143,141,144,143,141,144,143,141,137,136,133,475,1
144,143,141,135,134,131,144,143,141,141,140,137,268,1
144,143,141,144,143,141,141,140,137,144,143,141,246,2
144,143,141,144,143,141,135,134,131,144,143,141,111,2
144,143,141,135,134,131,144,143,141,141,140,137,730,1
144,143,141,144,143,141,144,143,141,143,141,139,445,1
144,143,141,135,134,131,144,143,141,143,141,139,335,1
153,152,150,144,143,141,143,141,139,144,143,141,291,2
144,143,141,153,152,150,144,143,141,150,149,146,757,2
144,143,141,135,134,131,144,143,141,143,141,139,797,1
144,143,141,135,134,131,144,143,141,148,147,144,800,2
144,143,141,144,143,141,148,147,144,144,143,141,118,1
144,143,141,144,143,141,151,150,148,144,143,141,384,1
144,143,141,144,143,141,146,145,143,144,143,141,18,1
153,152,150,144,143,141,141,140,137,144,143,141,389,2
144,143,141,153,152,150,144,143,141,144,143,141,853,2
144,143,141,153,152,150,144,143,141,137,136,133,486,1
144,143,141,135,134,131,144,143,141,144,143,141,138,2
144,143,141,144,143,141,151,150,148,144,143,141,285,1
144,143,141,144,143,141,144,143,141,144,143,141,83,1
144,143,141,144,143,141,141,140,137,144,143,141,906,2
144,143,141,153,152,150,144,143,141,144,143,141,61,2
135,134,131,144,143,141,137,136,133,144,143,141,893,2
144,143,141,144,143,141,144,143,141,139,138,135,212,1
144,143,141,153,152,150,144,143,141,135,134,131,947,1
144,143,141,153,152,150,144,143,141,148,147,144,525,2
144,143,141,144,143,141,146,145,143,144,143,141,579,1
135,134,131,144,143,141,151,150,148,144,143,141,868,1
135,134,131,144,143,141,151,150,148,144,143,141,967,1
144,143,141,144,143,141,144,143,141,144,143,141,17,2
144,143,141,144,143,141,144,143,141,135,134,131,936,1
153,152,150,144,143,141,135,134,131,144,143,141,221,2
135,134,131,144,143,141,143,141,139,144,143,141,830,2
135,134,131,144,143,141,139,138,135,144,143,141,366,2
144,143,141,153,152,150,144,143,141,137,136,133,24,1
135,134,131,144,143,141,150,149,146,144,143,141,966,1
144,143,141,144,143,141,144,143,141,139,138,135,608,1
144,143,141,135,134,131,144,143,141,144,143,141,39,2
153,152,150,144,143,141,151,150,148,144,143,141,131,1
144,143,141,144,143,141,144,143,141,139,138,135,707,1
144,143,141,135,134,131,144,143,141,144,143,141,699,2
144,143,141,144,143,141,137,136,133,144,143,141,574,2
144,143,141,144,143,141,144,143,141,146,145,143,711,2
135,134,131,144,143,141,141,140,137,144,143,141,928,2
144,143,141,144,143,141,144,143,141,150,149,146,779,2
153,152,150,144,143,141,153,152,150,144,143,141,165,1
144,143,141,144,143,141,144,143,141,141,140,137,213,1
144,143,141,144,143,141,143,141,139,144,143,141,478,2
144,143,141,153,152,150,144,143,141,148,147,144,492,2
153,152,150,144,143,141,153,152,150,144,143,141,396,1
144,143,141,144,143,141,144,143,141,139,138,135,47,1
153,152,150,144,143,141,135,134,131,144,143,141,386,2
153,152,150,144,143,141,150,149,146,144,143,141,955,1
135,134,131,144,143,141,146,145,143,144,143,141,601,1
153,152,150,144,143,141,153,152,150,144,143,141,759,1
135,134,131,144,143,141,135,134,131,144,143,141,430,2
144,143,141,144,143,141,143,141,139,144,143,141,676,2
144,143,141,144,143,141,141,140,137,144,143,141,642,2
144,143,141,144,143,141,137,136,133,144,143,141,277,2
144,143,141,144,143,141,144,143,141,153,152,150,253,2
135,134,131,144,143,141,139,138,135,144,143,141,663,2
144,143,141,144,143,141,144,143,141,151,150,148,648,2
135,134,131,144,143,141,151,150,148,144,143,141,736,1
153,152,150,144,143,141,148,147,144,144,143,141,162,1
153,152,150,144,143,141,151,150,148,144,143,141,725,1
153,152,150,144,143,141,143,141,139,144,143,141,225,2
144,143,141,153,152,150,144,143,141,141,140,137,686,1
144,143,141,144,143,141,144,143,141,144,143,141,611,2
153,152,150,144,143,141,148,147,144,144,143,141,987,1
153,152,150,144,143,141,144,143,141,144,143,141,94,1
153,152,150,144,143,141,151,150,148,144,143,141,956,1
144,143,141,144,143,141,144,143,141,141,140,137,609,1
144,143,141,144,143,141,144,143,141,146,145,143,876,2
144,143,141,144,143,141,144,143,141,141,140,137,972,1
144,143,141,144,143,141,144,143,141,139,138,135,674,1
135,134,131,144,143,141,135,134,131,144,143,141,892,2
153,152,150,144,143,141,151,150,148,144,143,141,560,1
135,134,131,144,143,141,139,138,135,144,143,141,36,2
153,152,150,144,143,141,151,150,148,144,143,141,494,1
135,134,131,144,143,141,151,150,148,144,143,141,307,1
144,143,141,153,152,150,144,143,141,146,145,143,920,2
144,143,141,144,143,141,148,147,144,144,143,141,415,1
144,143,141,153,152,150,144,143,141,146,145,143,821,2
144,143,141,144,143,141,135,134,131,144,143,141,969,2
144,143,141,144,143,141,153,152,150,144,143,141,22,1
144,143,141,135,134,131,144,143,141,151,150,148,538,2
135,134,131,144,143,141,135,134,131,144,143,141,562,2
135,134,131,144,143,141,139,138,135,144,143,141,597,2
144,143,141,144,143,141,144,143,141,146,145,143,117,2
144,143,141,135,134,131,144,143,141,135,134,131,67,1
144,143,141,144,143,141,135,134,131,144,143,141,474,2
135,134,131,144,143,141,139,138,135,144,143,141,960,2
144,143,141,144,143,141,146,145,143,144,143,141,909,1
144,143,141,144,143,141,144,143,141,150,149,146,251,2
153,152,150,144,143,141,150,149,146,144,143,141,130,1
144,143,141,153,152,150,144,143,141,153,152,150,495,2
153,152,150,144,143,141,137,136,133,144,143,141,420,2
144,143,141,144,143,141,151,150,148,144,143,141,252,1
144,143,141,144,143,141,144,143,141,141,140,137,741,1
144,143,141,144,143,141,139,138,135,144,143,141,839,2
144,143,141,153,152,150,144,143,141,151,150,148,197,2
135,134,131,144,143,141,137,136,133,144,143,141,365,2
144,143,141,153,152,150,144,143,141,150,149,146,427,2
144,143,141,144,143,141,144,143,141,135,134,131,573,1
144,143,141,153,152,150,144,143,141,153,152,150,660,2
144,143,141,153,152,150,144,143,141,148,147,144,756,2
144,143,141,135,134,131,144,143,141,146,145,143,733,2
144,143,141,144,143,141,144,143,141,143,141,139,544,1
153,152,150,144,143,141,151,150,148,144,143,141,65,1
144,143,141,153,152,150,144,143,141,143,141,139,852,1
144,143,141,144,143,141,139,138,135,144,143,141,806,2
135,134,131,144,143,141,151,150,148,144,143,141,934,1
144,143,141,153,152,150,144,143,141,148,147,144,459,2
144,143,141,144,143,141,144,143,141,135,134,131,408,1
144,143,141,135,134,131,144,143,141,143,141,139,731,1
144,143,141,144,143,141,144,143,141,143,141,139,742,1
135,134,131,144,143,141,153,152,150,144,143,141,737,1
144,143,141,153,152,150,144,143,141,143,141,139,555,1
135,134,131,144,143,141,151,150,148,144,143,141,274,1
144,143,141,153,152,150,144,143,141,137,136,133,684,1
144,143,141,144,143,141,144,143,141,148,147,144,283,2
153,152,150,144,143,141,137,136,133,144,143,141,255,2
144,143,141,153,152,150,144,143,141,144,143,141,721,2
144,143,141,135,134,131,144,143,141,143,141,139,896,1
153,152,150,144,143,141,137,136,133,144,143,141,189,2
144,143,141,144,143,141,148,147,144,144,143,141,679,1
144,143,141,135,134,131,144,143,141,153,152,150,935,2
153,152,150,144,143,141,143,141,139,144,143,141,60,2
135,134,131,144,143,141,141,140,137,144,143,141,4,2
144,143,141,144,143,141,137,136,133,144,143,141,46,2
153,152,150,144,143,141,148,147,144,144,143,141,723,1
135,134,131,144,143,141,146,145,143,144,143,141,931,1
144,143,141,144,143,141,146,145,143,144,143,141,942,1
144,143,141,135,134,131,144,143,141,137,136,133,2,1
144,143,141,135,134,131,144,143,141,148,147,144,767,2
153,152,150,144,143,141,143,141,139,144,143,141,951,2
144,143,141,153,152,150,144,143,141,139,138,135,223,1
153,152,150,144,143,141,146,145,143,144,143,141,887,1
144,143,141,144,143,141,144,143,141,143,141,139,775,1
144,143,141,144,143,141,146,145,143,144,143,141,249,1
135,134,131,144,143,141,139,138,135,144,143,141,531,2
144,143,141,153,152,150,144,143,141,141,140,137,554,1
144,143,141,144,143,141,146,145,143,144,143,141,51,1
144,143,141,144,143,141,141,140,137,144,143,141,279,2
135,134,131,144,143,141,150,149,146,144,143,141,273,1
135,134,131,144,143,141,153,152,150,144,143,141,836,1
144,143,141,144,143,141,150,149,146,144,143,141,812,1
135,134,131,144,143,141,141,140,137,144,143,141,631,2
144,143,141,153,152,150,144,143,141,150,149,146,460,2
144,143,141,144,143,141,144,143,141,143,141,139,247,1
153,152,150,144,143,141,137,136,133,144,143,141,387,2
144,143,141,144,143,141,137,136,133,144,143,141,772,2
135,134,131,144,143,141,153,152,150,144,143,141,308,1
135,134,131,144,143,141,153,152,150,144,143,141,407,1
135,134,131,144,143,141,146,145,143,144,143,141,271,1
153,152,150,144,143,141,144,143,141,144,143,141,424,1
144,143,141,135,134,131,144,143,141,150,149,146,537,2
144,143,141,144,143,141,144,143,141,144,143,141,776,2
153,152,150,144,143,141,137,136,133,144,143,141,321,2
144,143,141,153,152,150,144,143,141,137,136,133,222,1
153,152,150,144,143,141,151,150,148,144,143,141,362,1
144,143,141,135,134,131,144,143,141,135,134,131,760,1
144,143,141,144,143,141,144,143,141,137,136,133,508,1
144,143,141,153,152,150,144,143,141,150,149,146,526,2
153,152,150,144,143,141,141,140,137,144,143,141,125,2
144,143,141,135,134,131,144,143,141,151,150,148,43,2
144,143,141,135,134,131,144,143,141,151,150,148,439,2
144,143,141,144,143,141,153,152,150,144,143,141,385,1
153,152,150,144,143,141,135,134,131,144,143,141,353,2
144,143,141,135,134,131,144,143,141,135,134,131,364,1
153,152,150,144,143,141,135,134,131,144,143,141,155,2
144,143,141,144,143,141,144,143,141,144,143,141,116,2
135,134,131,144,143,141,150,149,146,144,143,141,900,1
135,134,131,144,143,141,137,136,133,144,143,141,860,2
153,152,150,144,143,141,144,143,141,144,143,141,655,1
135,134,131,144,143,141,146,145,143,144,143,141,7,1
144,143,141,135,134,131,144,143,141,135,134,131,298,1
144,143,141,144,143,141,148,147,144,144,143,141,448,1
153,152,150,144,143,141,150,149,146,144,143,141,658,1
144,143,141,153,152,150,144,143,141,144,143,141,622,2
144,143,141,135,134,131,144,143,141,146,145,143,469,2
135,134,131,144,143,141,141,140,137,144,143,141,763,2
144,143,141,144,143,141,135,134,131,144,143,141,507,2
144,143,141,135,134,131,144,143,141,151,150,148,175,2
135,134,131,144,143,141,137,136,133,144,143,141,497,2
144,143,141,144,143,141,148,147,144,144,143,141,316,1
135,134,131,144,143,141,150,149,146,144,143,141,240,1
153,152,150,144,143,141,144,143,141,144,143,141,787,1
144,143,141,153,152,150,144,143,141,150,149,146,97,2
144,143,141,144,143,141,144,143,141,137,136,133,244,1
144,143,141,153,152,150,144,143,141,144,143,141,193,2
144,143,141,144,143,141,144,143,141,144,143,141,545,2
144,143,141,153,152,150,144,143,141,148,147,144,954,2
135,134,131,144,143,141,151,150,148,144,143,141,901,1
144,143,141,144,143,141,144,143,141,144,143,141,908,2
144,143,141,144,143,141,141,140,137,144,143,141,543,2
144,143,141,144,143,141,144,143,141,135,134,131,837,1
144,143,141,135,134,131,144,143,141,141,140,137,532,1
144,143,141,144,143,141,144,143,141,141,140,137,510,1
144,143,141,144,143,141,151,150,148,144,143,141,846,1
144,143,141,153,152,150,144,143,141,135,134,131,617,1
144,143,141,144,143,141,144,143,141,141,140,137,147,1
135,134,131,144,143,141,153,152,150,144,143,141,704,1
144,143,141,135,134,131,144,143,141,148,147,144,899,2
135,134,131,144,143,141,139,138,135,144,143,141,201,2
135,134,131,144,143,141,150,149,146,144,143,141,42,1
144,143,141,153,152,150,144,143,141,151,150,148,98,2
144,143,141,144,143,141,144,143,141,135,134,131,177,1
144,143,141,153,152,150,144,143,141,153,152,150,330,2
135,134,131,144,143,141,153,152,150,144,143,141,275,1
135,134,131,144,143,141,151,150,148,144,143,141,406,1
144,143,141,144,143,141,143,141,139,144,143,141,709,2
144,143,141,153,152,150,144,143,141,146,145,143,755,2
144,143,141,153,152,150,144,143,141,141,140,137,26,1
144,143,141,153,152,150,144,143,141,143,141,139,720,1
144,143,141,135,134,131,144,143,141,141,140,137,433,1
144,143,141,144,143,141,139,138,135,144,143,141,278,2
144,143,141,135,134,131,144,143,141,139,138,135,729,1
144,143,141,153,152,150,144,143,141,153,152,150,264,2
135,134,131,144,143,141,146,145,143,144,143,141,139,1
144,143,141,135,134,131,144,143,141,135,134,131,199,1
153,152,150,144,143,141,135,134,131,144,143,141,848,2
144,143,141,153,152,150,144,143,141,137,136,133,981,1
144,143,141,144,143,141,146,145,143,144,143,141,381,1
144,143,141,153,152,150,144,143,141,148,147,144,789,2
144,143,141,144,143,141,144,143,141,143,141,139,346,1
144,143,141,153,152,150,144,143,141,139,138,135,652,1
144,143,141,153,152,150,144,143,141,144,143,141,820,2
135,134,131,144,143,141,146,145,143,144,143,141,568,1
144,143,141,135,134,131,144,143,141,146,145,143,403,2
144,143,141,135,134,131,144,143,141,150,149,146,735,2
135,134,131,144,143,141,150,149,146,144,143,141,306,1
144,143,141,144,143,141,144,143,141,151,150,148,549,2
144,143,141,135,134,131,144,143,141,144,143,141,666,2
144,143,141,153,152,150,144,143,141,144,143,141,358,2
144,143,141,135,134,131,144,143,141,137,136,133,68,1
135,134,131,144,143,141,135,134,131,144,143,141,925,2
144,143,141,144,143,141,139,138,135,144,143,141,542,2
144,143,141,144,143,141,144,143,141,139,138,135,146,1
135,134,131,144,143,141,139,138,135,144,143,141,3,2
144,143,141,144,143,141,144,143,141,144,143,141,842,2
144,143,141,153,152,150,144,143,141,148,147,144,591,2
135,134,131,144,143,141,150,149,146,144,143,141,636,1
144,143,141,144,143,141,137,136,133,144,143,141,343,2
153,152,150,144,143,141,150,149,146,144,143,141,592,1
144,143,141,135,134,131,144,143,141,146,145,143,865,2
153,152,150,144,143,141,151,150,148,144,143,141,791,1
144,143,141,144,143,141,137,136,133,144,143,141,937,2
144,143,141,144,143,141,144,143,141,135,134,131,771,1
144,143,141,144,143,141,137,136,133,144,143,141,112,2
144,143,141,144,143,141,153,152,150,144,143,141,451,1
144,143,141,144,143,141,141,140,137,144,143,141,444,2
144,143,141,135,134,131,144,143,141,135,134,131,1,1
144,143,141,153,152,150,144,143,141,153,152,150,924,2
135,134,131,144,143,141,137,136,133,144,143,141,431,2
144,143,141,144,143,141,144,143,141,141,140,137,477,1
144,143,141,153,152,150,144,143,141,135,134,131,518,1
144,143,141,144,143,141,143,141,139,144,143,141,511,2
144,143,141,153,152,150,144,143,141,144,143,141,259,2
144,143,141,135,134,131,144,143,141,143,141,139,632,1
144,143,141,144,143,141,144,143,141,137,136,133,145,1
135,134,131,144,143,141,139,138,135,144,143,141,828,2
144,143,141,144,143,141,144,143,141,137,136,133,640,1
144,143,141,135,134,131,144,143,141,139,138,135,927,1
153,152,150,144,143,141,144,143,141,144,143,141,556,1
144,143,141,153,152,150,144,143,141,141,140,137,950,1
144,143,141,144,143,141,148,147,144,144,143,141,514,1
144,143,141,153,152,150,144,143,141,151,150,148,32,2
144,143,141,153,152,150,144,143,141,135,134,131,320,1
135,134,131,144,143,141,135,134,131,144,143,141,100,2
144,143,141,153,152,150,144,143,141,141,140,137,356,1
153,152,150,144,143,141,150,149,146,144,143,141,196,1
144,143,141,135,134,131,144,143,141,151,150,148,142,2
144,143,141,144,143,141,153,152,150,144,143,141,979,1
144,143,141,153,152,150,144,143,141,141,140,137,653,1
144,143,141,144,143,141,144,143,141,151,150,148,945,2
144,143,141,135,134,131,144,143,141,150,149,146,9,2
135,134,131,144,143,141,141,140,137,144,143,141,961,2
135,134,131,144,143,141,146,145,143,144,143,141,667,1
153,152,150,144,143,141,150,149,146,144,143,141,856,1
144,143,141,144,143,141,144,143,141,146,145,143,447,2
144,143,141,153,152,150,144,143,141,137,136,133,519,1
144,143,141,153,152,150,144,143,141,144,143,141,28,2
144,143,141,144,143,141,144,143,141,135,134,131,441,1
144,143,141,144,143,141,143,141,139,144,143,141,82,2
153,152,150,144,143,141,151,150,148,144,143,141,923,1
153,152,150,144,143,141,150,149,146,144,143,141,31,1
153,152,150,144,143,141,139,138,135,144,143,141,58,2
144,143,141,144,143,141,150,149,146,144,143,141,185,1
144,143,141,144,143,141,151,150,148,144,143,141,120,1
135,134,131,144,143,141,143,141,139,144,143,141,863,2
144,143,141,144,143,141,151,150,148,144,143,141,681,1
144,143,141,153,152,150,144,143,141,141,140,137,59,1
135,134,131,144,143,141,148,147,144,144,143,141,503,1
144,143,141,153,152,150,144,143,141,141,140,137,851,1
135,134,131,144,143,141,143,141,139,144,143,141,533,2
144,143,141,153,152,150,144,143,141,141,140,137,224,1
135,134,131,144,143,141,137,136,133,144,143,141,200,2
144,143,141,144,143,141,144,143,141,137,136,133,739,1
144,143,141,135,134,131,144,143,141,146,145,143,700,2
144,143,141,144,143,141,146,145,143,144,143,141,744,1
144,143,141,135,134,131,144,143,141,143,141,139,104,1
144,143,141,144,143,141,143,141,139,144,143,141,643,2
135,134,131,144,143,141,143,141,139,144,143,141,368,2
144,143,141,144,143,141,144,143,141,148,147,144,382,2
144,143,141,153,152,150,144,143,141,151,150,148,329,2
144,143,141,144,143,141,137,136,133,144,143,141,805,2
144,143,141,144,143,141,139,138,135,144,143,141,641,2
153,152,150,144,143,141,153,152,150,144,143,141,858,1
144,143,141,135,134,131,144,143,141,151,150,148,10,2
144,143,141,144,143,141,139,138,135,144,143,141,377,2
135,134,131,144,143,141,135,134,131,144,143,141,628,2
144,143,141,144,143,141,144,143,141,150,149,146,944,2
144,143,141,144,143,141,139,138,135,144,143,141,773,2
144,143,141,144,143,141,144,143,141,144,143,141,50,1
144,143,141,135,134,131,144,143,141,148,147,144,107,2
144,143,141,144,143,141,148,147,144,144,143,141,151,1
153,152,150,144,143,141,139,138,135,144,143,141,190,2
135,134,131,144,143,141,150,149,146,144,143,141,603,1
144,143,141,144,143,141,144,143,141,151,150,148,813,2
144,143,141,135,134,131,144,143,141,143,141,139,5,1
144,143,141,144,143,141,141,140,137,144,143,141,180,2
144,143,141,153,152,150,144,143,141,143,141,139,192,1
144,143,141,144,143,141,144,143,141,139,138,135,344,1
144,143,141,144,143,141,141,140,137,144,143,141,576,2
144,143,141,144,143,141,144,143,141,144,143,141,710,2
144,143,141,135,134,131,144,143,141,148,147,144,272,2
144,143,141,144,143,141,144,143,141,150,149,146,383,2
153,152,150,144,143,141,146,145,143,144,143,141,359,1
144,143,141,153,152,150,144,143,141,143,141,139,159,1
144,143,141,144,143,141,143,141,139,144,143,141,49,2
144,143,141,144,143,141,139,138,135,144,143,141,410,2
144,143,141,144,143,141,144,143,141,135,134,131,12,1
135,134,131,144,143,141,135,134,131,144,143,141,694,2
144,143,141,144,143,141,144,143,141,141,140,137,345,1
153,152,150,144,143,141,143,141,139,144,143,141,786,2
144,143,141,153,152,150,144,143,141,135,134,131,419,1
144,143,141,135,134,131,144,143,141,139,138,135,399,1
144,143,141,153,152,150,144,143,141,143,141,139,984,1
144,143,141,144,143,141,144,143,141,135,134,131,210,1
144,143,141,135,134,131,144,143,141,148,147,144,140,2
144,143,141,153,152,150,144,143,141,139,138,135,124,1
144,143,141,144,143,141,144,143,141,144,143,141,347,1
144,143,141,144,143,141,141,140,137,144,143,141,708,2
153,152,150,144,143,141,141,140,137,144,143,141,323,2
135,134,131,144,143,141,135,134,131,144,143,141,34,2
135,134,131,144,143,141,141,140,137,144,143,141,829,2
144,143,141,144,143,141,153,152,150,144,143,141,418,1
144,143,141,144,143,141,144,143,141,137,136,133,310,1
144,143,141,144,143,141,144,143,141,151,150,148,714,2
135,134,131,144,143,141,135,134,131,144,143,141,793,2
