70,70,70,60,60,60,70,70,70,78,78,78,703,2
70,70,70,70,70,70,70,70,70,74,74,74,745,2
70,70,70,80,80,80,70,70,70,64,64,64,751,1
80,80,80,70,70,70,72,72,72,70,70,70,623,1
70,70,70,60,60,60,70,70,70,70,70,70,270,2
70,70,70,60,60,60,70,70,70,68,68,68,302,1
70,70,70,60,60,60,70,70,70,70,70,70,534,2
80,80,80,70,70,70,60,60,60,70,70,70,848,2
70,70,70,70,70,70,70,70,70,64,64,64,971,1
70,70,70,70,70,70,70,70,70,72,72,72,282,2
60,60,60,70,70,70,68,68,68,70,70,70,434,2
60,60,60,70,70,70,62,62,62,70,70,70,596,2
70,70,70,70,70,70,76,76,76,70,70,70,416,1
80,80,80,70,70,70,80,80,80,70,70,70,396,1
70,70,70,80,80,80,70,70,70,76,76,76,64,2
70,70,70,70,70,70,70,70,70,66,66,66,807,1
70,70,70,70,70,70,60,60,60,70,70,70,639,2
70,70,70,70,70,70,64,64,64,70,70,70,80,2
80,80,80,70,70,70,70,70,70,70,70,70,688,1
70,70,70,70,70,70,66,66,66,70,70,70,81,2
60,60,60,70,70,70,72,72,72,70,70,70,964,1
70,70,70,70,70,70,70,70,70,60,60,60,342,1
70,70,70,80,80,80,70,70,70,78,78,78,857,2
80,80,80,70,70,70,64,64,64,70,70,70,124,2
80,80,80,70,70,70,80,80,80,70,70,70,264,1
80,80,80,70,70,70,68,68,68,70,70,70,60,2
60,60,60,70,70,70,78,78,78,70,70,70,505,1
70,70,70,70,70,70,70,70,70,74,74,74,316,2
70,70,70,80,80,80,70,70,70,68,68,68,753,1
70,70,70,80,80,80,70,70,70,80,80,80,429,2
70,70,70,70,70,70,70,70,70,60,60,60,771,1
70,70,70,60,60,60,70,70,70,62,62,62,332,1
60,60,60,70,70,70,60,60,60,70,70,70,892,2
70,70,70,70,70,70,78,78,78,70,70,70,549,1
70,70,70,70,70,70,76,76,76,70,70,70,515,1
70,70,70,60,60,60,70,70,70,78,78,78,208,2
60,60,60,70,70,70,80,80,80,70,70,70,308,1
60,60,60,70,70,70,78,78,78,70,70,70,142,1
70,70,70,80,80,80,70,70,70,72,72,72,755,2
70,70,70,80,80,80,70,70,70,74,74,74,789,2
70,70,70,70,70,70,62,62,62,70,70,70,13,2
70,70,70,70,70,70,70,70,70,70,70,70,908,1
60,60,60,70,70,70,68,68,68,70,70,70,797,2
70,70,70,60,60,60,70,70,70,62,62,62,431,1
70,70,70,80,80,80,70,70,70,68,68,68,258,1
70,70,70,60,60,60,70,70,70,68,68,68,896,1
70,70,70,60,60,60,70,70,70,66,66,66,37,1
70,70,70,70,70,70,70,70,70,60,60,60,540,1
80,80,80,70,70,70,78,78,78,70,70,70,362,1
70,70,70,60,60,60,70,70,70,70,70,70,468,2
60,60,60,70,70,70,76,76,76,70,70,70,768,1
70,70,70,70,70,70,70,70,70,70,70,70,248,1
70,70,70,70,70,70,70,70,70,62,62,62,343,1
80,80,80,70,70,70,70,70,70,70,70,70,358,1
70,70,70,80,80,80,70,70,70,76,76,76,196,2
70,70,70,70,70,70,70,70,70,66,66,66,543,1
70,70,70,70,70,70,70,70,70,64,64,64,839,1
70,70,70,80,80,80,70,70,70,72,72,72,854,2
70,70,70,70,70,70,72,72,72,70,70,70,414,1
60,60,60,70,70,70,66,66,66,70,70,70,136,2
70,70,70,70,70,70,70,70,70,70,70,70,116,2
70,70,70,80,80,80,70,70,70,60,60,60,419,1
70,70,70,60,60,60,70,70,70,64,64,64,36,1
80,80,80,70,70,70,64,64,64,70,70,70,520,2
70,70,70,80,80,80,70,70,70,68,68,68,357,1
70,70,70,80,80,80,70,70,70,70,70,70,193,2
60,60,60,70,70,70,66,66,66,70,70,70,598,2
70,70,70,70,70,70,70,70,70,76,76,76,878,2
70,70,70,60,60,60,70,70,70,60,60,60,67,1
80,80,80,70,70,70,80,80,80,70,70,70,99,1
70,70,70,60,60,60,70,70,70,72,72,72,7,2
70,70,70,70,70,70,80,80,80,70,70,70,418,1
70,70,70,80,80,80,70,70,70,72,72,72,194,2
80,80,80,70,70,70,78,78,78,70,70,70,890,1
60,60,60,70,70,70,60,60,60,70,70,70,298,2
70,70,70,70,70,70,70,70,70,74,74,74,118,2
70,70,70,70,70,70,76,76,76,70,70,70,614,1
60,60,60,70,70,70,60,60,60,70,70,70,199,2
70,70,70,70,70,70,74,74,74,70,70,70,250,1
70,70,70,70,70,70,74,74,74,70,70,70,19,1
70,70,70,60,60,60,70,70,70,72,72,72,370,2
70,70,70,60,60,60,70,70,70,60,60,60,331,1
70,70,70,80,80,80,70,70,70,74,74,74,393,2
60,60,60,70,70,70,60,60,60,70,70,70,595,2
70,70,70,80,80,80,70,70,70,64,64,64,223,1
70,70,70,70,70,70,70,70,70,66,66,66,180,1
70,70,70,70,70,70,70,70,70,78,78,78,747,2
70,70,70,60,60,60,70,70,70,70,70,70,600,2
70,70,70,80,80,80,70,70,70,78,78,78,989,2
60,60,60,70,70,70,76,76,76,70,70,70,339,1
70,70,70,70,70,70,74,74,74,70,70,70,481,1
60,60,60,70,70,70,62,62,62,70,70,70,2,2
70,70,70,70,70,70,64,64,64,70,70,70,278,2
70,70,70,70,70,70,74,74,74,70,70,70,151,1
60,60,60,70,70,70,66,66,66,70,70,70,70,2
80,80,80,70,70,70,66,66,66,70,70,70,92,2
70,70,70,70,70,70,72,72,72,70,70,70,84,1
70,70,70,70,70,70,62,62,62,70,70,70,145,2
80,80,80,70,70,70,70,70,70,70,70,70,28,1
80,80,80,70,70,70,78,78,78,70,70,70,65,1
80,80,80,70,70,70,60,60,60,70,70,70,551,2
70,70,70,70,70,70,68,68,68,70,70,70,610,2
70,70,70,80,80,80,70,70,70,74,74,74,360,2
70,70,70,60,60,60,70,70,70,76,76,76,75,2
70,70,70,80,80,80,70,70,70,70,70,70,490,2
70,70,70,70,70,70,76,76,76,70,70,70,284,1
60,60,60,70,70,70,70,70,70,70,70,70,897,1
70,70,70,70,70,70,70,70,70,76,76,76,185,2
70,70,70,60,60,60,70,70,70,78,78,78,901,2
70,70,70,70,70,70,60,60,60,70,70,70,309,2
70,70,70,70,70,70,70,70,70,60,60,60,507,1
80,80,80,70,70,70,76,76,76,70,70,70,493,1
70,70,70,70,70,70,68,68,68,70,70,70,379,2
70,70,70,70,70,70,66,66,66,70,70,70,246,2
60,60,60,70,70,70,74,74,74,70,70,70,272,1
70,70,70,70,70,70,66,66,66,70,70,70,939,2
70,70,70,70,70,70,70,70,70,80,80,80,121,2
80,80,80,70,70,70,62,62,62,70,70,70,882,2
70,70,70,70,70,70,64,64,64,70,70,70,608,2
60,60,60,70,70,70,72,72,72,70,70,70,304,1
70,70,70,60,60,60,70,70,70,68,68,68,71,1
60,60,60,70,70,70,80,80,80,70,70,70,407,1
60,60,60,70,70,70,72,72,72,70,70,70,568,1
70,70,70,80,80,80,70,70,70,62,62,62,783,1
60,60,60,70,70,70,66,66,66,70,70,70,499,2
80,80,80,70,70,70,80,80,80,70,70,70,33,1
70,70,70,60,60,60,70,70,70,78,78,78,967,2
70,70,70,60,60,60,70,70,70,72,72,72,832,2
70,70,70,70,70,70,70,70,70,70,70,70,974,1
60,60,60,70,70,70,60,60,60,70,70,70,529,2
70,70,70,80,80,80,70,70,70,74,74,74,129,2
70,70,70,80,80,80,70,70,70,60,60,60,782,1
70,70,70,80,80,80,70,70,70,68,68,68,93,1
70,70,70,70,70,70,80,80,80,70,70,70,715,1
70,70,70,70,70,70,76,76,76,70,70,70,812,1
70,70,70,70,70,70,70,70,70,62,62,62,376,1
70,70,70,60,60,60,70,70,70,76,76,76,9,2
70,70,70,70,70,70,76,76,76,70,70,70,86,1
70,70,70,70,70,70,80,80,80,70,70,70,319,1
70,70,70,70,70,70,62,62,62,70,70,70,574,2
70,70,70,60,60,60,70,70,70,80,80,80,638,2
70,70,70,70,70,70,76,76,76,70,70,70,779,1
80,80,80,70,70,70,68,68,68,70,70,70,588,2
80,80,80,70,70,70,80,80,80,70,70,70,528,1
80,80,80,70,70,70,78,78,78,70,70,70,824,1
70,70,70,80,80,80,70,70,70,60,60,60,980,1
70,70,70,70,70,70,70,70,70,60,60,60,45,1
80,80,80,70,70,70,74,74,74,70,70,70,723,1
70,70,70,80,80,80,70,70,70,60,60,60,485,1
70,70,70,60,60,60,70,70,70,76,76,76,306,2
70,70,70,60,60,60,70,70,70,72,72,72,634,2
60,60,60,70,70,70,72,72,72,70,70,70,502,1
70,70,70,60,60,60,70,70,70,80,80,80,176,2
70,70,70,70,70,70,68,68,68,70,70,70,214,2
70,70,70,70,70,70,70,70,70,66,66,66,48,1
70,70,70,70,70,70,78,78,78,70,70,70,780,1
70,70,70,70,70,70,70,70,70,76,76,76,845,2
80,80,80,70,70,70,66,66,66,70,70,70,488,2
60,60,60,70,70,70,64,64,64,70,70,70,432,2
60,60,60,70,70,70,74,74,74,70,70,70,338,1
70,70,70,80,80,80,70,70,70,78,78,78,461,2
70,70,70,70,70,70,60,60,60,70,70,70,606,2
60,60,60,70,70,70,80,80,80,70,70,70,473,1
70,70,70,80,80,80,70,70,70,68,68,68,951,1
70,70,70,60,60,60,70,70,70,60,60,60,1,1
60,60,60,70,70,70,74,74,74,70,70,70,173,1
70,70,70,70,70,70,70,70,70,68,68,68,445,1
60,60,60,70,70,70,78,78,78,70,70,70,439,1
60,60,60,70,70,70,74,74,74,70,70,70,41,1
70,70,70,70,70,70,70,70,70,62,62,62,409,1
60,60,60,70,70,70,80,80,80,70,70,70,836,1
70,70,70,70,70,70,70,70,70,68,68,68,313,1
70,70,70,80,80,80,70,70,70,66,66,66,950,1
70,70,70,80,80,80,70,70,70,70,70,70,94,2
70,70,70,70,70,70,70,70,70,60,60,60,441,1
70,70,70,60,60,60,70,70,70,60,60,60,958,1
70,70,70,70,70,70,74,74,74,70,70,70,844,1
70,70,70,80,80,80,70,70,70,78,78,78,692,2
70,70,70,80,80,80,70,70,70,72,72,72,293,2
60,60,60,70,70,70,62,62,62,70,70,70,959,2
80,80,80,70,70,70,70,70,70,70,70,70,61,1
70,70,70,60,60,60,70,70,70,66,66,66,631,1
70,70,70,70,70,70,70,70,70,64,64,64,773,1
80,80,80,70,70,70,66,66,66,70,70,70,257,2
70,70,70,70,70,70,70,70,70,72,72,72,942,2
60,60,60,70,70,70,62,62,62,70,70,70,926,2
60,60,60,70,70,70,80,80,80,70,70,70,869,1
70,70,70,60,60,60,70,70,70,70,70,70,72,2
70,70,70,60,60,60,70,70,70,80,80,80,572,2
70,70,70,60,60,60,70,70,70,64,64,64,399,1
70,70,70,60,60,60,70,70,70,76,76,76,537,2
70,70,70,80,80,80,70,70,70,76,76,76,130,2
70,70,70,70,70,70,78,78,78,70,70,70,912,1
60,60,60,70,70,70,76,76,76,70,70,70,141,1
70,70,70,70,70,70,74,74,74,70,70,70,547,1
70,70,70,60,60,60,70,70,70,76,76,76,504,2
70,70,70,70,70,70,70,70,70,72,72,72,579,2
70,70,70,80,80,80,70,70,70,66,66,66,752,1
60,60,60,70,70,70,62,62,62,70,70,70,695,2
70,70,70,60,60,60,70,70,70,80,80,80,935,2
70,70,70,70,70,70,68,68,68,70,70,70,49,2
80,80,80,70,70,70,66,66,66,70,70,70,290,2
70,70,70,70,70,70,74,74,74,70,70,70,217,1
80,80,80,70,70,70,76,76,76,70,70,70,31,1
80,80,80,70,70,70,74,74,74,70,70,70,294,1
70,70,70,80,80,80,70,70,70,70,70,70,655,2
70,70,70,70,70,70,78,78,78,70,70,70,648,1
70,70,70,70,70,70,70,70,70,80,80,80,451,2
80,80,80,70,70,70,68,68,68,70,70,70,984,2
80,80,80,70,70,70,72,72,72,70,70,70,788,1
60,60,60,70,70,70,80,80,80,70,70,70,374,1
70,70,70,70,70,70,70,70,70,78,78,78,252,2
60,60,60,70,70,70,80,80,80,70,70,70,704,1
70,70,70,70,70,70,70,70,70,72,72,72,117,2
70,70,70,80,80,80,70,70,70,74,74,74,855,2
60,60,60,70,70,70,78,78,78,70,70,70,109,1
70,70,70,70,70,70,70,70,70,70,70,70,809,1
60,60,60,70,70,70,60,60,60,70,70,70,661,2
70,70,70,60,60,60,70,70,70,76,76,76,801,2
70,70,70,60,60,60,70,70,70,76,76,76,702,2
70,70,70,70,70,70,70,70,70,70,70,70,83,2
60,60,60,70,70,70,64,64,64,70,70,70,135,2
60,60,60,70,70,70,72,72,72,70,70,70,766,1
70,70,70,60,60,60,70,70,70,66,66,66,763,1
70,70,70,70,70,70,66,66,66,70,70,70,411,2
70,70,70,70,70,70,70,70,70,70,70,70,512,1
70,70,70,70,70,70,64,64,64,70,70,70,509,2
70,70,70,60,60,60,70,70,70,68,68,68,665,1
80,80,80,70,70,70,66,66,66,70,70,70,26,2
70,70,70,80,80,80,70,70,70,76,76,76,790,2
70,70,70,60,60,60,70,70,70,80,80,80,506,2
60,60,60,70,70,70,66,66,66,70,70,70,829,2
70,70,70,80,80,80,70,70,70,78,78,78,230,2
70,70,70,70,70,70,80,80,80,70,70,70,286,1
60,60,60,70,70,70,74,74,74,70,70,70,602,1
70,70,70,80,80,80,70,70,70,72,72,72,524,2
70,70,70,60,60,60,70,70,70,74,74,74,470,2
80,80,80,70,70,70,72,72,72,70,70,70,326,1
80,80,80,70,70,70,60,60,60,70,70,70,518,2
70,70,70,60,60,60,70,70,70,76,76,76,174,2
70,70,70,80,80,80,70,70,70,72,72,72,953,2
60,60,60,70,70,70,80,80,80,70,70,70,440,1
70,70,70,70,70,70,78,78,78,70,70,70,879,1
70,70,70,60,60,60,70,70,70,66,66,66,301,1
70,70,70,80,80,80,70,70,70,62,62,62,222,1
70,70,70,80,80,80,70,70,70,80,80,80,231,2
70,70,70,70,70,70,70,70,70,62,62,62,937,1
70,70,70,70,70,70,78,78,78,70,70,70,615,1
70,70,70,60,60,60,70,70,70,66,66,66,202,1
70,70,70,60,60,60,70,70,70,78,78,78,802,2
70,70,70,70,70,70,70,70,70,74,74,74,85,2
80,80,80,70,70,70,72,72,72,70,70,70,161,1
70,70,70,70,70,70,70,70,70,68,68,68,544,1
70,70,70,70,70,70,70,70,70,64,64,64,14,1
80,80,80,70,70,70,68,68,68,70,70,70,291,2
70,70,70,70,70,70,68,68,68,70,70,70,973,2
60,60,60,70,70,70,70,70,70,70,70,70,963,1
70,70,70,70,70,70,60,60,60,70,70,70,276,2
70,70,70,70,70,70,60,60,60,70,70,70,672,2
80,80,80,70,70,70,60,60,60,70,70,70,452,2
70,70,70,60,60,60,70,70,70,74,74,74,833,2
70,70,70,80,80,80,70,70,70,66,66,66,125,1
70,70,70,80,80,80,70,70,70,80,80,80,825,2
70,70,70,80,80,80,70,70,70,70,70,70,589,2
70,70,70,70,70,70,80,80,80,70,70,70,946,1
80,80,80,70,70,70,60,60,60,70,70,70,287,2
60,60,60,70,70,70,70,70,70,70,70,70,39,1
80,80,80,70,70,70,62,62,62,70,70,70,816,2
70,70,70,70,70,70,70,70,70,70,70,70,776,1
70,70,70,70,70,70,76,76,76,70,70,70,647,1
70,70,70,80,80,80,70,70,70,72,72,72,689,2
70,70,70,70,70,70,80,80,80,70,70,70,781,1
70,70,70,60,60,60,70,70,70,70,70,70,369,2
70,70,70,60,60,60,70,70,70,62,62,62,530,1
70,70,70,70,70,70,70,70,70,80,80,80,583,2
70,70,70,70,70,70,70,70,70,68,68,68,346,1
70,70,70,70,70,70,60,60,60,70,70,70,573,2
80,80,80,70,70,70,62,62,62,70,70,70,585,2
70,70,70,70,70,70,70,70,70,70,70,70,941,1
70,70,70,70,70,70,78,78,78,70,70,70,681,1
60,60,60,70,70,70,64,64,64,70,70,70,465,2
70,70,70,80,80,80,70,70,70,72,72,72,920,2
70,70,70,80,80,80,70,70,70,68,68,68,456,1
70,70,70,70,70,70,74,74,74,70,70,70,514,1
70,70,70,60,60,60,70,70,70,66,66,66,697,1
70,70,70,70,70,70,68,68,68,70,70,70,841,2
70,70,70,70,70,70,70,70,70,76,76,76,680,2
80,80,80,70,70,70,80,80,80,70,70,70,660,1
70,70,70,70,70,70,70,70,70,70,70,70,17,1
70,70,70,80,80,80,70,70,70,78,78,78,164,2
70,70,70,80,80,80,70,70,70,76,76,76,328,2
70,70,70,80,80,80,70,70,70,76,76,76,988,2
70,70,70,70,70,70,70,70,70,62,62,62,607,1
70,70,70,70,70,70,68,68,68,70,70,70,16,2
70,70,70,80,80,80,70,70,70,70,70,70,391,2
60,60,60,70,70,70,60,60,60,70,70,70,826,2
80,80,80,70,70,70,66,66,66,70,70,70,356,2
70,70,70,80,80,80,70,70,70,72,72,72,458,2
60,60,60,70,70,70,66,66,66,70,70,70,235,2
70,70,70,60,60,60,70,70,70,80,80,80,110,2
70,70,70,70,70,70,62,62,62,70,70,70,442,2
60,60,60,70,70,70,68,68,68,70,70,70,38,2
70,70,70,70,70,70,70,70,70,64,64,64,179,1
70,70,70,60,60,60,70,70,70,64,64,64,795,1
70,70,70,70,70,70,70,70,70,66,66,66,510,1
80,80,80,70,70,70,80,80,80,70,70,70,759,1
70,70,70,70,70,70,74,74,74,70,70,70,448,1
70,70,70,70,70,70,80,80,80,70,70,70,880,1
70,70,70,70,70,70,70,70,70,70,70,70,182,2
70,70,70,60,60,60,70,70,70,78,78,78,10,2
70,70,70,70,70,70,70,70,70,78,78,78,186,2
70,70,70,80,80,80,70,70,70,68,68,68,324,1
80,80,80,70,70,70,72,72,72,70,70,70,128,1
80,80,80,70,70,70,76,76,76,70,70,70,922,1
70,70,70,80,80,80,70,70,70,74,74,74,624,2
70,70,70,70,70,70,66,66,66,70,70,70,741,2
80,80,80,70,70,70,68,68,68,70,70,70,687,2
60,60,60,70,70,70,74,74,74,70,70,70,503,1
70,70,70,80,80,80,70,70,70,64,64,64,454,1
70,70,70,60,60,60,70,70,70,64,64,64,663,1
70,70,70,60,60,60,70,70,70,66,66,66,4,1
70,70,70,80,80,80,70,70,70,78,78,78,758,2
80,80,80,70,70,70,76,76,76,70,70,70,955,1
80,80,80,70,70,70,72,72,72,70,70,70,392,1
60,60,60,70,70,70,68,68,68,70,70,70,929,2
60,60,60,70,70,70,68,68,68,70,70,70,500,2
60,60,60,70,70,70,64,64,64,70,70,70,894,2
60,60,60,70,70,70,60,60,60,70,70,70,562,2
70,70,70,70,70,70,64,64,64,70,70,70,905,2
70,70,70,80,80,80,70,70,70,64,64,64,784,1
80,80,80,70,70,70,62,62,62,70,70,70,684,2
70,70,70,70,70,70,70,70,70,66,66,66,213,1
70,70,70,70,70,70,70,70,70,62,62,62,79,1
70,70,70,70,70,70,60,60,60,70,70,70,804,2
80,80,80,70,70,70,70,70,70,70,70,70,160,1
70,70,70,70,70,70,70,70,70,78,78,78,945,2
60,60,60,70,70,70,62,62,62,70,70,70,629,2
70,70,70,70,70,70,70,70,70,80,80,80,154,2
70,70,70,80,80,80,70,70,70,76,76,76,163,2
70,70,70,80,80,80,70,70,70,64,64,64,58,1
70,70,70,80,80,80,70,70,70,72,72,72,656,2
70,70,70,70,70,70,70,70,70,76,76,76,317,2
80,80,80,70,70,70,66,66,66,70,70,70,851,2
70,70,70,60,60,60,70,70,70,60,60,60,628,1
70,70,70,70,70,70,70,70,70,80,80,80,682,2
80,80,80,70,70,70,60,60,60,70,70,70,89,2
70,70,70,60,60,60,70,70,70,68,68,68,863,1
70,70,70,80,80,80,70,70,70,80,80,80,330,2
70,70,70,70,70,70,70,70,70,76,76,76,746,2
70,70,70,70,70,70,68,68,68,70,70,70,247,2
60,60,60,70,70,70,66,66,66,70,70,70,862,2
70,70,70,70,70,70,70,70,70,62,62,62,739,1
70,70,70,60,60,60,70,70,70,68,68,68,368,1
70,70,70,80,80,80,70,70,70,64,64,64,685,1
70,70,70,60,60,60,70,70,70,68,68,68,170,1
70,70,70,70,70,70,72,72,72,70,70,70,315,1
70,70,70,70,70,70,70,70,70,60,60,60,12,1
80,80,80,70,70,70,70,70,70,70,70,70,985,1
80,80,80,70,70,70,68,68,68,70,70,70,423,2
70,70,70,70,70,70,76,76,76,70,70,70,251,1
60,60,60,70,70,70,68,68,68,70,70,70,467,2
70,70,70,80,80,80,70,70,70,78,78,78,197,2
70,70,70,70,70,70,66,66,66,70,70,70,774,2
60,60,60,70,70,70,78,78,78,70,70,70,373,1
70,70,70,70,70,70,72,72,72,70,70,70,678,1
70,70,70,60,60,60,70,70,70,62,62,62,662,1
70,70,70,70,70,70,60,60,60,70,70,70,177,2
70,70,70,80,80,80,70,70,70,72,72,72,29,2
70,70,70,70,70,70,64,64,64,70,70,70,146,2
70,70,70,70,70,70,70,70,70,72,72,72,843,2
60,60,60,70,70,70,68,68,68,70,70,70,203,2
60,60,60,70,70,70,60,60,60,70,70,70,265,2
60,60,60,70,70,70,72,72,72,70,70,70,700,1
70,70,70,70,70,70,70,70,70,80,80,80,220,2
60,60,60,70,70,70,78,78,78,70,70,70,175,1
60,60,60,70,70,70,62,62,62,70,70,70,761,2
70,70,70,70,70,70,78,78,78,70,70,70,54,1
70,70,70,60,60,60,70,70,70,80,80,80,275,2
70,70,70,80,80,80,70,70,70,72,72,72,722,2
70,70,70,60,60,60,70,70,70,72,72,72,172,2
70,70,70,80,80,80,70,70,70,74,74,74,63,2
70,70,70,80,80,80,70,70,70,60,60,60,617,1
80,80,80,70,70,70,80,80,80,70,70,70,693,1
70,70,70,70,70,70,72,72,72,70,70,70,909,1
60,60,60,70,70,70,64,64,64,70,70,70,333,2
70,70,70,70,70,70,64,64,64,70,70,70,245,2
80,80,80,70,70,70,64,64,64,70,70,70,355,2
70,70,70,70,70,70,80,80,80,70,70,70,88,1
70,70,70,70,70,70,68,68,68,70,70,70,643,2
70,70,70,70,70,70,70,70,70,70,70,70,215,2
70,70,70,60,60,60,70,70,70,70,70,70,567,2
70,70,70,60,60,60,70,70,70,60,60,60,34,1
70,70,70,80,80,80,70,70,70,64,64,64,619,1
80,80,80,70,70,70,72,72,72,70,70,70,491,1
70,70,70,70,70,70,70,70,70,60,60,60,375,1
70,70,70,70,70,70,66,66,66,70,70,70,114,2
80,80,80,70,70,70,64,64,64,70,70,70,586,2
80,80,80,70,70,70,76,76,76,70,70,70,691,1
70,70,70,60,60,60,70,70,70,66,66,66,400,1
70,70,70,80,80,80,70,70,70,64,64,64,850,1
80,80,80,70,70,70,74,74,74,70,70,70,327,1
70,70,70,60,60,60,70,70,70,72,72,72,205,2
80,80,80,70,70,70,80,80,80,70,70,70,495,1
70,70,70,60,60,60,70,70,70,70,70,70,666,2
80,80,80,70,70,70,62,62,62,70,70,70,387,2
60,60,60,70,70,70,70,70,70,70,70,70,171,1
70,70,70,60,60,60,70,70,70,68,68,68,137,1
70,70,70,60,60,60,70,70,70,80,80,80,242,2
80,80,80,70,70,70,70,70,70,70,70,70,853,1
70,70,70,60,60,60,70,70,70,76,76,76,900,2
70,70,70,60,60,60,70,70,70,72,72,72,106,2
80,80,80,70,70,70,76,76,76,70,70,70,229,1
70,70,70,70,70,70,70,70,70,68,68,68,775,1
70,70,70,70,70,70,70,70,70,76,76,76,911,2
70,70,70,60,60,60,70,70,70,66,66,66,367,1
70,70,70,70,70,70,70,70,70,60,60,60,969,1
70,70,70,70,70,70,70,70,70,64,64,64,344,1
80,80,80,70,70,70,76,76,76,70,70,70,625,1
70,70,70,60,60,60,70,70,70,70,70,70,336,2
70,70,70,80,80,80,70,70,70,64,64,64,289,1
70,70,70,70,70,70,74,74,74,70,70,70,712,1
60,60,60,70,70,70,66,66,66,70,70,70,928,2
70,70,70,70,70,70,70,70,70,60,60,60,78,1
70,70,70,70,70,70,70,70,70,70,70,70,314,2
70,70,70,70,70,70,70,70,70,62,62,62,211,1
80,80,80,70,70,70,74,74,74,70,70,70,459,1
70,70,70,70,70,70,68,68,68,70,70,70,808,2
60,60,60,70,70,70,78,78,78,70,70,70,538,1
70,70,70,70,70,70,76,76,76,70,70,70,977,1
70,70,70,70,70,70,60,60,60,70,70,70,111,2
70,70,70,60,60,60,70,70,70,70,70,70,435,2
60,60,60,70,70,70,76,76,76,70,70,70,867,1
70,70,70,60,60,60,70,70,70,70,70,70,798,2
80,80,80,70,70,70,64,64,64,70,70,70,652,2
60,60,60,70,70,70,74,74,74,70,70,70,536,1
70,70,70,70,70,70,80,80,80,70,70,70,913,1
70,70,70,70,70,70,66,66,66,70,70,70,444,2
70,70,70,80,80,80,70,70,70,78,78,78,593,2
70,70,70,70,70,70,70,70,70,74,74,74,382,2
70,70,70,70,70,70,70,70,70,70,70,70,380,1
60,60,60,70,70,70,78,78,78,70,70,70,934,1
60,60,60,70,70,70,72,72,72,70,70,70,931,1
70,70,70,80,80,80,70,70,70,74,74,74,525,2
60,60,60,70,70,70,76,76,76,70,70,70,108,1
80,80,80,70,70,70,74,74,74,70,70,70,822,1
70,70,70,80,80,80,70,70,70,68,68,68,786,1
70,70,70,60,60,60,70,70,70,74,74,74,74,2
80,80,80,70,70,70,72,72,72,70,70,70,359,1
70,70,70,70,70,70,80,80,80,70,70,70,352,1
70,70,70,70,70,70,64,64,64,70,70,70,806,2
60,60,60,70,70,70,72,72,72,70,70,70,865,1
70,70,70,70,70,70,60,60,60,70,70,70,243,2
80,80,80,70,70,70,66,66,66,70,70,70,818,2
70,70,70,70,70,70,72,72,72,70,70,70,975,1
70,70,70,80,80,80,70,70,70,78,78,78,560,2
70,70,70,70,70,70,62,62,62,70,70,70,904,2
60,60,60,70,70,70,62,62,62,70,70,70,497,2
80,80,80,70,70,70,80,80,80,70,70,70,594,1
70,70,70,70,70,70,70,70,70,70,70,70,149,2
70,70,70,60,60,60,70,70,70,64,64,64,201,1
60,60,60,70,70,70,66,66,66,70,70,70,730,2
70,70,70,70,70,70,70,70,70,68,68,68,676,1
70,70,70,70,70,70,70,70,70,62,62,62,541,1
80,80,80,70,70,70,76,76,76,70,70,70,460,1
70,70,70,80,80,80,70,70,70,60,60,60,683,1
60,60,60,70,70,70,70,70,70,70,70,70,633,1
80,80,80,70,70,70,70,70,70,70,70,70,820,1
70,70,70,70,70,70,78,78,78,70,70,70,813,1
70,70,70,70,70,70,70,70,70,60,60,60,837,1
60,60,60,70,70,70,60,60,60,70,70,70,694,2
70,70,70,70,70,70,70,70,70,72,72,72,183,2
60,60,60,70,70,70,60,60,60,70,70,70,496,2
60,60,60,70,70,70,78,78,78,70,70,70,670,1
80,80,80,70,70,70,66,66,66,70,70,70,455,2
60,60,60,70,70,70,70,70,70,70,70,70,303,1
80,80,80,70,70,70,62,62,62,70,70,70,90,2
70,70,70,70,70,70,70,70,70,78,78,78,417,2
70,70,70,70,70,70,70,70,70,78,78,78,384,2
70,70,70,80,80,80,70,70,70,62,62,62,552,1
70,70,70,60,60,60,70,70,70,78,78,78,274,2
70,70,70,60,60,60,70,70,70,68,68,68,566,1
80,80,80,70,70,70,76,76,76,70,70,70,658,1
70,70,70,80,80,80,70,70,70,66,66,66,224,1
80,80,80,70,70,70,74,74,74,70,70,70,30,1
70,70,70,70,70,70,70,70,70,62,62,62,508,1
70,70,70,80,80,80,70,70,70,80,80,80,990,2
70,70,70,80,80,80,70,70,70,70,70,70,226,2
70,70,70,60,60,60,70,70,70,68,68,68,335,1
70,70,70,80,80,80,70,70,70,78,78,78,725,2
70,70,70,60,60,60,70,70,70,72,72,72,271,2
70,70,70,70,70,70,68,68,68,70,70,70,940,2
80,80,80,70,70,70,72,72,72,70,70,70,425,1
70,70,70,60,60,60,70,70,70,78,78,78,340,2
70,70,70,80,80,80,70,70,70,80,80,80,891,2
80,80,80,70,70,70,60,60,60,70,70,70,155,2
80,80,80,70,70,70,74,74,74,70,70,70,96,1
70,70,70,60,60,60,70,70,70,70,70,70,138,2
60,60,60,70,70,70,66,66,66,70,70,70,433,2
60,60,60,70,70,70,78,78,78,70,70,70,241,1
70,70,70,60,60,60,70,70,70,60,60,60,793,1
80,80,80,70,70,70,80,80,80,70,70,70,627,1
70,70,70,70,70,70,70,70,70,70,70,70,50,1
70,70,70,80,80,80,70,70,70,76,76,76,262,2
60,60,60,70,70,70,64,64,64,70,70,70,762,2
70,70,70,70,70,70,70,70,70,64,64,64,410,1
80,80,80,70,70,70,60,60,60,70,70,70,815,2
70,70,70,60,60,60,70,70,70,78,78,78,76,2
60,60,60,70,70,70,70,70,70,70,70,70,732,1
70,70,70,70,70,70,70,70,70,64,64,64,707,1
60,60,60,70,70,70,76,76,76,70,70,70,405,1
70,70,70,80,80,80,70,70,70,68,68,68,720,1
70,70,70,70,70,70,70,70,70,66,66,66,840,1
80,80,80,70,70,70,72,72,72,70,70,70,590,1
80,80,80,70,70,70,68,68,68,70,70,70,819,2
80,80,80,70,70,70,60,60,60,70,70,70,353,2
60,60,60,70,70,70,60,60,60,70,70,70,397,2
70,70,70,80,80,80,70,70,70,76,76,76,526,2
70,70,70,70,70,70,70,70,70,80,80,80,517,2
70,70,70,70,70,70,80,80,80,70,70,70,979,1
70,70,70,80,80,80,70,70,70,74,74,74,921,2
70,70,70,60,60,60,70,70,70,78,78,78,406,2
80,80,80,70,70,70,74,74,74,70,70,70,591,1
80,80,80,70,70,70,80,80,80,70,70,70,363,1
70,70,70,70,70,70,74,74,74,70,70,70,52,1
70,70,70,70,70,70,76,76,76,70,70,70,383,1
70,70,70,70,70,70,70,70,70,78,78,78,87,2
70,70,70,70,70,70,74,74,74,70,70,70,283,1
70,70,70,70,70,70,72,72,72,70,70,70,777,1
80,80,80,70,70,70,78,78,78,70,70,70,791,1
70,70,70,80,80,80,70,70,70,62,62,62,717,1
70,70,70,70,70,70,70,70,70,62,62,62,871,1
70,70,70,60,60,60,70,70,70,80,80,80,671,2
70,70,70,80,80,80,70,70,70,72,72,72,62,2
70,70,70,70,70,70,70,70,70,80,80,80,748,2
70,70,70,80,80,80,70,70,70,70,70,70,424,2
70,70,70,70,70,70,70,70,70,70,70,70,875,1
70,70,70,70,70,70,74,74,74,70,70,70,910,1
60,60,60,70,70,70,64,64,64,70,70,70,729,2
70,70,70,70,70,70,60,60,60,70,70,70,474,2
70,70,70,80,80,80,70,70,70,76,76,76,394,2
70,70,70,70,70,70,74,74,74,70,70,70,943,1
60,60,60,70,70,70,74,74,74,70,70,70,305,1
70,70,70,80,80,80,70,70,70,80,80,80,462,2
70,70,70,80,80,80,70,70,70,68,68,68,159,1
60,60,60,70,70,70,74,74,74,70,70,70,668,1
80,80,80,70,70,70,78,78,78,70,70,70,527,1
70,70,70,70,70,70,68,68,68,70,70,70,709,2
70,70,70,70,70,70,76,76,76,70,70,70,944,1
60,60,60,70,70,70,78,78,78,70,70,70,604,1
80,80,80,70,70,70,80,80,80,70,70,70,165,1
70,70,70,70,70,70,70,70,70,60,60,60,870,1
70,70,70,80,80,80,70,70,70,62,62,62,288,1
70,70,70,60,60,60,70,70,70,72,72,72,337,2
70,70,70,80,80,80,70,70,70,62,62,62,981,1
70,70,70,60,60,60,70,70,70,64,64,64,267,1
70,70,70,80,80,80,70,70,70,66,66,66,785,1
60,60,60,70,70,70,76,76,76,70,70,70,669,1
70,70,70,80,80,80,70,70,70,70,70,70,457,2
70,70,70,70,70,70,72,72,72,70,70,70,612,1
70,70,70,80,80,80,70,70,70,68,68,68,918,1
80,80,80,70,70,70,60,60,60,70,70,70,584,2
70,70,70,80,80,80,70,70,70,64,64,64,949,1
60,60,60,70,70,70,62,62,62,70,70,70,167,2
70,70,70,70,70,70,70,70,70,64,64,64,872,1
70,70,70,70,70,70,72,72,72,70,70,70,348,1
70,70,70,60,60,60,70,70,70,78,78,78,835,2
70,70,70,80,80,80,70,70,70,64,64,64,190,1
70,70,70,80,80,80,70,70,70,62,62,62,321,1
70,70,70,70,70,70,70,70,70,62,62,62,310,1
70,70,70,60,60,60,70,70,70,70,70,70,402,2
70,70,70,60,60,60,70,70,70,78,78,78,637,2
70,70,70,60,60,60,70,70,70,64,64,64,234,1
80,80,80,70,70,70,80,80,80,70,70,70,198,1
80,80,80,70,70,70,64,64,64,70,70,70,553,2
70,70,70,70,70,70,70,70,70,68,68,68,511,1
70,70,70,70,70,70,70,70,70,70,70,70,446,1
70,70,70,70,70,70,80,80,80,70,70,70,484,1
80,80,80,70,70,70,74,74,74,70,70,70,657,1
60,60,60,70,70,70,66,66,66,70,70,70,961,2
70,70,70,80,80,80,70,70,70,66,66,66,587,1
70,70,70,70,70,70,70,70,70,64,64,64,575,1
70,70,70,70,70,70,80,80,80,70,70,70,616,1
70,70,70,70,70,70,78,78,78,70,70,70,714,1
70,70,70,70,70,70,68,68,68,70,70,70,82,2
70,70,70,70,70,70,66,66,66,70,70,70,312,2
80,80,80,70,70,70,68,68,68,70,70,70,852,2
70,70,70,80,80,80,70,70,70,64,64,64,718,1
60,60,60,70,70,70,80,80,80,70,70,70,44,1
70,70,70,60,60,60,70,70,70,80,80,80,539,2
70,70,70,80,80,80,70,70,70,74,74,74,987,2
70,70,70,60,60,60,70,70,70,68,68,68,632,1
70,70,70,80,80,80,70,70,70,78,78,78,329,2
70,70,70,70,70,70,70,70,70,76,76,76,482,2
70,70,70,70,70,70,70,70,70,66,66,66,576,1
60,60,60,70,70,70,64,64,64,70,70,70,630,2
70,70,70,70,70,70,70,70,70,78,78,78,285,2
60,60,60,70,70,70,74,74,74,70,70,70,437,1
70,70,70,80,80,80,70,70,70,62,62,62,255,1
70,70,70,60,60,60,70,70,70,76,76,76,603,2
80,80,80,70,70,70,78,78,78,70,70,70,296,1
70,70,70,70,70,70,70,70,70,62,62,62,112,1
60,60,60,70,70,70,76,76,76,70,70,70,240,1
60,60,60,70,70,70,62,62,62,70,70,70,200,2
70,70,70,80,80,80,70,70,70,80,80,80,726,2
60,60,60,70,70,70,78,78,78,70,70,70,307,1
70,70,70,60,60,60,70,70,70,76,76,76,735,2
70,70,70,80,80,80,70,70,70,70,70,70,523,2
70,70,70,80,80,80,70,70,70,76,76,76,757,2
70,70,70,70,70,70,70,70,70,62,62,62,640,1
60,60,60,70,70,70,80,80,80,70,70,70,737,1
70,70,70,70,70,70,70,70,70,62,62,62,673,1
60,60,60,70,70,70,66,66,66,70,70,70,895,2
70,70,70,70,70,70,70,70,70,70,70,70,578,2
60,60,60,70,70,70,60,60,60,70,70,70,859,2
70,70,70,60,60,60,70,70,70,72,72,72,436,2
80,80,80,70,70,70,76,76,76,70,70,70,361,1
70,70,70,70,70,70,80,80,80,70,70,70,814,1
80,80,80,70,70,70,66,66,66,70,70,70,389,2
80,80,80,70,70,70,70,70,70,70,70,70,325,1
70,70,70,70,70,70,72,72,72,70,70,70,711,1
70,70,70,80,80,80,70,70,70,80,80,80,297,2
80,80,80,70,70,70,68,68,68,70,70,70,126,2
60,60,60,70,70,70,64,64,64,70,70,70,564,2
70,70,70,60,60,60,70,70,70,70,70,70,699,2
70,70,70,70,70,70,76,76,76,70,70,70,152,1
70,70,70,70,70,70,70,70,70,80,80,80,847,2
70,70,70,70,70,70,70,70,70,64,64,64,311,1
70,70,70,60,60,60,70,70,70,68,68,68,599,1
70,70,70,70,70,70,74,74,74,70,70,70,580,1
70,70,70,70,70,70,70,70,70,62,62,62,277,1
70,70,70,70,70,70,62,62,62,70,70,70,970,2
70,70,70,70,70,70,70,70,70,70,70,70,281,1
70,70,70,60,60,60,70,70,70,76,76,76,471,2
70,70,70,70,70,70,70,70,70,76,76,76,548,2
80,80,80,70,70,70,66,66,66,70,70,70,620,2
80,80,80,70,70,70,74,74,74,70,70,70,426,1
70,70,70,70,70,70,72,72,72,70,70,70,447,1
70,70,70,60,60,60,70,70,70,76,76,76,42,2
70,70,70,70,70,70,62,62,62,70,70,70,244,2
70,70,70,60,60,60,70,70,70,78,78,78,43,2
70,70,70,60,60,60,70,70,70,74,74,74,8,2
70,70,70,70,70,70,70,70,70,76,76,76,449,2
80,80,80,70,70,70,62,62,62,70,70,70,915,2
60,60,60,70,70,70,66,66,66,70,70,70,103,2
70,70,70,70,70,70,62,62,62,70,70,70,46,2
80,80,80,70,70,70,74,74,74,70,70,70,558,1
70,70,70,70,70,70,66,66,66,70,70,70,15,2
70,70,70,80,80,80,70,70,70,60,60,60,23,1
70,70,70,80,80,80,70,70,70,72,72,72,227,2
70,70,70,70,70,70,70,70,70,60,60,60,936,1
70,70,70,80,80,80,70,70,70,78,78,78,395,2
70,70,70,70,70,70,60,60,60,70,70,70,903,2
70,70,70,60,60,60,70,70,70,74,74,74,767,2
70,70,70,70,70,70,70,70,70,70,70,70,677,1
70,70,70,70,70,70,70,70,70,64,64,64,47,1
70,70,70,70,70,70,70,70,70,62,62,62,475,1
70,70,70,80,80,80,70,70,70,68,68,68,225,1
70,70,70,70,70,70,60,60,60,70,70,70,738,2
80,80,80,70,70,70,66,66,66,70,70,70,653,2
60,60,60,70,70,70,78,78,78,70,70,70,736,1
70,70,70,70,70,70,60,60,60,70,70,70,210,2
70,70,70,80,80,80,70,70,70,78,78,78,923,2
70,70,70,80,80,80,70,70,70,62,62,62,123,1
70,70,70,70,70,70,64,64,64,70,70,70,938,2
70,70,70,70,70,70,70,70,70,70,70,70,413,1
70,70,70,70,70,70,70,70,70,78,78,78,450,2
70,70,70,70,70,70,70,70,70,64,64,64,212,1
60,60,60,70,70,70,64,64,64,70,70,70,531,2
70,70,70,70,70,70,66,66,66,70,70,70,708,2
70,70,70,60,60,60,70,70,70,60,60,60,364,1
70,70,70,70,70,70,80,80,80,70,70,70,187,1
70,70,70,70,70,70,70,70,70,72,72,72,51,2
70,70,70,80,80,80,70,70,70,60,60,60,56,1
80,80,80,70,70,70,66,66,66,70,70,70,191,2
70,70,70,70,70,70,70,70,70,78,78,78,978,2
60,60,60,70,70,70,64,64,64,70,70,70,960,2
70,70,70,60,60,60,70,70,70,62,62,62,827,1
80,80,80,70,70,70,72,72,72,70,70,70,557,1
70,70,70,60,60,60,70,70,70,60,60,60,100,1
70,70,70,60,60,60,70,70,70,72,72,72,403,2
70,70,70,80,80,80,70,70,70,70,70,70,127,2
60,60,60,70,70,70,68,68,68,70,70,70,764,2
70,70,70,60,60,60,70,70,70,68,68,68,5,1
80,80,80,70,70,70,60,60,60,70,70,70,650,2
70,70,70,80,80,80,70,70,70,74,74,74,492,2
70,70,70,70,70,70,70,70,70,80,80,80,22,2
80,80,80,70,70,70,68,68,68,70,70,70,27,2
70,70,70,70,70,70,70,70,70,72,72,72,381,2
60,60,60,70,70,70,62,62,62,70,70,70,299,2
60,60,60,70,70,70,74,74,74,70,70,70,734,1
60,60,60,70,70,70,74,74,74,70,70,70,206,1
70,70,70,80,80,80,70,70,70,74,74,74,228,2
70,70,70,70,70,70,64,64,64,70,70,70,113,2
70,70,70,70,70,70,70,70,70,66,66,66,675,1
60,60,60,70,70,70,66,66,66,70,70,70,532,2
70,70,70,70,70,70,60,60,60,70,70,70,408,2
60,60,60,70,70,70,68,68,68,70,70,70,236,2
70,70,70,70,70,70,78,78,78,70,70,70,120,1
70,70,70,80,80,80,70,70,70,72,72,72,821,2
70,70,70,60,60,60,70,70,70,62,62,62,233,1
70,70,70,80,80,80,70,70,70,62,62,62,420,1
70,70,70,80,80,80,70,70,70,60,60,60,386,1
70,70,70,60,60,60,70,70,70,66,66,66,169,1
70,70,70,80,80,80,70,70,70,64,64,64,916,1
80,80,80,70,70,70,70,70,70,70,70,70,721,1
70,70,70,60,60,60,70,70,70,62,62,62,860,1
70,70,70,60,60,60,70,70,70,74,74,74,932,2
80,80,80,70,70,70,64,64,64,70,70,70,256,2
70,70,70,70,70,70,70,70,70,66,66,66,642,1
60,60,60,70,70,70,66,66,66,70,70,70,466,2
70,70,70,70,70,70,64,64,64,70,70,70,542,2
70,70,70,80,80,80,70,70,70,64,64,64,388,1
60,60,60,70,70,70,70,70,70,70,70,70,237,1
70,70,70,80,80,80,70,70,70,66,66,66,323,1
70,70,70,70,70,70,70,70,70,78,78,78,318,2
70,70,70,60,60,60,70,70,70,72,72,72,40,2
70,70,70,60,60,60,70,70,70,74,74,74,635,2
70,70,70,70,70,70,64,64,64,70,70,70,740,2
70,70,70,70,70,70,66,66,66,70,70,70,378,2
70,70,70,70,70,70,66,66,66,70,70,70,279,2
60,60,60,70,70,70,80,80,80,70,70,70,209,1
80,80,80,70,70,70,62,62,62,70,70,70,750,2
70,70,70,70,70,70,64,64,64,70,70,70,674,2
70,70,70,80,80,80,70,70,70,70,70,70,622,2
80,80,80,70,70,70,68,68,68,70,70,70,621,2
70,70,70,70,70,70,70,70,70,76,76,76,53,2
80,80,80,70,70,70,62,62,62,70,70,70,453,2
70,70,70,70,70,70,70,70,70,76,76,76,20,2
70,70,70,70,70,70,66,66,66,70,70,70,609,2
60,60,60,70,70,70,76,76,76,70,70,70,966,1
70,70,70,70,70,70,70,70,70,70,70,70,743,2
70,70,70,60,60,60,70,70,70,60,60,60,166,1
70,70,70,60,60,60,70,70,70,70,70,70,204,2
70,70,70,80,80,80,70,70,70,74,74,74,195,2
80,80,80,70,70,70,78,78,78,70,70,70,263,1
70,70,70,70,70,70,70,70,70,74,74,74,415,2
70,70,70,60,60,60,70,70,70,78,78,78,571,2
70,70,70,70,70,70,72,72,72,70,70,70,480,1
70,70,70,60,60,60,70,70,70,64,64,64,102,1
70,70,70,60,60,60,70,70,70,64,64,64,498,1
70,70,70,80,80,80,70,70,70,80,80,80,132,2
60,60,60,70,70,70,76,76,76,70,70,70,207,1
70,70,70,70,70,70,70,70,70,76,76,76,350,2
60,60,60,70,70,70,66,66,66,70,70,70,565,2
60,60,60,70,70,70,64,64,64,70,70,70,828,2
70,70,70,80,80,80,70,70,70,62,62,62,486,1
70,70,70,60,60,60,70,70,70,76,76,76,570,2
70,70,70,70,70,70,70,70,70,70,70,70,710,1
70,70,70,80,80,80,70,70,70,80,80,80,957,2
80,80,80,70,70,70,66,66,66,70,70,70,554,2
70,70,70,80,80,80,70,70,70,62,62,62,156,1
80,80,80,70,70,70,64,64,64,70,70,70,487,2
70,70,70,70,70,70,74,74,74,70,70,70,184,1
70,70,70,60,60,60,70,70,70,80,80,80,770,2
60,60,60,70,70,70,74,74,74,70,70,70,800,1
70,70,70,70,70,70,70,70,70,70,70,70,842,1
70,70,70,60,60,60,70,70,70,74,74,74,569,2
70,70,70,60,60,60,70,70,70,62,62,62,365,1
70,70,70,80,80,80,70,70,70,60,60,60,947,1
80,80,80,70,70,70,66,66,66,70,70,70,686,2
70,70,70,70,70,70,62,62,62,70,70,70,838,2
80,80,80,70,70,70,70,70,70,70,70,70,787,1
60,60,60,70,70,70,60,60,60,70,70,70,925,2
70,70,70,80,80,80,70,70,70,76,76,76,724,2
80,80,80,70,70,70,60,60,60,70,70,70,320,2
70,70,70,60,60,60,70,70,70,60,60,60,133,1
80,80,80,70,70,70,72,72,72,70,70,70,260,1
60,60,60,70,70,70,78,78,78,70,70,70,472,1
70,70,70,80,80,80,70,70,70,62,62,62,189,1
70,70,70,80,80,80,70,70,70,60,60,60,188,1
70,70,70,80,80,80,70,70,70,68,68,68,555,1
80,80,80,70,70,70,74,74,74,70,70,70,690,1
70,70,70,70,70,70,70,70,70,68,68,68,280,1
70,70,70,60,60,60,70,70,70,68,68,68,731,1
70,70,70,70,70,70,70,70,70,72,72,72,216,2
70,70,70,80,80,80,70,70,70,68,68,68,885,1
60,60,60,70,70,70,62,62,62,70,70,70,35,2
70,70,70,80,80,80,70,70,70,80,80,80,561,2
60,60,60,70,70,70,62,62,62,70,70,70,68,2
70,70,70,60,60,60,70,70,70,72,72,72,898,2
70,70,70,60,60,60,70,70,70,68,68,68,533,1
70,70,70,60,60,60,70,70,70,78,78,78,868,2
60,60,60,70,70,70,62,62,62,70,70,70,794,2
70,70,70,60,60,60,70,70,70,62,62,62,893,1
60,60,60,70,70,70,70,70,70,70,70,70,831,1
70,70,70,70,70,70,78,78,78,70,70,70,351,1
70,70,70,80,80,80,70,70,70,66,66,66,983,1
70,70,70,70,70,70,70,70,70,68,68,68,115,1
70,70,70,60,60,60,70,70,70,76,76,76,834,2
70,70,70,70,70,70,70,70,70,62,62,62,706,1
70,70,70,70,70,70,74,74,74,70,70,70,646,1
80,80,80,70,70,70,62,62,62,70,70,70,948,2
70,70,70,60,60,60,70,70,70,68,68,68,830,1
60,60,60,70,70,70,62,62,62,70,70,70,728,2
70,70,70,80,80,80,70,70,70,72,72,72,95,2
70,70,70,80,80,80,70,70,70,68,68,68,654,1
70,70,70,70,70,70,70,70,70,60,60,60,705,1
70,70,70,80,80,80,70,70,70,74,74,74,954,2
80,80,80,70,70,70,76,76,76,70,70,70,856,1
80,80,80,70,70,70,62,62,62,70,70,70,618,2
70,70,70,80,80,80,70,70,70,60,60,60,716,1
80,80,80,70,70,70,68,68,68,70,70,70,489,2
70,70,70,80,80,80,70,70,70,70,70,70,886,2
70,70,70,80,80,80,70,70,70,74,74,74,888,2
60,60,60,70,70,70,66,66,66,70,70,70,334,2
70,70,70,70,70,70,70,70,70,66,66,66,477,1
70,70,70,80,80,80,70,70,70,60,60,60,881,1
80,80,80,70,70,70,64,64,64,70,70,70,322,2
70,70,70,70,70,70,70,70,70,66,66,66,906,1
60,60,60,70,70,70,68,68,68,70,70,70,269,2
70,70,70,60,60,60,70,70,70,78,78,78,769,2
70,70,70,70,70,70,70,70,70,62,62,62,805,1
80,80,80,70,70,70,60,60,60,70,70,70,122,2
70,70,70,80,80,80,70,70,70,66,66,66,422,1
70,70,70,60,60,60,70,70,70,80,80,80,143,2
70,70,70,70,70,70,72,72,72,70,70,70,150,1
70,70,70,80,80,80,70,70,70,68,68,68,192,1
60,60,60,70,70,70,80,80,80,70,70,70,605,1
80,80,80,70,70,70,70,70,70,70,70,70,259,1
60,60,60,70,70,70,70,70,70,70,70,70,864,1
70,70,70,70,70,70,70,70,70,74,74,74,811,2
70,70,70,80,80,80,70,70,70,62,62,62,354,1
70,70,70,70,70,70,70,70,70,78,78,78,21,2
70,70,70,70,70,70,70,70,70,76,76,76,581,2
70,70,70,70,70,70,72,72,72,70,70,70,546,1
80,80,80,70,70,70,70,70,70,70,70,70,919,1
60,60,60,70,70,70,80,80,80,70,70,70,77,1
70,70,70,60,60,60,70,70,70,74,74,74,965,2
60,60,60,70,70,70,68,68,68,70,70,70,401,2
70,70,70,70,70,70,60,60,60,70,70,70,144,2
60,60,60,70,70,70,62,62,62,70,70,70,464,2
70,70,70,60,60,60,70,70,70,60,60,60,430,1
70,70,70,70,70,70,64,64,64,70,70,70,377,2
70,70,70,60,60,60,70,70,70,72,72,72,667,2
70,70,70,60,60,60,70,70,70,70,70,70,6,2
70,70,70,70,70,70,70,70,70,74,74,74,877,2
80,80,80,70,70,70,62,62,62,70,70,70,24,2
70,70,70,70,70,70,78,78,78,70,70,70,483,1
70,70,70,80,80,80,70,70,70,68,68,68,390,1
70,70,70,70,70,70,78,78,78,70,70,70,516,1
70,70,70,70,70,70,76,76,76,70,70,70,713,1
60,60,60,70,70,70,60,60,60,70,70,70,232,2
70,70,70,80,80,80,70,70,70,64,64,64,817,1
70,70,70,70,70,70,70,70,70,68,68,68,478,1
70,70,70,80,80,80,70,70,70,60,60,60,749,1
70,70,70,80,80,80,70,70,70,66,66,66,158,1
80,80,80,70,70,70,74,74,74,70,70,70,756,1
70,70,70,70,70,70,70,70,70,68,68,68,412,1
70,70,70,80,80,80,70,70,70,78,78,78,659,2
70,70,70,70,70,70,70,70,70,70,70,70,644,2
70,70,70,70,70,70,70,70,70,74,74,74,778,2
60,60,60,70,70,70,70,70,70,70,70,70,930,1
70,70,70,70,70,70,62,62,62,70,70,70,178,2
70,70,70,70,70,70,80,80,80,70,70,70,253,1
70,70,70,70,70,70,64,64,64,70,70,70,443,2
70,70,70,80,80,80,70,70,70,60,60,60,914,1
70,70,70,60,60,60,70,70,70,60,60,60,760,1
70,70,70,60,60,60,70,70,70,74,74,74,239,2
70,70,70,70,70,70,70,70,70,70,70,70,479,1
70,70,70,80,80,80,70,70,70,62,62,62,519,1
70,70,70,70,70,70,70,70,70,70,70,70,545,2
60,60,60,70,70,70,80,80,80,70,70,70,968,1
80,80,80,70,70,70,66,66,66,70,70,70,884,2
60,60,60,70,70,70,62,62,62,70,70,70,563,2
70,70,70,60,60,60,70,70,70,74,74,74,371,2
70,70,70,70,70,70,70,70,70,70,70,70,611,1
80,80,80,70,70,70,76,76,76,70,70,70,295,1
70,70,70,70,70,70,70,70,70,80,80,80,55,2
70,70,70,80,80,80,70,70,70,64,64,64,982,1
70,70,70,80,80,80,70,70,70,62,62,62,651,1
70,70,70,70,70,70,66,66,66,70,70,70,147,2
80,80,80,70,70,70,78,78,78,70,70,70,428,1
70,70,70,70,70,70,76,76,76,70,70,70,218,1
60,60,60,70,70,70,64,64,64,70,70,70,366,2
70,70,70,70,70,70,72,72,72,70,70,70,645,1
70,70,70,60,60,60,70,70,70,70,70,70,765,2
70,70,70,70,70,70,80,80,80,70,70,70,550,1
70,70,70,80,80,80,70,70,70,80,80,80,924,2
70,70,70,60,60,60,70,70,70,74,74,74,866,2
70,70,70,80,80,80,70,70,70,76,76,76,559,2
70,70,70,70,70,70,72,72,72,70,70,70,513,1
60,60,60,70,70,70,64,64,64,70,70,70,861,2
80,80,80,70,70,70,66,66,66,70,70,70,719,2
70,70,70,70,70,70,68,68,68,70,70,70,577,2
60,60,60,70,70,70,72,72,72,70,70,70,733,1
70,70,70,60,60,60,70,70,70,76,76,76,636,2
80,80,80,70,70,70,72,72,72,70,70,70,887,1
60,60,60,70,70,70,64,64,64,70,70,70,3,2
60,60,60,70,70,70,72,72,72,70,70,70,238,1
80,80,80,70,70,70,74,74,74,70,70,70,261,1
70,70,70,80,80,80,70,70,70,66,66,66,521,1
70,70,70,70,70,70,70,70,70,74,74,74,679,2
70,70,70,70,70,70,70,70,70,64,64,64,476,1
70,70,70,70,70,70,70,70,70,70,70,70,347,2
70,70,70,70,70,70,66,66,66,70,70,70,345,2
70,70,70,60,60,60,70,70,70,64,64,64,69,1
70,70,70,60,60,60,70,70,70,72,72,72,601,2
80,80,80,70,70,70,60,60,60,70,70,70,221,2
80,80,80,70,70,70,64,64,64,70,70,70,883,2
70,70,70,60,60,60,70,70,70,74,74,74,899,2
70,70,70,70,70,70,78,78,78,70,70,70,582,1
70,70,70,70,70,70,70,70,70,78,78,78,219,2
70,70,70,70,70,70,70,70,70,68,68,68,874,1
70,70,70,60,60,60,70,70,70,60,60,60,463,1
70,70,70,70,70,70,68,68,68,70,70,70,742,2
80,80,80,70,70,70,76,76,76,70,70,70,592,1
80,80,80,70,70,70,62,62,62,70,70,70,849,2
70,70,70,70,70,70,72,72,72,70,70,70,810,1
70,70,70,80,80,80,70,70,70,70,70,70,952,2
70,70,70,80,80,80,70,70,70,78,78,78,98,2
70,70,70,80,80,80,70,70,70,80,80,80,66,2
80,80,80,70,70,70,74,74,74,70,70,70,162,1
70,70,70,70,70,70,74,74,74,70,70,70,613,1
70,70,70,80,80,80,70,70,70,64,64,64,421,1
70,70,70,60,60,60,70,70,70,74,74,74,107,2
70,70,70,60,60,60,70,70,70,62,62,62,266,1
70,70,70,60,60,60,70,70,70,62,62,62,398,1
70,70,70,80,80,80,70,70,70,64,64,64,91,1
70,70,70,70,70,70,70,70,70,74,74,74,976,2
60,60,60,70,70,70,74,74,74,70,70,70,404,1
80,80,80,70,70,70,70,70,70,70,70,70,556,1
70,70,70,70,70,70,70,70,70,72,72,72,249,2
70,70,70,70,70,70,70,70,70,76,76,76,119,2
70,70,70,70,70,70,70,70,70,68,68,68,907,1
80,80,80,70,70,70,78,78,78,70,70,70,131,1
80,80,80,70,70,70,78,78,78,70,70,70,626,1
70,70,70,60,60,60,70,70,70,64,64,64,300,1
70,70,70,60,60,60,70,70,70,74,74,74,701,2
60,60,60,70,70,70,64,64,64,70,70,70,597,2
70,70,70,80,80,80,70,70,70,76,76,76,97,2
70,70,70,60,60,60,70,70,70,72,72,72,535,2
70,70,70,70,70,70,70,70,70,74,74,74,349,2
60,60,60,70,70,70,80,80,80,70,70,70,902,1
70,70,70,70,70,70,70,70,70,66,66,66,972,1
70,70,70,80,80,80,70,70,70,72,72,72,986,2
70,70,70,70,70,70,72,72,72,70,70,70,744,1
70,70,70,70,70,70,72,72,72,70,70,70,876,1
70,70,70,70,70,70,68,68,68,70,70,70,148,2
70,70,70,60,60,60,70,70,70,70,70,70,105,2
70,70,70,70,70,70,72,72,72,70,70,70,18,1
60,60,60,70,70,70,76,76,76,70,70,70,933,1
70,70,70,60,60,60,70,70,70,76,76,76,273,2
80,80,80,70,70,70,80,80,80,70,70,70,792,1
80,80,80,70,70,70,68,68,68,70,70,70,522,2
70,70,70,60,60,60,70,70,70,62,62,62,101,1
70,70,70,80,80,80,70,70,70,70,70,70,292,2
70,70,70,80,80,80,70,70,70,70,70,70,754,2
70,70,70,80,80,80,70,70,70,66,66,66,59,1
70,70,70,80,80,80,70,70,70,76,76,76,889,2
70,70,70,60,60,60,70,70,70,74,74,74,140,2
70,70,70,70,70,70,80,80,80,70,70,70,385,1
70,70,70,60,60,60,70,70,70,66,66,66,268,1
70,70,70,80,80,80,70,70,70,80,80,80,858,2
70,70,70,70,70,70,66,66,66,70,70,70,873,2
80,80,80,70,70,70,60,60,60,70,70,70,254,2
70,70,70,80,80,80,70,70,70,64,64,64,25,1
70,70,70,80,80,80,70,70,70,78,78,78,956,2
70,70,70,80,80,80,70,70,70,62,62,62,57,1
70,70,70,60,60,60,70,70,70,72,72,72,73,2
70,70,70,70,70,70,70,70,70,64,64,64,641,1
60,60,60,70,70,70,64,64,64,70,70,70,927,2
60,60,60,70,70,70,68,68,68,70,70,70,698,2
70,70,70,60,60,60,70,70,70,76,76,76,438,2
70,70,70,80,80,80,70,70,70,76,76,76,427,2
70,70,70,70,70,70,78,78,78,70,70,70,846,1
70,70,70,60,60,60,70,70,70,76,76,76,372,2
60,60,60,70,70,70,62,62,62,70,70,70,134,2
70,70,70,80,80,80,70,70,70,78,78,78,32,2
60,60,60,70,70,70,60,60,60,70,70,70,727,2
60,60,60,70,70,70,66,66,66,70,70,70,664,2
80,80,80,70,70,70,66,66,66,70,70,70,917,2
80,80,80,70,70,70,76,76,76,70,70,70,823,1
60,60,60,70,70,70,68,68,68,70,70,70,962,2
70,70,70,60,60,60,70,70,70,64,64,64,168,1
70,70,70,80,80,80,70,70,70,78,78,78,494,2
60,60,60,70,70,70,72,72,72,70,70,70,469,1
60,60,60,70,70,70,72,72,72,70,70,70,799,1
70,70,70,60,60,60,70,70,70,70,70,70,501,2
70,70,70,60,60,60,70,70,70,80,80,80,341,2
70,70,70,70,70,70,70,70,70,68,68,68,181,1
70,70,70,70,70,70,70,70,70,78,78,78,153,2
60,60,60,70,70,70,66,66,66,70,70,70,796,2
70,70,70,80,80,80,70,70,70,64,64,64,157,1
60,60,60,70,70,70,68,68,68,70,70,70,104,2
70,70,70,70,70,70,62,62,62,70,70,70,772,2
70,70,70,60,60,60,70,70,70,64,64,64,696,1
70,70,70,70,70,70,80,80,80,70,70,70,649,1
70,70,70,60,60,60,70,70,70,80,80,80,803,2
70,70,70,60,60,60,70,70,70,72,72,72,139,2
60,60,60,70,70,70,80,80,80,70,70,70,11,1
