40,40,40,30,30,30,40,40,40,32,32,32,827,1
40,40,40,40,40,40,38,38,38,40,40,40,214,2
40,40,40,40,40,40,40,40,40,40,40,40,875,1
40,40,40,50,50,50,40,40,40,48,48,48,857,2
40,40,40,40,40,40,40,40,40,44,44,44,481,2
40,40,40,30,30,30,40,40,40,32,32,32,431,1
50,50,50,40,40,40,30,30,30,40,40,40,56,2
40,40,40,40,40,40,40,40,40,38,38,38,973,1
40,40,40,50,50,50,40,40,40,44,44,44,822,2
40,40,40,30,30,30,40,40,40,34,34,34,168,1
50,50,50,40,40,40,40,40,40,40,40,40,556,1
50,50,50,40,40,40,32,32,32,40,40,40,156,2
40,40,40,30,30,30,40,40,40,30,30,30,958,1
40,40,40,30,30,30,40,40,40,36,36,36,433,1
40,40,40,50,50,50,40,40,40,42,42,42,590,2
40,40,40,30,30,30,40,40,40,30,30,30,925,1
40,40,40,30,30,30,40,40,40,32,32,32,2,1
40,40,40,50,50,50,40,40,40,50,50,50,363,2
40,40,40,40,40,40,32,32,32,40,40,40,772,2
40,40,40,40,40,40,40,40,40,50,50,50,550,2
40,40,40,50,50,50,40,40,40,50,50,50,99,2
40,40,40,40,40,40,40,40,40,30,30,30,276,1
50,50,50,40,40,40,30,30,30,40,40,40,947,2
40,40,40,40,40,40,40,40,40,38,38,38,478,1
40,40,40,40,40,40,38,38,38,40,40,40,808,2
50,50,50,40,40,40,40,40,40,40,40,40,622,1
40,40,40,50,50,50,40,40,40,50,50,50,759,2
50,50,50,40,40,40,46,46,46,40,40,40,889,1
40,40,40,40,40,40,40,40,40,44,44,44,679,2
40,40,40,30,30,30,40,40,40,46,46,46,735,2
50,50,50,40,40,40,32,32,32,40,40,40,321,2
40,40,40,50,50,50,40,40,40,44,44,44,987,2
40,40,40,30,30,30,40,40,40,44,44,44,503,2
30,30,30,40,40,40,36,36,36,40,40,40,4,2
40,40,40,50,50,50,40,40,40,50,50,50,660,2
30,30,30,40,40,40,36,36,36,40,40,40,301,2
40,40,40,40,40,40,40,40,40,44,44,44,844,2
50,50,50,40,40,40,34,34,34,40,40,40,883,2
40,40,40,30,30,30,40,40,40,50,50,50,737,2
40,40,40,50,50,50,40,40,40,32,32,32,882,1
40,40,40,50,50,50,40,40,40,38,38,38,555,1
40,40,40,40,40,40,32,32,32,40,40,40,112,2
50,50,50,40,40,40,34,34,34,40,40,40,322,2
40,40,40,40,40,40,32,32,32,40,40,40,541,2
40,40,40,30,30,30,40,40,40,46,46,46,141,2
40,40,40,50,50,50,40,40,40,32,32,32,519,1
40,40,40,30,30,30,40,40,40,34,34,34,432,1
40,40,40,30,30,30,40,40,40,42,42,42,271,2
30,30,30,40,40,40,36,36,36,40,40,40,862,2
50,50,50,40,40,40,44,44,44,40,40,40,954,1
40,40,40,40,40,40,38,38,38,40,40,40,742,2
40,40,40,40,40,40,40,40,40,32,32,32,46,1
40,40,40,30,30,30,40,40,40,36,36,36,664,1
40,40,40,30,30,30,40,40,40,38,38,38,104,1
30,30,30,40,40,40,34,34,34,40,40,40,960,2
40,40,40,40,40,40,40,40,40,38,38,38,874,1
40,40,40,40,40,40,40,40,40,38,38,38,610,1
50,50,50,40,40,40,30,30,30,40,40,40,452,2
30,30,30,40,40,40,46,46,46,40,40,40,438,1
50,50,50,40,40,40,44,44,44,40,40,40,360,1
40,40,40,40,40,40,40,40,40,50,50,50,187,2
40,40,40,50,50,50,40,40,40,44,44,44,228,2
40,40,40,30,30,30,40,40,40,40,40,40,864,2
50,50,50,40,40,40,34,34,34,40,40,40,124,2
30,30,30,40,40,40,42,42,42,40,40,40,898,1
30,30,30,40,40,40,34,34,34,40,40,40,366,2
40,40,40,50,50,50,40,40,40,48,48,48,329,2
30,30,30,40,40,40,38,38,38,40,40,40,797,2
40,40,40,30,30,30,40,40,40,40,40,40,567,2
40,40,40,40,40,40,48,48,48,40,40,40,648,1
40,40,40,50,50,50,40,40,40,42,42,42,260,2
40,40,40,30,30,30,40,40,40,34,34,34,267,1
40,40,40,30,30,30,40,40,40,38,38,38,401,1
50,50,50,40,40,40,38,38,38,40,40,40,258,2
40,40,40,40,40,40,36,36,36,40,40,40,48,2
40,40,40,40,40,40,40,40,40,32,32,32,970,1
30,30,30,40,40,40,34,34,34,40,40,40,498,2
40,40,40,30,30,30,40,40,40,38,38,38,566,1
40,40,40,30,30,30,40,40,40,40,40,40,270,2
40,40,40,50,50,50,40,40,40,42,42,42,392,2
40,40,40,40,40,40,40,40,40,40,40,40,743,1
30,30,30,40,40,40,46,46,46,40,40,40,900,1
40,40,40,50,50,50,40,40,40,34,34,34,157,1
40,40,40,50,50,50,40,40,40,30,30,30,353,1
40,40,40,30,30,30,40,40,40,48,48,48,802,2
40,40,40,40,40,40,40,40,40,40,40,40,380,1
50,50,50,40,40,40,32,32,32,40,40,40,189,2
40,40,40,40,40,40,42,42,42,40,40,40,975,1
40,40,40,40,40,40,50,50,50,40,40,40,55,1
40,40,40,30,30,30,40,40,40,38,38,38,731,1
40,40,40,50,50,50,40,40,40,32,32,32,915,1
40,40,40,50,50,50,40,40,40,36,36,36,620,1
40,40,40,40,40,40,40,40,40,44,44,44,745,2
30,30,30,40,40,40,30,30,30,40,40,40,760,2
50,50,50,40,40,40,48,48,48,40,40,40,758,1
40,40,40,50,50,50,40,40,40,40,40,40,61,2
40,40,40,50,50,50,40,40,40,44,44,44,525,2
30,30,30,40,40,40,30,30,30,40,40,40,826,2
40,40,40,30,30,30,40,40,40,42,42,42,7,2
30,30,30,40,40,40,48,48,48,40,40,40,76,1
40,40,40,40,40,40,30,30,30,40,40,40,903,2
40,40,40,40,40,40,48,48,48,40,40,40,351,1
40,40,40,40,40,40,40,40,40,46,46,46,878,2
40,40,40,40,40,40,44,44,44,40,40,40,811,1
30,30,30,40,40,40,46,46,46,40,40,40,471,1
30,30,30,40,40,40,50,50,50,40,40,40,638,1
40,40,40,50,50,50,40,40,40,48,48,48,593,2
40,40,40,30,30,30,40,40,40,36,36,36,697,1
50,50,50,40,40,40,36,36,36,40,40,40,125,2
40,40,40,50,50,50,40,40,40,32,32,32,222,1
40,40,40,40,40,40,40,40,40,48,48,48,54,2
50,50,50,40,40,40,36,36,36,40,40,40,719,2
40,40,40,30,30,30,40,40,40,30,30,30,859,1
40,40,40,40,40,40,34,34,34,40,40,40,575,2
40,40,40,40,40,40,40,40,40,44,44,44,217,2
30,30,30,40,40,40,46,46,46,40,40,40,669,1
40,40,40,50,50,50,40,40,40,46,46,46,691,2
40,40,40,30,30,30,40,40,40,48,48,48,307,2
40,40,40,40,40,40,40,40,40,48,48,48,582,2
30,30,30,40,40,40,36,36,36,40,40,40,631,2
30,30,30,40,40,40,48,48,48,40,40,40,736,1
30,30,30,40,40,40,34,34,34,40,40,40,300,2
40,40,40,40,40,40,30,30,30,40,40,40,573,2
40,40,40,40,40,40,40,40,40,48,48,48,87,2
40,40,40,50,50,50,40,40,40,36,36,36,587,1
40,40,40,40,40,40,40,40,40,44,44,44,580,2
50,50,50,40,40,40,38,38,38,40,40,40,753,2
40,40,40,30,30,30,40,40,40,36,36,36,268,1
40,40,40,40,40,40,40,40,40,32,32,32,442,1
40,40,40,40,40,40,40,40,40,42,42,42,414,2
50,50,50,40,40,40,44,44,44,40,40,40,393,1
40,40,40,40,40,40,40,40,40,44,44,44,712,2
40,40,40,40,40,40,40,40,40,30,30,30,408,1
40,40,40,40,40,40,34,34,34,40,40,40,377,2
40,40,40,40,40,40,46,46,46,40,40,40,977,1
40,40,40,40,40,40,50,50,50,40,40,40,451,1
40,40,40,50,50,50,40,40,40,34,34,34,916,1
40,40,40,40,40,40,40,40,40,32,32,32,277,1
40,40,40,30,30,30,40,40,40,48,48,48,10,2
40,40,40,40,40,40,40,40,40,38,38,38,907,1
50,50,50,40,40,40,38,38,38,40,40,40,654,2
40,40,40,50,50,50,40,40,40,40,40,40,490,2
40,40,40,40,40,40,40,40,40,40,40,40,116,2
40,40,40,40,40,40,40,40,40,50,50,50,649,2
30,30,30,40,40,40,44,44,44,40,40,40,767,1
40,40,40,50,50,50,40,40,40,32,32,32,24,1
40,40,40,50,50,50,40,40,40,42,42,42,557,2
40,40,40,50,50,50,40,40,40,50,50,50,297,2
30,30,30,40,40,40,40,40,40,40,40,40,72,1
40,40,40,40,40,40,40,40,40,44,44,44,85,2
40,40,40,50,50,50,40,40,40,34,34,34,190,1
30,30,30,40,40,40,32,32,32,40,40,40,959,2
30,30,30,40,40,40,38,38,38,40,40,40,71,2
40,40,40,30,30,30,40,40,40,32,32,32,398,1
30,30,30,40,40,40,34,34,34,40,40,40,894,2
40,40,40,50,50,50,40,40,40,30,30,30,584,1
50,50,50,40,40,40,30,30,30,40,40,40,683,2
50,50,50,40,40,40,44,44,44,40,40,40,195,1
40,40,40,40,40,40,40,40,40,36,36,36,609,1
50,50,50,40,40,40,34,34,34,40,40,40,388,2
40,40,40,40,40,40,42,42,42,40,40,40,84,1
40,40,40,40,40,40,40,40,40,36,36,36,642,1
40,40,40,40,40,40,40,40,40,46,46,46,944,2
40,40,40,30,30,30,40,40,40,32,32,32,35,1
30,30,30,40,40,40,44,44,44,40,40,40,206,1
40,40,40,50,50,50,40,40,40,48,48,48,659,2
40,40,40,40,40,40,40,40,40,48,48,48,120,2
50,50,50,40,40,40,34,34,34,40,40,40,454,2
40,40,40,40,40,40,38,38,38,40,40,40,346,2
40,40,40,40,40,40,40,40,40,40,40,40,479,2
40,40,40,50,50,50,40,40,40,44,44,44,657,2
30,30,30,40,40,40,38,38,38,40,40,40,302,2
40,40,40,40,40,40,40,40,40,42,42,42,678,2
40,40,40,40,40,40,40,40,40,34,34,34,278,1
40,40,40,50,50,50,40,40,40,38,38,38,687,1
40,40,40,30,30,30,40,40,40,44,44,44,635,2
40,40,40,30,30,30,40,40,40,30,30,30,595,1
40,40,40,40,40,40,40,40,40,38,38,38,940,1
30,30,30,40,40,40,44,44,44,40,40,40,536,1
50,50,50,40,40,40,34,34,34,40,40,40,652,2
40,40,40,40,40,40,48,48,48,40,40,40,846,1
50,50,50,40,40,40,38,38,38,40,40,40,621,2
40,40,40,40,40,40,40,40,40,46,46,46,86,2
30,30,30,40,40,40,44,44,44,40,40,40,404,1
40,40,40,40,40,40,40,40,40,40,40,40,545,2
30,30,30,40,40,40,46,46,46,40,40,40,603,1
50,50,50,40,40,40,36,36,36,40,40,40,521,2
40,40,40,40,40,40,32,32,32,40,40,40,13,2
40,40,40,40,40,40,40,40,40,42,42,42,810,2
30,30,30,40,40,40,30,30,30,40,40,40,892,2
40,40,40,30,30,30,40,40,40,40,40,40,798,2
30,30,30,40,40,40,48,48,48,40,40,40,769,1
40,40,40,30,30,30,40,40,40,48,48,48,109,2
40,40,40,40,40,40,40,40,40,30,30,30,12,1
30,30,30,40,40,40,32,32,32,40,40,40,200,2
40,40,40,40,40,40,42,42,42,40,40,40,315,1
40,40,40,40,40,40,40,40,40,32,32,32,409,1
40,40,40,30,30,30,40,40,40,30,30,30,100,1
50,50,50,40,40,40,32,32,32,40,40,40,123,2
40,40,40,40,40,40,40,40,40,42,42,42,579,2
30,30,30,40,40,40,50,50,50,40,40,40,341,1
40,40,40,40,40,40,40,40,40,46,46,46,548,2
40,40,40,30,30,30,40,40,40,38,38,38,236,1
30,30,30,40,40,40,42,42,42,40,40,40,205,1
40,40,40,40,40,40,40,40,40,34,34,34,212,1
40,40,40,40,40,40,48,48,48,40,40,40,615,1
30,30,30,40,40,40,30,30,30,40,40,40,166,2
30,30,30,40,40,40,48,48,48,40,40,40,472,1
40,40,40,40,40,40,40,40,40,36,36,36,312,1
40,40,40,40,40,40,40,40,40,34,34,34,773,1
50,50,50,40,40,40,42,42,42,40,40,40,788,1
30,30,30,40,40,40,34,34,34,40,40,40,663,2
40,40,40,50,50,50,40,40,40,50,50,50,561,2
40,40,40,40,40,40,40,40,40,44,44,44,382,2
40,40,40,50,50,50,40,40,40,44,44,44,327,2
40,40,40,40,40,40,40,40,40,40,40,40,281,1
30,30,30,40,40,40,38,38,38,40,40,40,335,2
40,40,40,30,30,30,40,40,40,40,40,40,633,2
40,40,40,40,40,40,30,30,30,40,40,40,606,2
30,30,30,40,40,40,48,48,48,40,40,40,274,1
50,50,50,40,40,40,38,38,38,40,40,40,489,2
40,40,40,40,40,40,40,40,40,34,34,34,806,1
40,40,40,40,40,40,32,32,32,40,40,40,739,2
40,40,40,50,50,50,40,40,40,40,40,40,94,2
50,50,50,40,40,40,50,50,50,40,40,40,429,1
50,50,50,40,40,40,32,32,32,40,40,40,288,2
50,50,50,40,40,40,50,50,50,40,40,40,198,1
40,40,40,40,40,40,40,40,40,40,40,40,677,1
40,40,40,30,30,30,40,40,40,34,34,34,597,1
40,40,40,50,50,50,40,40,40,46,46,46,493,2
40,40,40,50,50,50,40,40,40,48,48,48,65,2
50,50,50,40,40,40,30,30,30,40,40,40,650,2
40,40,40,30,30,30,40,40,40,32,32,32,662,1
40,40,40,40,40,40,48,48,48,40,40,40,186,1
40,40,40,30,30,30,40,40,40,34,34,34,861,1
40,40,40,30,30,30,40,40,40,32,32,32,860,1
40,40,40,40,40,40,40,40,40,46,46,46,317,2
40,40,40,40,40,40,46,46,46,40,40,40,482,1
50,50,50,40,40,40,44,44,44,40,40,40,690,1
40,40,40,40,40,40,40,40,40,46,46,46,152,2
50,50,50,40,40,40,50,50,50,40,40,40,462,1
40,40,40,40,40,40,30,30,30,40,40,40,738,2
40,40,40,40,40,40,40,40,40,48,48,48,549,2
50,50,50,40,40,40,32,32,32,40,40,40,948,2
40,40,40,50,50,50,40,40,40,48,48,48,824,2
40,40,40,40,40,40,50,50,50,40,40,40,352,1
40,40,40,30,30,30,40,40,40,46,46,46,867,2
40,40,40,40,40,40,40,40,40,30,30,30,672,1
30,30,30,40,40,40,40,40,40,40,40,40,402,1
40,40,40,40,40,40,40,40,40,32,32,32,244,1
50,50,50,40,40,40,42,42,42,40,40,40,194,1
40,40,40,40,40,40,44,44,44,40,40,40,415,1
40,40,40,30,30,30,40,40,40,30,30,30,199,1
40,40,40,50,50,50,40,40,40,50,50,50,231,2
50,50,50,40,40,40,44,44,44,40,40,40,162,1
40,40,40,50,50,50,40,40,40,40,40,40,160,2
40,40,40,50,50,50,40,40,40,48,48,48,923,2
40,40,40,40,40,40,40,40,40,34,34,34,905,1
40,40,40,40,40,40,42,42,42,40,40,40,645,1
40,40,40,50,50,50,40,40,40,42,42,42,227,2
40,40,40,30,30,30,40,40,40,32,32,32,926,1
40,40,40,40,40,40,46,46,46,40,40,40,845,1
30,30,30,40,40,40,48,48,48,40,40,40,637,1
40,40,40,50,50,50,40,40,40,46,46,46,229,2
50,50,50,40,40,40,36,36,36,40,40,40,917,2
40,40,40,40,40,40,34,34,34,40,40,40,608,2
40,40,40,50,50,50,40,40,40,30,30,30,386,1
40,40,40,50,50,50,40,40,40,36,36,36,224,1
40,40,40,40,40,40,46,46,46,40,40,40,779,1
40,40,40,50,50,50,40,40,40,38,38,38,423,1
40,40,40,30,30,30,40,40,40,34,34,34,630,1
40,40,40,50,50,50,40,40,40,46,46,46,130,2
30,30,30,40,40,40,42,42,42,40,40,40,370,1
40,40,40,50,50,50,40,40,40,34,34,34,223,1
40,40,40,30,30,30,40,40,40,44,44,44,866,2
30,30,30,40,40,40,44,44,44,40,40,40,272,1
40,40,40,50,50,50,40,40,40,40,40,40,391,2
40,40,40,40,40,40,40,40,40,40,40,40,83,1
40,40,40,40,40,40,46,46,46,40,40,40,185,1
40,40,40,40,40,40,40,40,40,40,40,40,842,2
40,40,40,40,40,40,50,50,50,40,40,40,913,1
40,40,40,50,50,50,40,40,40,48,48,48,164,2
40,40,40,30,30,30,40,40,40,40,40,40,6,2
40,40,40,40,40,40,40,40,40,36,36,36,708,1
30,30,30,40,40,40,48,48,48,40,40,40,835,1
30,30,30,40,40,40,34,34,34,40,40,40,36,2
40,40,40,40,40,40,32,32,32,40,40,40,376,2
50,50,50,40,40,40,30,30,30,40,40,40,287,2
40,40,40,30,30,30,40,40,40,42,42,42,601,2
40,40,40,50,50,50,40,40,40,36,36,36,92,1
40,40,40,30,30,30,40,40,40,42,42,42,436,2
30,30,30,40,40,40,40,40,40,40,40,40,534,1
40,40,40,50,50,50,40,40,40,46,46,46,559,2
50,50,50,40,40,40,48,48,48,40,40,40,725,1
40,40,40,40,40,40,34,34,34,40,40,40,245,2
40,40,40,30,30,30,40,40,40,32,32,32,464,1
30,30,30,40,40,40,36,36,36,40,40,40,796,2
40,40,40,30,30,30,40,40,40,50,50,50,572,2
40,40,40,40,40,40,42,42,42,40,40,40,777,1
40,40,40,40,40,40,40,40,40,50,50,50,583,2
30,30,30,40,40,40,44,44,44,40,40,40,965,1
40,40,40,30,30,30,40,40,40,46,46,46,339,2
40,40,40,40,40,40,42,42,42,40,40,40,150,1
40,40,40,50,50,50,40,40,40,36,36,36,818,1
40,40,40,40,40,40,40,40,40,34,34,34,872,1
40,40,40,40,40,40,30,30,30,40,40,40,837,2
40,40,40,50,50,50,40,40,40,44,44,44,261,2
40,40,40,40,40,40,40,40,40,40,40,40,941,1
40,40,40,40,40,40,36,36,36,40,40,40,972,2
40,40,40,50,50,50,40,40,40,32,32,32,552,1
40,40,40,50,50,50,40,40,40,48,48,48,494,2
30,30,30,40,40,40,32,32,32,40,40,40,299,2
40,40,40,50,50,50,40,40,40,36,36,36,983,1
40,40,40,40,40,40,42,42,42,40,40,40,18,1
30,30,30,40,40,40,38,38,38,40,40,40,38,2
30,30,30,40,40,40,48,48,48,40,40,40,901,1
40,40,40,50,50,50,40,40,40,38,38,38,390,1
40,40,40,40,40,40,40,40,40,36,36,36,510,1
40,40,40,30,30,30,40,40,40,44,44,44,437,2
50,50,50,40,40,40,40,40,40,40,40,40,292,1
40,40,40,50,50,50,40,40,40,30,30,30,782,1
40,40,40,30,30,30,40,40,40,44,44,44,470,2
40,40,40,50,50,50,40,40,40,36,36,36,323,1
40,40,40,40,40,40,42,42,42,40,40,40,348,1
40,40,40,40,40,40,46,46,46,40,40,40,515,1
40,40,40,40,40,40,48,48,48,40,40,40,681,1
40,40,40,40,40,40,40,40,40,44,44,44,19,2
50,50,50,40,40,40,50,50,50,40,40,40,792,1
40,40,40,30,30,30,40,40,40,40,40,40,468,2
50,50,50,40,40,40,32,32,32,40,40,40,750,2
40,40,40,30,30,30,40,40,40,42,42,42,964,2
40,40,40,40,40,40,40,40,40,32,32,32,211,1
40,40,40,40,40,40,32,32,32,40,40,40,310,2
40,40,40,40,40,40,40,40,40,36,36,36,444,1
30,30,30,40,40,40,36,36,36,40,40,40,829,2
40,40,40,40,40,40,40,40,40,48,48,48,747,2
30,30,30,40,40,40,50,50,50,40,40,40,803,1
40,40,40,30,30,30,40,40,40,34,34,34,465,1
50,50,50,40,40,40,46,46,46,40,40,40,922,1
40,40,40,40,40,40,40,40,40,36,36,36,807,1
40,40,40,40,40,40,40,40,40,32,32,32,673,1
40,40,40,40,40,40,46,46,46,40,40,40,746,1
50,50,50,40,40,40,38,38,38,40,40,40,522,2
40,40,40,30,30,30,40,40,40,32,32,32,266,1
50,50,50,40,40,40,36,36,36,40,40,40,26,2
40,40,40,50,50,50,40,40,40,40,40,40,457,2
30,30,30,40,40,40,48,48,48,40,40,40,142,1
40,40,40,40,40,40,40,40,40,34,34,34,179,1
40,40,40,30,30,30,40,40,40,38,38,38,500,1
30,30,30,40,40,40,48,48,48,40,40,40,340,1
30,30,30,40,40,40,32,32,32,40,40,40,332,2
40,40,40,50,50,50,40,40,40,50,50,50,693,2
40,40,40,30,30,30,40,40,40,40,40,40,831,2
30,30,30,40,40,40,30,30,30,40,40,40,133,2
40,40,40,50,50,50,40,40,40,36,36,36,950,1
40,40,40,30,30,30,40,40,40,36,36,36,400,1
40,40,40,40,40,40,40,40,40,40,40,40,248,2
50,50,50,40,40,40,34,34,34,40,40,40,949,2
40,40,40,50,50,50,40,40,40,46,46,46,64,2
40,40,40,50,50,50,40,40,40,42,42,42,425,2
30,30,30,40,40,40,38,38,38,40,40,40,698,2
40,40,40,30,30,30,40,40,40,50,50,50,770,2
40,40,40,40,40,40,34,34,34,40,40,40,146,2
30,30,30,40,40,40,50,50,50,40,40,40,44,1
50,50,50,40,40,40,36,36,36,40,40,40,785,2
40,40,40,50,50,50,40,40,40,38,38,38,60,1
40,40,40,30,30,30,40,40,40,36,36,36,103,1
40,40,40,30,30,30,40,40,40,30,30,30,34,1
40,40,40,50,50,50,40,40,40,34,34,34,982,1
50,50,50,40,40,40,40,40,40,40,40,40,919,1
40,40,40,40,40,40,50,50,50,40,40,40,814,1
40,40,40,50,50,50,40,40,40,40,40,40,28,2
50,50,50,40,40,40,50,50,50,40,40,40,264,1
50,50,50,40,40,40,50,50,50,40,40,40,165,1
50,50,50,40,40,40,32,32,32,40,40,40,255,2
30,30,30,40,40,40,38,38,38,40,40,40,170,2
40,40,40,40,40,40,40,40,40,30,30,30,969,1
40,40,40,30,30,30,40,40,40,42,42,42,469,2
40,40,40,40,40,40,40,40,40,46,46,46,284,2
30,30,30,40,40,40,30,30,30,40,40,40,694,2
40,40,40,30,30,30,40,40,40,30,30,30,430,1
50,50,50,40,40,40,46,46,46,40,40,40,856,1
40,40,40,40,40,40,40,40,40,32,32,32,607,1
30,30,30,40,40,40,34,34,34,40,40,40,564,2
30,30,30,40,40,40,36,36,36,40,40,40,928,2
40,40,40,50,50,50,40,40,40,32,32,32,981,1
40,40,40,50,50,50,40,40,40,46,46,46,526,2
40,40,40,40,40,40,40,40,40,44,44,44,547,2
40,40,40,40,40,40,48,48,48,40,40,40,21,1
50,50,50,40,40,40,50,50,50,40,40,40,528,1
40,40,40,30,30,30,40,40,40,42,42,42,766,2
40,40,40,50,50,50,40,40,40,44,44,44,294,2
40,40,40,40,40,40,40,40,40,46,46,46,20,2
50,50,50,40,40,40,42,42,42,40,40,40,524,1
40,40,40,40,40,40,50,50,50,40,40,40,880,1
40,40,40,30,30,30,40,40,40,44,44,44,371,2
50,50,50,40,40,40,30,30,30,40,40,40,848,2
50,50,50,40,40,40,44,44,44,40,40,40,558,1
40,40,40,40,40,40,40,40,40,40,40,40,974,1
50,50,50,40,40,40,38,38,38,40,40,40,192,2
40,40,40,50,50,50,40,40,40,34,34,34,355,1
30,30,30,40,40,40,48,48,48,40,40,40,703,1
40,40,40,50,50,50,40,40,40,42,42,42,953,2
50,50,50,40,40,40,36,36,36,40,40,40,356,2
40,40,40,50,50,50,40,40,40,30,30,30,749,1
40,40,40,40,40,40,50,50,50,40,40,40,616,1
40,40,40,30,30,30,40,40,40,44,44,44,701,2
40,40,40,40,40,40,40,40,40,34,34,34,113,1
40,40,40,30,30,30,40,40,40,48,48,48,241,2
40,40,40,30,30,30,40,40,40,32,32,32,629,1
40,40,40,50,50,50,40,40,40,36,36,36,389,1
40,40,40,30,30,30,40,40,40,48,48,48,505,2
30,30,30,40,40,40,30,30,30,40,40,40,628,2
40,40,40,30,30,30,40,40,40,34,34,34,69,1
40,40,40,50,50,50,40,40,40,50,50,50,132,2
30,30,30,40,40,40,34,34,34,40,40,40,762,2
40,40,40,30,30,30,40,40,40,40,40,40,39,2
40,40,40,40,40,40,40,40,40,50,50,50,517,2
30,30,30,40,40,40,48,48,48,40,40,40,439,1
40,40,40,40,40,40,36,36,36,40,40,40,15,2
40,40,40,50,50,50,40,40,40,44,44,44,63,2
40,40,40,40,40,40,40,40,40,36,36,36,180,1
40,40,40,30,30,30,40,40,40,32,32,32,794,1
40,40,40,30,30,30,40,40,40,48,48,48,208,2
40,40,40,40,40,40,40,40,40,48,48,48,417,2
40,40,40,40,40,40,40,40,40,48,48,48,780,2
40,40,40,40,40,40,40,40,40,46,46,46,581,2
50,50,50,40,40,40,42,42,42,40,40,40,128,1
50,50,50,40,40,40,48,48,48,40,40,40,791,1
40,40,40,40,40,40,40,40,40,40,40,40,17,1
40,40,40,50,50,50,40,40,40,40,40,40,655,2
40,40,40,40,40,40,50,50,50,40,40,40,715,1
40,40,40,30,30,30,40,40,40,38,38,38,962,1
40,40,40,30,30,30,40,40,40,32,32,32,695,1
50,50,50,40,40,40,46,46,46,40,40,40,592,1
50,50,50,40,40,40,48,48,48,40,40,40,131,1
30,30,30,40,40,40,40,40,40,40,40,40,369,1
30,30,30,40,40,40,50,50,50,40,40,40,935,1
50,50,50,40,40,40,38,38,38,40,40,40,720,2
40,40,40,40,40,40,40,40,40,32,32,32,805,1
40,40,40,30,30,30,40,40,40,36,36,36,532,1
30,30,30,40,40,40,42,42,42,40,40,40,700,1
40,40,40,40,40,40,40,40,40,50,50,50,88,2
40,40,40,30,30,30,40,40,40,38,38,38,137,1
40,40,40,40,40,40,40,40,40,30,30,30,45,1
40,40,40,40,40,40,40,40,40,34,34,34,839,1
50,50,50,40,40,40,38,38,38,40,40,40,291,2
40,40,40,40,40,40,36,36,36,40,40,40,873,2
30,30,30,40,40,40,32,32,32,40,40,40,167,2
40,40,40,40,40,40,30,30,30,40,40,40,177,2
40,40,40,40,40,40,40,40,40,48,48,48,252,2
50,50,50,40,40,40,50,50,50,40,40,40,726,1
30,30,30,40,40,40,42,42,42,40,40,40,832,1
50,50,50,40,40,40,46,46,46,40,40,40,394,1
40,40,40,40,40,40,40,40,40,48,48,48,483,2
40,40,40,50,50,50,40,40,40,50,50,50,957,2
40,40,40,30,30,30,40,40,40,48,48,48,571,2
40,40,40,40,40,40,50,50,50,40,40,40,418,1
40,40,40,50,50,50,40,40,40,42,42,42,326,2
40,40,40,30,30,30,40,40,40,50,50,50,869,2
40,40,40,40,40,40,40,40,40,36,36,36,279,1
40,40,40,40,40,40,36,36,36,40,40,40,114,2
30,30,30,40,40,40,50,50,50,40,40,40,902,1
40,40,40,50,50,50,40,40,40,32,32,32,717,1
40,40,40,50,50,50,40,40,40,36,36,36,59,1
40,40,40,50,50,50,40,40,40,44,44,44,888,2
40,40,40,40,40,40,40,40,40,46,46,46,383,2
40,40,40,40,40,40,44,44,44,40,40,40,250,1
40,40,40,40,40,40,38,38,38,40,40,40,280,2
40,40,40,50,50,50,40,40,40,40,40,40,358,2
50,50,50,40,40,40,50,50,50,40,40,40,825,1
40,40,40,30,30,30,40,40,40,50,50,50,605,2
50,50,50,40,40,40,38,38,38,40,40,40,357,2
40,40,40,40,40,40,30,30,30,40,40,40,78,2
40,40,40,30,30,30,40,40,40,30,30,30,298,1
30,30,30,40,40,40,50,50,50,40,40,40,110,1
40,40,40,30,30,30,40,40,40,36,36,36,334,1
40,40,40,50,50,50,40,40,40,40,40,40,226,2
40,40,40,50,50,50,40,40,40,48,48,48,989,2
30,30,30,40,40,40,32,32,32,40,40,40,761,2
40,40,40,40,40,40,48,48,48,40,40,40,285,1
30,30,30,40,40,40,34,34,34,40,40,40,927,2
30,30,30,40,40,40,36,36,36,40,40,40,730,2
40,40,40,40,40,40,40,40,40,38,38,38,412,1
40,40,40,40,40,40,40,40,40,36,36,36,147,1
40,40,40,40,40,40,40,40,40,42,42,42,381,2
40,40,40,30,30,30,40,40,40,36,36,36,136,1
30,30,30,40,40,40,34,34,34,40,40,40,102,2
40,40,40,40,40,40,40,40,40,44,44,44,877,2
40,40,40,30,30,30,40,40,40,32,32,32,365,1
40,40,40,40,40,40,40,40,40,44,44,44,349,2
40,40,40,40,40,40,50,50,50,40,40,40,682,1
40,40,40,30,30,30,40,40,40,42,42,42,172,2
40,40,40,50,50,50,40,40,40,38,38,38,456,1
50,50,50,40,40,40,30,30,30,40,40,40,815,2
50,50,50,40,40,40,38,38,38,40,40,40,918,2
40,40,40,50,50,50,40,40,40,32,32,32,585,1
40,40,40,40,40,40,40,40,40,40,40,40,347,1
30,30,30,40,40,40,44,44,44,40,40,40,602,1
30,30,30,40,40,40,40,40,40,40,40,40,138,1
40,40,40,40,40,40,40,40,40,40,40,40,776,2
30,30,30,40,40,40,38,38,38,40,40,40,533,2
40,40,40,40,40,40,34,34,34,40,40,40,344,2
40,40,40,40,40,40,40,40,40,42,42,42,612,2
40,40,40,40,40,40,46,46,46,40,40,40,251,1
40,40,40,40,40,40,40,40,40,30,30,30,243,1
40,40,40,50,50,50,40,40,40,48,48,48,428,2
40,40,40,40,40,40,40,40,40,48,48,48,813,2
40,40,40,30,30,30,40,40,40,44,44,44,41,2
40,40,40,30,30,30,40,40,40,42,42,42,667,2
40,40,40,30,30,30,40,40,40,38,38,38,764,1
40,40,40,50,50,50,40,40,40,34,34,34,91,1
40,40,40,40,40,40,40,40,40,32,32,32,475,1
40,40,40,30,30,30,40,40,40,32,32,32,68,1
30,30,30,40,40,40,40,40,40,40,40,40,765,1
40,40,40,40,40,40,40,40,40,48,48,48,945,2
40,40,40,50,50,50,40,40,40,30,30,30,881,1
50,50,50,40,40,40,30,30,30,40,40,40,254,2
40,40,40,40,40,40,40,40,40,48,48,48,219,2
50,50,50,40,40,40,32,32,32,40,40,40,849,2
40,40,40,40,40,40,40,40,40,44,44,44,613,2
40,40,40,50,50,50,40,40,40,30,30,30,419,1
30,30,30,40,40,40,50,50,50,40,40,40,209,1
40,40,40,40,40,40,40,40,40,38,38,38,445,1
40,40,40,30,30,30,40,40,40,50,50,50,77,2
40,40,40,30,30,30,40,40,40,36,36,36,169,1
40,40,40,40,40,40,40,40,40,36,36,36,378,1
40,40,40,40,40,40,38,38,38,40,40,40,313,2
40,40,40,40,40,40,38,38,38,40,40,40,544,2
40,40,40,50,50,50,40,40,40,50,50,50,858,2
40,40,40,30,30,30,40,40,40,46,46,46,636,2
40,40,40,40,40,40,40,40,40,30,30,30,210,1
40,40,40,40,40,40,40,40,40,42,42,42,942,2
40,40,40,40,40,40,42,42,42,40,40,40,513,1
40,40,40,40,40,40,40,40,40,44,44,44,316,2
50,50,50,40,40,40,36,36,36,40,40,40,554,2
30,30,30,40,40,40,34,34,34,40,40,40,135,2
40,40,40,40,40,40,30,30,30,40,40,40,111,2
40,40,40,40,40,40,40,40,40,50,50,50,748,2
40,40,40,50,50,50,40,40,40,30,30,30,221,1
30,30,30,40,40,40,38,38,38,40,40,40,896,2
30,30,30,40,40,40,46,46,46,40,40,40,834,1
40,40,40,50,50,50,40,40,40,42,42,42,689,2
40,40,40,40,40,40,40,40,40,34,34,34,311,1
30,30,30,40,40,40,48,48,48,40,40,40,670,1
40,40,40,50,50,50,40,40,40,40,40,40,787,2
40,40,40,40,40,40,40,40,40,46,46,46,350,2
40,40,40,40,40,40,40,40,40,40,40,40,314,2
50,50,50,40,40,40,50,50,50,40,40,40,495,1
50,50,50,40,40,40,30,30,30,40,40,40,617,2
40,40,40,30,30,30,40,40,40,40,40,40,336,2
50,50,50,40,40,40,44,44,44,40,40,40,129,1
50,50,50,40,40,40,32,32,32,40,40,40,816,2
50,50,50,40,40,40,40,40,40,40,40,40,523,1
40,40,40,40,40,40,38,38,38,40,40,40,82,2
40,40,40,30,30,30,40,40,40,32,32,32,893,1
30,30,30,40,40,40,44,44,44,40,40,40,74,1
40,40,40,40,40,40,40,40,40,42,42,42,843,2
40,40,40,30,30,30,40,40,40,38,38,38,5,1
40,40,40,50,50,50,40,40,40,50,50,50,330,2
40,40,40,40,40,40,38,38,38,40,40,40,511,2
50,50,50,40,40,40,34,34,34,40,40,40,619,2
50,50,50,40,40,40,32,32,32,40,40,40,783,2
30,30,30,40,40,40,38,38,38,40,40,40,203,2
40,40,40,40,40,40,40,40,40,30,30,30,507,1
40,40,40,30,30,30,40,40,40,50,50,50,968,2
40,40,40,40,40,40,46,46,46,40,40,40,53,1
40,40,40,30,30,30,40,40,40,30,30,30,1,1
40,40,40,50,50,50,40,40,40,38,38,38,126,1
40,40,40,40,40,40,44,44,44,40,40,40,52,1
40,40,40,30,30,30,40,40,40,40,40,40,435,2
50,50,50,40,40,40,34,34,34,40,40,40,520,2
40,40,40,30,30,30,40,40,40,32,32,32,233,1
40,40,40,40,40,40,40,40,40,40,40,40,644,2
50,50,50,40,40,40,46,46,46,40,40,40,823,1
40,40,40,40,40,40,40,40,40,32,32,32,343,1
50,50,50,40,40,40,34,34,34,40,40,40,718,2
40,40,40,40,40,40,40,40,40,48,48,48,912,2
30,30,30,40,40,40,46,46,46,40,40,40,570,1
40,40,40,40,40,40,40,40,40,34,34,34,509,1
40,40,40,40,40,40,36,36,36,40,40,40,576,2
40,40,40,40,40,40,40,40,40,38,38,38,577,1
40,40,40,40,40,40,40,40,40,32,32,32,178,1
40,40,40,30,30,30,40,40,40,30,30,30,397,1
40,40,40,40,40,40,46,46,46,40,40,40,614,1
40,40,40,30,30,30,40,40,40,34,34,34,828,1
40,40,40,30,30,30,40,40,40,36,36,36,565,1
30,30,30,40,40,40,50,50,50,40,40,40,275,1
40,40,40,30,30,30,40,40,40,42,42,42,502,2
40,40,40,40,40,40,40,40,40,44,44,44,646,2
40,40,40,30,30,30,40,40,40,40,40,40,237,2
30,30,30,40,40,40,34,34,34,40,40,40,201,2
50,50,50,40,40,40,36,36,36,40,40,40,191,2
40,40,40,50,50,50,40,40,40,36,36,36,752,1
40,40,40,50,50,50,40,40,40,34,34,34,850,1
40,40,40,30,30,30,40,40,40,34,34,34,399,1
40,40,40,40,40,40,40,40,40,48,48,48,714,2
30,30,30,40,40,40,36,36,36,40,40,40,763,2
40,40,40,40,40,40,40,40,40,48,48,48,450,2
40,40,40,30,30,30,40,40,40,30,30,30,496,1
40,40,40,40,40,40,42,42,42,40,40,40,117,1
40,40,40,40,40,40,36,36,36,40,40,40,543,2
40,40,40,50,50,50,40,40,40,48,48,48,956,2
40,40,40,50,50,50,40,40,40,40,40,40,853,2
40,40,40,40,40,40,32,32,32,40,40,40,904,2
40,40,40,30,30,30,40,40,40,50,50,50,671,2
30,30,30,40,40,40,42,42,42,40,40,40,106,1
40,40,40,50,50,50,40,40,40,50,50,50,594,2
40,40,40,40,40,40,40,40,40,40,40,40,149,2
40,40,40,50,50,50,40,40,40,34,34,34,553,1
40,40,40,40,40,40,48,48,48,40,40,40,516,1
30,30,30,40,40,40,48,48,48,40,40,40,868,1
40,40,40,40,40,40,36,36,36,40,40,40,213,2
40,40,40,30,30,30,40,40,40,36,36,36,961,1
40,40,40,40,40,40,38,38,38,40,40,40,841,2
40,40,40,40,40,40,40,40,40,36,36,36,477,1
40,40,40,40,40,40,42,42,42,40,40,40,711,1
50,50,50,40,40,40,34,34,34,40,40,40,817,2
50,50,50,40,40,40,40,40,40,40,40,40,424,1
30,30,30,40,40,40,30,30,30,40,40,40,529,2
40,40,40,50,50,50,40,40,40,30,30,30,551,1
50,50,50,40,40,40,44,44,44,40,40,40,855,1
40,40,40,40,40,40,42,42,42,40,40,40,480,1
40,40,40,40,40,40,40,40,40,44,44,44,910,2
40,40,40,40,40,40,40,40,40,38,38,38,49,1
40,40,40,30,30,30,40,40,40,42,42,42,403,2
40,40,40,50,50,50,40,40,40,30,30,30,716,1
40,40,40,30,30,30,40,40,40,40,40,40,204,2
30,30,30,40,40,40,36,36,36,40,40,40,367,2
50,50,50,40,40,40,36,36,36,40,40,40,422,2
50,50,50,40,40,40,46,46,46,40,40,40,295,1
40,40,40,50,50,50,40,40,40,32,32,32,453,1
30,30,30,40,40,40,40,40,40,40,40,40,963,1
40,40,40,30,30,30,40,40,40,38,38,38,467,1
30,30,30,40,40,40,46,46,46,40,40,40,966,1
50,50,50,40,40,40,50,50,50,40,40,40,66,1
40,40,40,40,40,40,46,46,46,40,40,40,680,1
40,40,40,30,30,30,40,40,40,48,48,48,406,2
30,30,30,40,40,40,38,38,38,40,40,40,269,2
40,40,40,40,40,40,36,36,36,40,40,40,939,2
40,40,40,40,40,40,40,40,40,46,46,46,416,2
40,40,40,40,40,40,32,32,32,40,40,40,145,2
40,40,40,30,30,30,40,40,40,46,46,46,207,2
40,40,40,30,30,30,40,40,40,46,46,46,702,2
40,40,40,30,30,30,40,40,40,44,44,44,8,2
50,50,50,40,40,40,30,30,30,40,40,40,188,2
30,30,30,40,40,40,36,36,36,40,40,40,70,2
40,40,40,50,50,50,40,40,40,38,38,38,885,1
30,30,30,40,40,40,44,44,44,40,40,40,899,1
40,40,40,40,40,40,40,40,40,40,40,40,413,1
30,30,30,40,40,40,42,42,42,40,40,40,931,1
30,30,30,40,40,40,44,44,44,40,40,40,833,1
50,50,50,40,40,40,48,48,48,40,40,40,263,1
40,40,40,40,40,40,40,40,40,50,50,50,385,2
50,50,50,40,40,40,42,42,42,40,40,40,623,1
40,40,40,50,50,50,40,40,40,46,46,46,658,2
40,40,40,50,50,50,40,40,40,30,30,30,980,1
40,40,40,40,40,40,40,40,40,44,44,44,151,2
40,40,40,30,30,30,40,40,40,32,32,32,134,1
30,30,30,40,40,40,44,44,44,40,40,40,668,1
40,40,40,40,40,40,40,40,40,46,46,46,449,2
30,30,30,40,40,40,50,50,50,40,40,40,506,1
50,50,50,40,40,40,42,42,42,40,40,40,458,1
40,40,40,40,40,40,40,40,40,38,38,38,148,1
50,50,50,40,40,40,46,46,46,40,40,40,724,1
40,40,40,30,30,30,40,40,40,40,40,40,930,2
40,40,40,30,30,30,40,40,40,30,30,30,331,1
40,40,40,40,40,40,40,40,40,40,40,40,446,1
50,50,50,40,40,40,38,38,38,40,40,40,819,2
50,50,50,40,40,40,48,48,48,40,40,40,527,1
40,40,40,50,50,50,40,40,40,40,40,40,985,2
40,40,40,50,50,50,40,40,40,42,42,42,161,2
40,40,40,40,40,40,40,40,40,30,30,30,639,1
40,40,40,40,40,40,48,48,48,40,40,40,879,1
40,40,40,40,40,40,40,40,40,32,32,32,937,1
30,30,30,40,40,40,50,50,50,40,40,40,176,1
40,40,40,40,40,40,40,40,40,42,42,42,546,2
40,40,40,40,40,40,34,34,34,40,40,40,740,2
40,40,40,40,40,40,34,34,34,40,40,40,542,2
30,30,30,40,40,40,44,44,44,40,40,40,932,1
50,50,50,40,40,40,46,46,46,40,40,40,955,1
50,50,50,40,40,40,32,32,32,40,40,40,354,2
30,30,30,40,40,40,48,48,48,40,40,40,934,1
40,40,40,30,30,30,40,40,40,42,42,42,337,2
40,40,40,40,40,40,40,40,40,42,42,42,909,2
40,40,40,50,50,50,40,40,40,44,44,44,723,2
40,40,40,50,50,50,40,40,40,48,48,48,395,2
40,40,40,40,40,40,40,40,40,36,36,36,774,1
40,40,40,50,50,50,40,40,40,36,36,36,653,1
40,40,40,30,30,30,40,40,40,36,36,36,202,1
40,40,40,30,30,30,40,40,40,42,42,42,139,2
40,40,40,50,50,50,40,40,40,34,34,34,487,1
30,30,30,40,40,40,44,44,44,40,40,40,338,1
40,40,40,40,40,40,40,40,40,50,50,50,286,2
40,40,40,50,50,50,40,40,40,44,44,44,492,2
30,30,30,40,40,40,34,34,34,40,40,40,795,2
40,40,40,50,50,50,40,40,40,44,44,44,624,2
40,40,40,50,50,50,40,40,40,48,48,48,560,2
50,50,50,40,40,40,48,48,48,40,40,40,32,1
40,40,40,40,40,40,42,42,42,40,40,40,876,1
40,40,40,50,50,50,40,40,40,36,36,36,257,1
40,40,40,50,50,50,40,40,40,30,30,30,155,1
40,40,40,50,50,50,40,40,40,38,38,38,588,1
50,50,50,40,40,40,40,40,40,40,40,40,754,1
40,40,40,50,50,50,40,40,40,34,34,34,586,1
40,40,40,40,40,40,30,30,30,40,40,40,309,2
40,40,40,40,40,40,40,40,40,50,50,50,484,2
50,50,50,40,40,40,36,36,36,40,40,40,290,2
40,40,40,40,40,40,40,40,40,44,44,44,184,2
50,50,50,40,40,40,30,30,30,40,40,40,485,2
30,30,30,40,40,40,38,38,38,40,40,40,665,2
40,40,40,40,40,40,40,40,40,30,30,30,870,1
40,40,40,40,40,40,40,40,40,46,46,46,713,2
30,30,30,40,40,40,50,50,50,40,40,40,836,1
30,30,30,40,40,40,50,50,50,40,40,40,704,1
40,40,40,40,40,40,32,32,32,40,40,40,640,2
50,50,50,40,40,40,34,34,34,40,40,40,685,2
50,50,50,40,40,40,42,42,42,40,40,40,722,1
40,40,40,50,50,50,40,40,40,48,48,48,296,2
40,40,40,40,40,40,40,40,40,44,44,44,976,2
50,50,50,40,40,40,48,48,48,40,40,40,362,1
30,30,30,40,40,40,30,30,30,40,40,40,727,2
40,40,40,30,30,30,40,40,40,44,44,44,569,2
40,40,40,50,50,50,40,40,40,48,48,48,98,2
40,40,40,50,50,50,40,40,40,50,50,50,924,2
40,40,40,40,40,40,40,40,40,38,38,38,247,1
40,40,40,40,40,40,40,40,40,44,44,44,283,2
40,40,40,50,50,50,40,40,40,46,46,46,163,2
40,40,40,30,30,30,40,40,40,42,42,42,634,2
40,40,40,50,50,50,40,40,40,36,36,36,884,1
40,40,40,40,40,40,38,38,38,40,40,40,709,2
40,40,40,30,30,30,40,40,40,30,30,30,562,1
50,50,50,40,40,40,36,36,36,40,40,40,851,2
30,30,30,40,40,40,44,44,44,40,40,40,107,1
40,40,40,40,40,40,40,40,40,46,46,46,647,2
30,30,30,40,40,40,46,46,46,40,40,40,405,1
40,40,40,50,50,50,40,40,40,40,40,40,820,2
40,40,40,40,40,40,40,40,40,42,42,42,51,2
40,40,40,30,30,30,40,40,40,32,32,32,728,1
40,40,40,50,50,50,40,40,40,46,46,46,988,2
40,40,40,50,50,50,40,40,40,38,38,38,27,1
40,40,40,40,40,40,40,40,40,50,50,50,979,2
40,40,40,30,30,30,40,40,40,50,50,50,407,2
40,40,40,40,40,40,40,40,40,42,42,42,744,2
30,30,30,40,40,40,42,42,42,40,40,40,865,1
30,30,30,40,40,40,50,50,50,40,40,40,308,1
40,40,40,50,50,50,40,40,40,36,36,36,686,1
40,40,40,40,40,40,40,40,40,40,40,40,908,2
40,40,40,50,50,50,40,40,40,36,36,36,158,1
40,40,40,50,50,50,40,40,40,48,48,48,692,2
40,40,40,30,30,30,40,40,40,42,42,42,73,2
30,30,30,40,40,40,46,46,46,40,40,40,240,1
40,40,40,40,40,40,48,48,48,40,40,40,153,1
30,30,30,40,40,40,48,48,48,40,40,40,538,1
40,40,40,30,30,30,40,40,40,50,50,50,242,2
40,40,40,50,50,50,40,40,40,44,44,44,756,2
40,40,40,40,40,40,40,40,40,40,40,40,710,1
40,40,40,30,30,30,40,40,40,42,42,42,799,2
40,40,40,40,40,40,40,40,40,38,38,38,643,1
40,40,40,40,40,40,40,40,40,48,48,48,318,2
40,40,40,50,50,50,40,40,40,40,40,40,193,2
40,40,40,40,40,40,40,40,40,34,34,34,674,1
40,40,40,50,50,50,40,40,40,34,34,34,751,1
40,40,40,40,40,40,40,40,40,44,44,44,118,2
40,40,40,50,50,50,40,40,40,38,38,38,951,1
40,40,40,30,30,30,40,40,40,36,36,36,235,1
30,30,30,40,40,40,40,40,40,40,40,40,303,1
40,40,40,30,30,30,40,40,40,42,42,42,304,2
40,40,40,30,30,30,40,40,40,44,44,44,239,2
50,50,50,40,40,40,44,44,44,40,40,40,921,1
40,40,40,30,30,30,40,40,40,48,48,48,373,2
30,30,30,40,40,40,30,30,30,40,40,40,364,2
40,40,40,30,30,30,40,40,40,34,34,34,729,1
40,40,40,50,50,50,40,40,40,46,46,46,361,2
40,40,40,40,40,40,40,40,40,36,36,36,81,1
30,30,30,40,40,40,40,40,40,40,40,40,699,1
40,40,40,40,40,40,50,50,50,40,40,40,847,1
40,40,40,30,30,30,40,40,40,42,42,42,40,2
40,40,40,50,50,50,40,40,40,34,34,34,784,1
50,50,50,40,40,40,44,44,44,40,40,40,426,1
50,50,50,40,40,40,34,34,34,40,40,40,421,2
40,40,40,30,30,30,40,40,40,44,44,44,305,2
40,40,40,40,40,40,50,50,50,40,40,40,121,1
40,40,40,40,40,40,40,40,40,30,30,30,342,1
40,40,40,50,50,50,40,40,40,30,30,30,320,1
40,40,40,40,40,40,32,32,32,40,40,40,871,2
50,50,50,40,40,40,38,38,38,40,40,40,159,2
40,40,40,40,40,40,40,40,40,42,42,42,183,2
40,40,40,50,50,50,40,40,40,50,50,50,396,2
30,30,30,40,40,40,34,34,34,40,40,40,333,2
40,40,40,40,40,40,40,40,40,50,50,50,154,2
40,40,40,50,50,50,40,40,40,40,40,40,952,2
40,40,40,40,40,40,40,40,40,34,34,34,410,1
40,40,40,40,40,40,40,40,40,34,34,34,476,1
40,40,40,30,30,30,40,40,40,50,50,50,440,2
40,40,40,40,40,40,40,40,40,36,36,36,345,1
40,40,40,50,50,50,40,40,40,40,40,40,688,2
40,40,40,40,40,40,46,46,46,40,40,40,218,1
50,50,50,40,40,40,32,32,32,40,40,40,57,2
50,50,50,40,40,40,42,42,42,40,40,40,920,1
40,40,40,30,30,30,40,40,40,40,40,40,105,2
40,40,40,40,40,40,40,40,40,32,32,32,706,1
40,40,40,40,40,40,50,50,50,40,40,40,319,1
50,50,50,40,40,40,48,48,48,40,40,40,197,1
40,40,40,40,40,40,40,40,40,44,44,44,943,2
50,50,50,40,40,40,42,42,42,40,40,40,854,1
40,40,40,30,30,30,40,40,40,44,44,44,800,2
40,40,40,40,40,40,40,40,40,50,50,50,22,2
30,30,30,40,40,40,48,48,48,40,40,40,967,1
40,40,40,30,30,30,40,40,40,50,50,50,374,2
40,40,40,50,50,50,40,40,40,50,50,50,891,2
40,40,40,50,50,50,40,40,40,48,48,48,461,2
40,40,40,40,40,40,46,46,46,40,40,40,119,1
30,30,30,40,40,40,32,32,32,40,40,40,530,2
40,40,40,50,50,50,40,40,40,46,46,46,262,2
50,50,50,40,40,40,48,48,48,40,40,40,230,1
40,40,40,40,40,40,40,40,40,30,30,30,144,1
40,40,40,30,30,30,40,40,40,30,30,30,265,1
40,40,40,40,40,40,40,40,40,48,48,48,978,2
30,30,30,40,40,40,50,50,50,40,40,40,11,1
40,40,40,30,30,30,40,40,40,38,38,38,368,1
40,40,40,40,40,40,40,40,40,38,38,38,181,1
40,40,40,50,50,50,40,40,40,48,48,48,890,2
50,50,50,40,40,40,40,40,40,40,40,40,325,1
30,30,30,40,40,40,48,48,48,40,40,40,604,1
50,50,50,40,40,40,46,46,46,40,40,40,328,1
40,40,40,40,40,40,40,40,40,40,40,40,578,2
40,40,40,30,30,30,40,40,40,40,40,40,600,2
50,50,50,40,40,40,40,40,40,40,40,40,589,1
50,50,50,40,40,40,42,42,42,40,40,40,986,1
30,30,30,40,40,40,30,30,30,40,40,40,232,2
50,50,50,40,40,40,50,50,50,40,40,40,33,1
50,50,50,40,40,40,32,32,32,40,40,40,684,2
40,40,40,30,30,30,40,40,40,36,36,36,598,1
40,40,40,30,30,30,40,40,40,40,40,40,501,2
40,40,40,30,30,30,40,40,40,32,32,32,563,1
40,40,40,30,30,30,40,40,40,44,44,44,734,2
40,40,40,40,40,40,38,38,38,40,40,40,115,2
40,40,40,50,50,50,40,40,40,32,32,32,486,1
40,40,40,40,40,40,40,40,40,36,36,36,906,1
40,40,40,40,40,40,42,42,42,40,40,40,216,1
50,50,50,40,40,40,42,42,42,40,40,40,293,1
40,40,40,50,50,50,40,40,40,38,38,38,984,1
40,40,40,30,30,30,40,40,40,42,42,42,535,2
30,30,30,40,40,40,40,40,40,40,40,40,897,1
30,30,30,40,40,40,44,44,44,40,40,40,140,1
40,40,40,50,50,50,40,40,40,46,46,46,427,2
40,40,40,30,30,30,40,40,40,46,46,46,801,2
40,40,40,50,50,50,40,40,40,30,30,30,89,1
40,40,40,40,40,40,40,40,40,30,30,30,474,1
40,40,40,50,50,50,40,40,40,30,30,30,122,1
30,30,30,40,40,40,46,46,46,40,40,40,933,1
40,40,40,40,40,40,40,40,40,30,30,30,441,1
50,50,50,40,40,40,44,44,44,40,40,40,591,1
40,40,40,30,30,30,40,40,40,30,30,30,661,1
40,40,40,40,40,40,38,38,38,40,40,40,676,2
40,40,40,50,50,50,40,40,40,42,42,42,62,2
30,30,30,40,40,40,34,34,34,40,40,40,531,2
40,40,40,40,40,40,40,40,40,36,36,36,246,1
50,50,50,40,40,40,50,50,50,40,40,40,990,1
40,40,40,50,50,50,40,40,40,34,34,34,25,1
50,50,50,40,40,40,42,42,42,40,40,40,821,1
30,30,30,40,40,40,34,34,34,40,40,40,234,2
50,50,50,40,40,40,40,40,40,40,40,40,127,1
40,40,40,40,40,40,40,40,40,32,32,32,838,1
50,50,50,40,40,40,42,42,42,40,40,40,887,1
30,30,30,40,40,40,32,32,32,40,40,40,497,2
40,40,40,40,40,40,40,40,40,32,32,32,79,1
40,40,40,40,40,40,40,40,40,30,30,30,375,1
40,40,40,50,50,50,40,40,40,30,30,30,914,1
30,30,30,40,40,40,50,50,50,40,40,40,473,1
40,40,40,40,40,40,48,48,48,40,40,40,384,1
30,30,30,40,40,40,38,38,38,40,40,40,929,2
40,40,40,30,30,30,40,40,40,32,32,32,596,1
30,30,30,40,40,40,42,42,42,40,40,40,733,1
30,30,30,40,40,40,38,38,38,40,40,40,863,2
30,30,30,40,40,40,48,48,48,40,40,40,175,1
40,40,40,30,30,30,40,40,40,46,46,46,504,2
40,40,40,50,50,50,40,40,40,48,48,48,626,2
40,40,40,30,30,30,40,40,40,46,46,46,372,2
40,40,40,40,40,40,40,40,40,40,40,40,215,1
40,40,40,40,40,40,44,44,44,40,40,40,514,1
30,30,30,40,40,40,50,50,50,40,40,40,143,1
40,40,40,30,30,30,40,40,40,34,34,34,3,1
40,40,40,50,50,50,40,40,40,46,46,46,790,2
40,40,40,40,40,40,40,40,40,34,34,34,80,1
30,30,30,40,40,40,30,30,30,40,40,40,67,2
40,40,40,40,40,40,34,34,34,40,40,40,971,2
40,40,40,40,40,40,34,34,34,40,40,40,641,2
40,40,40,40,40,40,40,40,40,38,38,38,16,1
40,40,40,50,50,50,40,40,40,34,34,34,289,1
40,40,40,30,30,30,40,40,40,46,46,46,108,2
40,40,40,50,50,50,40,40,40,42,42,42,359,2
30,30,30,40,40,40,42,42,42,40,40,40,238,1
40,40,40,40,40,40,40,40,40,32,32,32,574,1
40,40,40,50,50,50,40,40,40,30,30,30,518,1
40,40,40,40,40,40,40,40,40,36,36,36,741,1
40,40,40,40,40,40,30,30,30,40,40,40,540,2
40,40,40,40,40,40,42,42,42,40,40,40,282,1
40,40,40,40,40,40,46,46,46,40,40,40,911,1
50,50,50,40,40,40,50,50,50,40,40,40,627,1
30,30,30,40,40,40,46,46,46,40,40,40,9,1
30,30,30,40,40,40,30,30,30,40,40,40,463,2
40,40,40,40,40,40,50,50,50,40,40,40,781,1
40,40,40,50,50,50,40,40,40,32,32,32,387,1
40,40,40,40,40,40,34,34,34,40,40,40,938,2
30,30,30,40,40,40,46,46,46,40,40,40,75,1
40,40,40,40,40,40,50,50,50,40,40,40,946,1
40,40,40,40,40,40,40,40,40,34,34,34,47,1
40,40,40,40,40,40,40,40,40,38,38,38,775,1
50,50,50,40,40,40,44,44,44,40,40,40,96,1
40,40,40,40,40,40,40,40,40,36,36,36,840,1
40,40,40,30,30,30,40,40,40,46,46,46,42,2
50,50,50,40,40,40,42,42,42,40,40,40,755,1
40,40,40,40,40,40,30,30,30,40,40,40,705,2
30,30,30,40,40,40,32,32,32,40,40,40,101,2
40,40,40,50,50,50,40,40,40,46,46,46,31,2
50,50,50,40,40,40,46,46,46,40,40,40,460,1
40,40,40,30,30,30,40,40,40,44,44,44,173,2
40,40,40,30,30,30,40,40,40,30,30,30,793,1
30,30,30,40,40,40,38,38,38,40,40,40,434,2
30,30,30,40,40,40,40,40,40,40,40,40,732,1
50,50,50,40,40,40,38,38,38,40,40,40,225,2
40,40,40,30,30,30,40,40,40,38,38,38,599,1
40,40,40,50,50,50,40,40,40,38,38,38,324,1
40,40,40,40,40,40,40,40,40,30,30,30,804,1
40,40,40,40,40,40,40,40,40,40,40,40,611,2
40,40,40,30,30,30,40,40,40,42,42,42,568,2
40,40,40,40,40,40,40,40,40,40,40,40,809,1
40,40,40,40,40,40,40,40,40,34,34,34,443,1
40,40,40,30,30,30,40,40,40,36,36,36,895,1
40,40,40,30,30,30,40,40,40,40,40,40,171,2
40,40,40,40,40,40,40,40,40,30,30,30,771,1
50,50,50,40,40,40,42,42,42,40,40,40,656,1
40,40,40,40,40,40,44,44,44,40,40,40,448,1
40,40,40,40,40,40,40,40,40,34,34,34,14,1
40,40,40,40,40,40,40,40,40,40,40,40,50,1
50,50,50,40,40,40,34,34,34,40,40,40,58,2
40,40,40,50,50,50,40,40,40,34,34,34,256,1
40,40,40,40,40,40,40,40,40,40,40,40,512,2
30,30,30,40,40,40,36,36,36,40,40,40,37,2
40,40,40,40,40,40,36,36,36,40,40,40,411,2
40,40,40,30,30,30,40,40,40,34,34,34,696,1
50,50,50,40,40,40,44,44,44,40,40,40,459,1
50,50,50,40,40,40,42,42,42,40,40,40,491,1
40,40,40,50,50,50,40,40,40,44,44,44,30,2
40,40,40,40,40,40,30,30,30,40,40,40,936,2
30,30,30,40,40,40,36,36,36,40,40,40,499,2
50,50,50,40,40,40,40,40,40,40,40,40,886,1
40,40,40,30,30,30,40,40,40,40,40,40,666,2
40,40,40,40,40,40,44,44,44,40,40,40,778,1
40,40,40,40,40,40,40,40,40,34,34,34,707,1
40,40,40,50,50,50,40,40,40,46,46,46,757,2
40,40,40,50,50,50,40,40,40,32,32,32,618,1
40,40,40,50,50,50,40,40,40,42,42,42,95,2
30,30,30,40,40,40,38,38,38,40,40,40,830,2
40,40,40,50,50,50,40,40,40,32,32,32,90,1
50,50,50,40,40,40,42,42,42,40,40,40,29,1
30,30,30,40,40,40,46,46,46,40,40,40,273,1
40,40,40,50,50,50,40,40,40,32,32,32,420,1
40,40,40,30,30,30,40,40,40,48,48,48,43,2
40,40,40,50,50,50,40,40,40,40,40,40,259,2
50,50,50,40,40,40,46,46,46,40,40,40,625,1
50,50,50,40,40,40,40,40,40,40,40,40,721,1
40,40,40,50,50,50,40,40,40,30,30,30,23,1
40,40,40,40,40,40,40,40,40,36,36,36,675,1
40,40,40,30,30,30,40,40,40,36,36,36,466,1
40,40,40,40,40,40,40,40,40,42,42,42,249,2
40,40,40,40,40,40,40,40,40,38,38,38,379,1
40,40,40,30,30,30,40,40,40,46,46,46,174,2
40,40,40,40,40,40,40,40,40,46,46,46,812,2
40,40,40,50,50,50,40,40,40,36,36,36,488,1
30,30,30,40,40,40,38,38,38,40,40,40,632,2
40,40,40,30,30,30,40,40,40,50,50,50,539,2
40,40,40,50,50,50,40,40,40,44,44,44,789,2
50,50,50,40,40,40,46,46,46,40,40,40,97,1
30,30,30,40,40,40,46,46,46,40,40,40,768,1
40,40,40,40,40,40,32,32,32,40,40,40,508,2
40,40,40,50,50,50,40,40,40,46,46,46,196,2
50,50,50,40,40,40,36,36,36,40,40,40,455,2
50,50,50,40,40,40,38,38,38,40,40,40,93,2
50,50,50,40,40,40,38,38,38,40,40,40,852,2
40,40,40,40,40,40,40,40,40,40,40,40,182,1
40,40,40,40,40,40,50,50,50,40,40,40,253,1
50,50,50,40,40,40,38,38,38,40,40,40,786,2
30,30,30,40,40,40,46,46,46,40,40,40,537,1
40,40,40,40,40,40,50,50,50,40,40,40,220,1
40,40,40,40,40,40,40,40,40,42,42,42,447,2
40,40,40,30,30,30,40,40,40,46,46,46,306,2
50,50,50,40,40,40,32,32,32,40,40,40,651,2
