113,112,109,99,98,95,113,112,109,102,101,98,827,1
113,112,109,113,112,109,110,109,106,113,112,109,214,2
113,112,109,113,112,109,113,112,109,113,112,109,875,1
113,112,109,125,123,121,113,112,109,122,121,118,857,2
113,112,109,113,112,109,113,112,109,118,116,114,481,2
113,112,109,99,98,95,113,112,109,102,101,98,431,1
125,123,121,113,112,109,99,98,95,113,112,109,56,2
113,112,109,113,112,109,113,112,109,110,109,106,973,1
113,112,109,125,123,121,113,112,109,118,116,114,822,2
113,112,109,99,98,95,113,112,109,105,104,101,168,1
125,123,121,113,112,109,113,112,109,113,112,109,556,1
125,123,121,113,112,109,102,101,98,113,112,109,156,2
113,112,109,99,98,95,113,112,109,99,98,95,958,1
113,112,109,99,98,95,113,112,109,108,106,104,433,1
113,112,109,125,123,121,113,112,109,115,114,111,590,2
113,112,109,99,98,95,113,112,109,99,98,95,925,1
113,112,109,99,98,95,113,112,109,102,101,98,2,1
113,112,109,125,123,121,113,112,109,125,123,121,363,2
113,112,109,113,112,109,102,101,98,113,112,109,772,2
113,112,109,113,112,109,113,112,109,125,123,121,550,2
113,112,109,125,123,121,113,112,109,125,123,121,99,2
113,112,109,113,112,109,113,112,109,99,98,95,276,1
125,123,121,113,112,109,99,98,95,113,112,109,947,2
113,112,109,113,112,109,113,112,109,110,109,106,478,1
113,112,109,113,112,109,110,109,106,113,112,109,808,2
125,123,121,113,112,109,113,112,109,113,112,109,622,1
113,112,109,125,123,121,113,112,109,125,123,121,759,2
125,123,121,113,112,109,120,119,116,113,112,109,889,1
113,112,109,113,112,109,113,112,109,118,116,114,679,2
113,112,109,99,98,95,113,112,109,120,119,116,735,2
125,123,121,113,112,109,102,101,98,113,112,109,321,2
113,112,109,125,123,121,113,112,109,118,116,114,987,2
113,112,109,99,98,95,113,112,109,118,116,114,503,2
99,98,95,113,112,109,108,106,104,113,112,109,4,2
113,112,109,125,123,121,113,112,109,125,123,121,660,2
99,98,95,113,112,109,108,106,104,113,112,109,301,2
113,112,109,113,112,109,113,112,109,118,116,114,844,2
125,123,121,113,112,109,105,104,101,113,112,109,883,2
113,112,109,99,98,95,113,112,109,125,123,121,737,2
113,112,109,125,123,121,113,112,109,102,101,98,882,1
113,112,109,125,123,121,113,112,109,110,109,106,555,1
113,112,109,113,112,109,102,101,98,113,112,109,112,2
125,123,121,113,112,109,105,104,101,113,112,109,322,2
113,112,109,113,112,109,102,101,98,113,112,109,541,2
113,112,109,99,98,95,113,112,109,120,119,116,141,2
113,112,109,125,123,121,113,112,109,102,101,98,519,1
113,112,109,99,98,95,113,112,109,105,104,101,432,1
113,112,109,99,98,95,113,112,109,115,114,111,271,2
99,98,95,113,112,109,108,106,104,113,112,109,862,2
125,123,121,113,112,109,118,116,114,113,112,109,954,1
113,112,109,113,112,109,110,109,106,113,112,109,742,2
113,112,109,113,112,109,113,112,109,102,101,98,46,1
113,112,109,99,98,95,113,112,109,108,106,104,664,1
113,112,109,99,98,95,113,112,109,110,109,106,104,1
99,98,95,113,112,109,105,104,101,113,112,109,960,2
113,112,109,113,112,109,113,112,109,110,109,106,874,1
113,112,109,113,112,109,113,112,109,110,109,106,610,1
125,123,121,113,112,109,99,98,95,113,112,109,452,2
99,98,95,113,112,109,120,119,116,113,112,109,438,1
125,123,121,113,112,109,118,116,114,113,112,109,360,1
113,112,109,113,112,109,113,112,109,125,123,121,187,2
113,112,109,125,123,121,113,112,109,118,116,114,228,2
113,112,109,99,98,95,113,112,109,113,112,109,864,2
125,123,121,113,112,109,105,104,101,113,112,109,124,2
99,98,95,113,112,109,115,114,111,113,112,109,898,1
99,98,95,113,112,109,105,104,101,113,112,109,366,2
113,112,109,125,123,121,113,112,109,122,121,118,329,2
99,98,95,113,112,109,110,109,106,113,112,109,797,2
113,112,109,99,98,95,113,112,109,113,112,109,567,2
113,112,109,113,112,109,122,121,118,113,112,109,648,1
113,112,109,125,123,121,113,112,109,115,114,111,260,2
113,112,109,99,98,95,113,112,109,105,104,101,267,1
113,112,109,99,98,95,113,112,109,110,109,106,401,1
125,123,121,113,112,109,110,109,106,113,112,109,258,2
113,112,109,113,112,109,108,106,104,113,112,109,48,2
113,112,109,113,112,109,113,112,109,102,101,98,970,1
99,98,95,113,112,109,105,104,101,113,112,109,498,2
113,112,109,99,98,95,113,112,109,110,109,106,566,1
113,112,109,99,98,95,113,112,109,113,112,109,270,2
113,112,109,125,123,121,113,112,109,115,114,111,392,2
113,112,109,113,112,109,113,112,109,113,112,109,743,1
99,98,95,113,112,109,120,119,116,113,112,109,900,1
113,112,109,125,123,121,113,112,109,105,104,101,157,1
113,112,109,125,123,121,113,112,109,99,98,95,353,1
113,112,109,99,98,95,113,112,109,122,121,118,802,2
113,112,109,113,112,109,113,112,109,113,112,109,380,1
125,123,121,113,112,109,102,101,98,113,112,109,189,2
113,112,109,113,112,109,115,114,111,113,112,109,975,1
113,112,109,113,112,109,125,123,121,113,112,109,55,1
113,112,109,99,98,95,113,112,109,110,109,106,731,1
113,112,109,125,123,121,113,112,109,102,101,98,915,1
113,112,109,125,123,121,113,112,109,108,106,104,620,1
113,112,109,113,112,109,113,112,109,118,116,114,745,2
99,98,95,113,112,109,99,98,95,113,112,109,760,2
125,123,121,113,112,109,122,121,118,113,112,109,758,1
113,112,109,125,123,121,113,112,109,113,112,109,61,2
113,112,109,125,123,121,113,112,109,118,116,114,525,2
99,98,95,113,112,109,99,98,95,113,112,109,826,2
113,112,109,99,98,95,113,112,109,115,114,111,7,2
99,98,95,113,112,109,122,121,118,113,112,109,76,1
113,112,109,113,112,109,99,98,95,113,112,109,903,2
113,112,109,113,112,109,122,121,118,113,112,109,351,1
113,112,109,113,112,109,113,112,109,120,119,116,878,2
113,112,109,113,112,109,118,116,114,113,112,109,811,1
99,98,95,113,112,109,120,119,116,113,112,109,471,1
99,98,95,113,112,109,125,123,121,113,112,109,638,1
113,112,109,125,123,121,113,112,109,122,121,118,593,2
113,112,109,99,98,95,113,112,109,108,106,104,697,1
125,123,121,113,112,109,108,106,104,113,112,109,125,2
113,112,109,125,123,121,113,112,109,102,101,98,222,1
113,112,109,113,112,109,113,112,109,122,121,118,54,2
125,123,121,113,112,109,108,106,104,113,112,109,719,2
113,112,109,99,98,95,113,112,109,99,98,95,859,1
113,112,109,113,112,109,105,104,101,113,112,109,575,2
113,112,109,113,112,109,113,112,109,118,116,114,217,2
99,98,95,113,112,109,120,119,116,113,112,109,669,1
113,112,109,125,123,121,113,112,109,120,119,116,691,2
113,112,109,99,98,95,113,112,109,122,121,118,307,2
113,112,109,113,112,109,113,112,109,122,121,118,582,2
99,98,95,113,112,109,108,106,104,113,112,109,631,2
99,98,95,113,112,109,122,121,118,113,112,109,736,1
99,98,95,113,112,109,105,104,101,113,112,109,300,2
113,112,109,113,112,109,99,98,95,113,112,109,573,2
113,112,109,113,112,109,113,112,109,122,121,118,87,2
113,112,109,125,123,121,113,112,109,108,106,104,587,1
113,112,109,113,112,109,113,112,109,118,116,114,580,2
125,123,121,113,112,109,110,109,106,113,112,109,753,2
113,112,109,99,98,95,113,112,109,108,106,104,268,1
113,112,109,113,112,109,113,112,109,102,101,98,442,1
113,112,109,113,112,109,113,112,109,115,114,111,414,2
125,123,121,113,112,109,118,116,114,113,112,109,393,1
113,112,109,113,112,109,113,112,109,118,116,114,712,2
113,112,109,113,112,109,113,112,109,99,98,95,408,1
113,112,109,113,112,109,105,104,101,113,112,109,377,2
113,112,109,113,112,109,120,119,116,113,112,109,977,1
113,112,109,113,112,109,125,123,121,113,112,109,451,1
113,112,109,125,123,121,113,112,109,105,104,101,916,1
113,112,109,113,112,109,113,112,109,102,101,98,277,1
113,112,109,99,98,95,113,112,109,122,121,118,10,2
113,112,109,113,112,109,113,112,109,110,109,106,907,1
125,123,121,113,112,109,110,109,106,113,112,109,654,2
113,112,109,125,123,121,113,112,109,113,112,109,490,2
113,112,109,113,112,109,113,112,109,113,112,109,116,2
113,112,109,113,112,109,113,112,109,125,123,121,649,2
99,98,95,113,112,109,118,116,114,113,112,109,767,1
113,112,109,125,123,121,113,112,109,102,101,98,24,1
113,112,109,125,123,121,113,112,109,115,114,111,557,2
113,112,109,125,123,121,113,112,109,125,123,121,297,2
99,98,95,113,112,109,113,112,109,113,112,109,72,1
113,112,109,113,112,109,113,112,109,118,116,114,85,2
113,112,109,125,123,121,113,112,109,105,104,101,190,1
99,98,95,113,112,109,102,101,98,113,112,109,959,2
99,98,95,113,112,109,110,109,106,113,112,109,71,2
113,112,109,99,98,95,113,112,109,102,101,98,398,1
99,98,95,113,112,109,105,104,101,113,112,109,894,2
113,112,109,125,123,121,113,112,109,99,98,95,584,1
125,123,121,113,112,109,99,98,95,113,112,109,683,2
125,123,121,113,112,109,118,116,114,113,112,109,195,1
113,112,109,113,112,109,113,112,109,108,106,104,609,1
125,123,121,113,112,109,105,104,101,113,112,109,388,2
113,112,109,113,112,109,115,114,111,113,112,109,84,1
113,112,109,113,112,109,113,112,109,108,106,104,642,1
113,112,109,113,112,109,113,112,109,120,119,116,944,2
113,112,109,99,98,95,113,112,109,102,101,98,35,1
99,98,95,113,112,109,118,116,114,113,112,109,206,1
113,112,109,125,123,121,113,112,109,122,121,118,659,2
113,112,109,113,112,109,113,112,109,122,121,118,120,2
125,123,121,113,112,109,105,104,101,113,112,109,454,2
113,112,109,113,112,109,110,109,106,113,112,109,346,2
113,112,109,113,112,109,113,112,109,113,112,109,479,2
113,112,109,125,123,121,113,112,109,118,116,114,657,2
99,98,95,113,112,109,110,109,106,113,112,109,302,2
113,112,109,113,112,109,113,112,109,115,114,111,678,2
113,112,109,113,112,109,113,112,109,105,104,101,278,1
113,112,109,125,123,121,113,112,109,110,109,106,687,1
113,112,109,99,98,95,113,112,109,118,116,114,635,2
113,112,109,99,98,95,113,112,109,99,98,95,595,1
113,112,109,113,112,109,113,112,109,110,109,106,940,1
99,98,95,113,112,109,118,116,114,113,112,109,536,1
125,123,121,113,112,109,105,104,101,113,112,109,652,2
113,112,109,113,112,109,122,121,118,113,112,109,846,1
125,123,121,113,112,109,110,109,106,113,112,109,621,2
113,112,109,113,112,109,113,112,109,120,119,116,86,2
99,98,95,113,112,109,118,116,114,113,112,109,404,1
113,112,109,113,112,109,113,112,109,113,112,109,545,2
99,98,95,113,112,109,120,119,116,113,112,109,603,1
125,123,121,113,112,109,108,106,104,113,112,109,521,2
113,112,109,113,112,109,102,101,98,113,112,109,13,2
113,112,109,113,112,109,113,112,109,115,114,111,810,2
99,98,95,113,112,109,99,98,95,113,112,109,892,2
113,112,109,99,98,95,113,112,109,113,112,109,798,2
99,98,95,113,112,109,122,121,118,113,112,109,769,1
113,112,109,99,98,95,113,112,109,122,121,118,109,2
113,112,109,113,112,109,113,112,109,99,98,95,12,1
99,98,95,113,112,109,102,101,98,113,112,109,200,2
113,112,109,113,112,109,115,114,111,113,112,109,315,1
113,112,109,113,112,109,113,112,109,102,101,98,409,1
113,112,109,99,98,95,113,112,109,99,98,95,100,1
125,123,121,113,112,109,102,101,98,113,112,109,123,2
113,112,109,113,112,109,113,112,109,115,114,111,579,2
99,98,95,113,112,109,125,123,121,113,112,109,341,1
113,112,109,113,112,109,113,112,109,120,119,116,548,2
113,112,109,99,98,95,113,112,109,110,109,106,236,1
99,98,95,113,112,109,115,114,111,113,112,109,205,1
113,112,109,113,112,109,113,112,109,105,104,101,212,1
113,112,109,113,112,109,122,121,118,113,112,109,615,1
99,98,95,113,112,109,99,98,95,113,112,109,166,2
99,98,95,113,112,109,122,121,118,113,112,109,472,1
113,112,109,113,112,109,113,112,109,108,106,104,312,1
113,112,109,113,112,109,113,112,109,105,104,101,773,1
125,123,121,113,112,109,115,114,111,113,112,109,788,1
99,98,95,113,112,109,105,104,101,113,112,109,663,2
113,112,109,125,123,121,113,112,109,125,123,121,561,2
113,112,109,113,112,109,113,112,109,118,116,114,382,2
113,112,109,125,123,121,113,112,109,118,116,114,327,2
113,112,109,113,112,109,113,112,109,113,112,109,281,1
99,98,95,113,112,109,110,109,106,113,112,109,335,2
113,112,109,99,98,95,113,112,109,113,112,109,633,2
113,112,109,113,112,109,99,98,95,113,112,109,606,2
99,98,95,113,112,109,122,121,118,113,112,109,274,1
125,123,121,113,112,109,110,109,106,113,112,109,489,2
113,112,109,113,112,109,113,112,109,105,104,101,806,1
113,112,109,113,112,109,102,101,98,113,112,109,739,2
113,112,109,125,123,121,113,112,109,113,112,109,94,2
125,123,121,113,112,109,125,123,121,113,112,109,429,1
125,123,121,113,112,109,102,101,98,113,112,109,288,2
125,123,121,113,112,109,125,123,121,113,112,109,198,1
113,112,109,113,112,109,113,112,109,113,112,109,677,1
113,112,109,99,98,95,113,112,109,105,104,101,597,1
113,112,109,125,123,121,113,112,109,120,119,116,493,2
113,112,109,125,123,121,113,112,109,122,121,118,65,2
125,123,121,113,112,109,99,98,95,113,112,109,650,2
113,112,109,99,98,95,113,112,109,102,101,98,662,1
113,112,109,113,112,109,122,121,118,113,112,109,186,1
113,112,109,99,98,95,113,112,109,105,104,101,861,1
113,112,109,99,98,95,113,112,109,102,101,98,860,1
113,112,109,113,112,109,113,112,109,120,119,116,317,2
113,112,109,113,112,109,120,119,116,113,112,109,482,1
125,123,121,113,112,109,118,116,114,113,112,109,690,1
113,112,109,113,112,109,113,112,109,120,119,116,152,2
125,123,121,113,112,109,125,123,121,113,112,109,462,1
113,112,109,113,112,109,99,98,95,113,112,109,738,2
113,112,109,113,112,109,113,112,109,122,121,118,549,2
125,123,121,113,112,109,102,101,98,113,112,109,948,2
113,112,109,125,123,121,113,112,109,122,121,118,824,2
113,112,109,113,112,109,125,123,121,113,112,109,352,1
113,112,109,99,98,95,113,112,109,120,119,116,867,2
113,112,109,113,112,109,113,112,109,99,98,95,672,1
99,98,95,113,112,109,113,112,109,113,112,109,402,1
113,112,109,113,112,109,113,112,109,102,101,98,244,1
125,123,121,113,112,109,115,114,111,113,112,109,194,1
113,112,109,113,112,109,118,116,114,113,112,109,415,1
113,112,109,99,98,95,113,112,109,99,98,95,199,1
113,112,109,125,123,121,113,112,109,125,123,121,231,2
125,123,121,113,112,109,118,116,114,113,112,109,162,1
113,112,109,125,123,121,113,112,109,113,112,109,160,2
113,112,109,125,123,121,113,112,109,122,121,118,923,2
113,112,109,113,112,109,113,112,109,105,104,101,905,1
113,112,109,113,112,109,115,114,111,113,112,109,645,1
113,112,109,125,123,121,113,112,109,115,114,111,227,2
113,112,109,99,98,95,113,112,109,102,101,98,926,1
113,112,109,113,112,109,120,119,116,113,112,109,845,1
99,98,95,113,112,109,122,121,118,113,112,109,637,1
113,112,109,125,123,121,113,112,109,120,119,116,229,2
125,123,121,113,112,109,108,106,104,113,112,109,917,2
113,112,109,113,112,109,105,104,101,113,112,109,608,2
113,112,109,125,123,121,113,112,109,99,98,95,386,1
113,112,109,125,123,121,113,112,109,108,106,104,224,1
113,112,109,113,112,109,120,119,116,113,112,109,779,1
113,112,109,125,123,121,113,112,109,110,109,106,423,1
113,112,109,99,98,95,113,112,109,105,104,101,630,1
113,112,109,125,123,121,113,112,109,120,119,116,130,2
99,98,95,113,112,109,115,114,111,113,112,109,370,1
113,112,109,125,123,121,113,112,109,105,104,101,223,1
113,112,109,99,98,95,113,112,109,118,116,114,866,2
99,98,95,113,112,109,118,116,114,113,112,109,272,1
113,112,109,125,123,121,113,112,109,113,112,109,391,2
113,112,109,113,112,109,113,112,109,113,112,109,83,1
113,112,109,113,112,109,120,119,116,113,112,109,185,1
113,112,109,113,112,109,113,112,109,113,112,109,842,2
113,112,109,113,112,109,125,123,121,113,112,109,913,1
113,112,109,125,123,121,113,112,109,122,121,118,164,2
113,112,109,99,98,95,113,112,109,113,112,109,6,2
113,112,109,113,112,109,113,112,109,108,106,104,708,1
99,98,95,113,112,109,122,121,118,113,112,109,835,1
99,98,95,113,112,109,105,104,101,113,112,109,36,2
113,112,109,113,112,109,102,101,98,113,112,109,376,2
125,123,121,113,112,109,99,98,95,113,112,109,287,2
113,112,109,99,98,95,113,112,109,115,114,111,601,2
113,112,109,125,123,121,113,112,109,108,106,104,92,1
113,112,109,99,98,95,113,112,109,115,114,111,436,2
99,98,95,113,112,109,113,112,109,113,112,109,534,1
113,112,109,125,123,121,113,112,109,120,119,116,559,2
125,123,121,113,112,109,122,121,118,113,112,109,725,1
113,112,109,113,112,109,105,104,101,113,112,109,245,2
113,112,109,99,98,95,113,112,109,102,101,98,464,1
99,98,95,113,112,109,108,106,104,113,112,109,796,2
113,112,109,99,98,95,113,112,109,125,123,121,572,2
113,112,109,113,112,109,115,114,111,113,112,109,777,1
113,112,109,113,112,109,113,112,109,125,123,121,583,2
99,98,95,113,112,109,118,116,114,113,112,109,965,1
113,112,109,99,98,95,113,112,109,120,119,116,339,2
113,112,109,113,112,109,115,114,111,113,112,109,150,1
113,112,109,125,123,121,113,112,109,108,106,104,818,1
113,112,109,113,112,109,113,112,109,105,104,101,872,1
113,112,109,113,112,109,99,98,95,113,112,109,837,2
113,112,109,125,123,121,113,112,109,118,116,114,261,2
113,112,109,113,112,109,113,112,109,113,112,109,941,1
113,112,109,113,112,109,108,106,104,113,112,109,972,2
113,112,109,125,123,121,113,112,109,102,101,98,552,1
113,112,109,125,123,121,113,112,109,122,121,118,494,2
99,98,95,113,112,109,102,101,98,113,112,109,299,2
113,112,109,125,123,121,113,112,109,108,106,104,983,1
113,112,109,113,112,109,115,114,111,113,112,109,18,1
99,98,95,113,112,109,110,109,106,113,112,109,38,2
99,98,95,113,112,109,122,121,118,113,112,109,901,1
113,112,109,125,123,121,113,112,109,110,109,106,390,1
113,112,109,113,112,109,113,112,109,108,106,104,510,1
113,112,109,99,98,95,113,112,109,118,116,114,437,2
125,123,121,113,112,109,113,112,109,113,112,109,292,1
113,112,109,125,123,121,113,112,109,99,98,95,782,1
113,112,109,99,98,95,113,112,109,118,116,114,470,2
113,112,109,125,123,121,113,112,109,108,106,104,323,1
113,112,109,113,112,109,115,114,111,113,112,109,348,1
113,112,109,113,112,109,120,119,116,113,112,109,515,1
113,112,109,113,112,109,122,121,118,113,112,109,681,1
113,112,109,113,112,109,113,112,109,118,116,114,19,2
125,123,121,113,112,109,125,123,121,113,112,109,792,1
113,112,109,99,98,95,113,112,109,113,112,109,468,2
125,123,121,113,112,109,102,101,98,113,112,109,750,2
113,112,109,99,98,95,113,112,109,115,114,111,964,2
113,112,109,113,112,109,113,112,109,102,101,98,211,1
113,112,109,113,112,109,102,101,98,113,112,109,310,2
113,112,109,113,112,109,113,112,109,108,106,104,444,1
99,98,95,113,112,109,108,106,104,113,112,109,829,2
113,112,109,113,112,109,113,112,109,122,121,118,747,2
99,98,95,113,112,109,125,123,121,113,112,109,803,1
113,112,109,99,98,95,113,112,109,105,104,101,465,1
125,123,121,113,112,109,120,119,116,113,112,109,922,1
113,112,109,113,112,109,113,112,109,108,106,104,807,1
113,112,109,113,112,109,113,112,109,102,101,98,673,1
113,112,109,113,112,109,120,119,116,113,112,109,746,1
125,123,121,113,112,109,110,109,106,113,112,109,522,2
113,112,109,99,98,95,113,112,109,102,101,98,266,1
125,123,121,113,112,109,108,106,104,113,112,109,26,2
113,112,109,125,123,121,113,112,109,113,112,109,457,2
99,98,95,113,112,109,122,121,118,113,112,109,142,1
113,112,109,113,112,109,113,112,109,105,104,101,179,1
113,112,109,99,98,95,113,112,109,110,109,106,500,1
99,98,95,113,112,109,122,121,118,113,112,109,340,1
99,98,95,113,112,109,102,101,98,113,112,109,332,2
113,112,109,125,123,121,113,112,109,125,123,121,693,2
113,112,109,99,98,95,113,112,109,113,112,109,831,2
99,98,95,113,112,109,99,98,95,113,112,109,133,2
113,112,109,125,123,121,113,112,109,108,106,104,950,1
113,112,109,99,98,95,113,112,109,108,106,104,400,1
113,112,109,113,112,109,113,112,109,113,112,109,248,2
125,123,121,113,112,109,105,104,101,113,112,109,949,2
113,112,109,125,123,121,113,112,109,120,119,116,64,2
113,112,109,125,123,121,113,112,109,115,114,111,425,2
99,98,95,113,112,109,110,109,106,113,112,109,698,2
113,112,109,99,98,95,113,112,109,125,123,121,770,2
113,112,109,113,112,109,105,104,101,113,112,109,146,2
99,98,95,113,112,109,125,123,121,113,112,109,44,1
125,123,121,113,112,109,108,106,104,113,112,109,785,2
113,112,109,125,123,121,113,112,109,110,109,106,60,1
113,112,109,99,98,95,113,112,109,108,106,104,103,1
113,112,109,99,98,95,113,112,109,99,98,95,34,1
113,112,109,125,123,121,113,112,109,105,104,101,982,1
125,123,121,113,112,109,113,112,109,113,112,109,919,1
113,112,109,113,112,109,125,123,121,113,112,109,814,1
113,112,109,125,123,121,113,112,109,113,112,109,28,2
125,123,121,113,112,109,125,123,121,113,112,109,264,1
125,123,121,113,112,109,125,123,121,113,112,109,165,1
125,123,121,113,112,109,102,101,98,113,112,109,255,2
99,98,95,113,112,109,110,109,106,113,112,109,170,2
113,112,109,113,112,109,113,112,109,99,98,95,969,1
113,112,109,99,98,95,113,112,109,115,114,111,469,2
113,112,109,113,112,109,113,112,109,120,119,116,284,2
99,98,95,113,112,109,99,98,95,113,112,109,694,2
113,112,109,99,98,95,113,112,109,99,98,95,430,1
125,123,121,113,112,109,120,119,116,113,112,109,856,1
113,112,109,113,112,109,113,112,109,102,101,98,607,1
99,98,95,113,112,109,105,104,101,113,112,109,564,2
99,98,95,113,112,109,108,106,104,113,112,109,928,2
113,112,109,125,123,121,113,112,109,102,101,98,981,1
113,112,109,125,123,121,113,112,109,120,119,116,526,2
113,112,109,113,112,109,113,112,109,118,116,114,547,2
113,112,109,113,112,109,122,121,118,113,112,109,21,1
125,123,121,113,112,109,125,123,121,113,112,109,528,1
113,112,109,99,98,95,113,112,109,115,114,111,766,2
113,112,109,125,123,121,113,112,109,118,116,114,294,2
113,112,109,113,112,109,113,112,109,120,119,116,20,2
125,123,121,113,112,109,115,114,111,113,112,109,524,1
113,112,109,113,112,109,125,123,121,113,112,109,880,1
113,112,109,99,98,95,113,112,109,118,116,114,371,2
125,123,121,113,112,109,99,98,95,113,112,109,848,2
125,123,121,113,112,109,118,116,114,113,112,109,558,1
113,112,109,113,112,109,113,112,109,113,112,109,974,1
125,123,121,113,112,109,110,109,106,113,112,109,192,2
113,112,109,125,123,121,113,112,109,105,104,101,355,1
99,98,95,113,112,109,122,121,118,113,112,109,703,1
113,112,109,125,123,121,113,112,109,115,114,111,953,2
125,123,121,113,112,109,108,106,104,113,112,109,356,2
113,112,109,125,123,121,113,112,109,99,98,95,749,1
113,112,109,113,112,109,125,123,121,113,112,109,616,1
113,112,109,99,98,95,113,112,109,118,116,114,701,2
113,112,109,113,112,109,113,112,109,105,104,101,113,1
113,112,109,99,98,95,113,112,109,122,121,118,241,2
113,112,109,99,98,95,113,112,109,102,101,98,629,1
113,112,109,125,123,121,113,112,109,108,106,104,389,1
113,112,109,99,98,95,113,112,109,122,121,118,505,2
99,98,95,113,112,109,99,98,95,113,112,109,628,2
113,112,109,99,98,95,113,112,109,105,104,101,69,1
113,112,109,125,123,121,113,112,109,125,123,121,132,2
99,98,95,113,112,109,105,104,101,113,112,109,762,2
113,112,109,99,98,95,113,112,109,113,112,109,39,2
113,112,109,113,112,109,113,112,109,125,123,121,517,2
99,98,95,113,112,109,122,121,118,113,112,109,439,1
113,112,109,113,112,109,108,106,104,113,112,109,15,2
113,112,109,125,123,121,113,112,109,118,116,114,63,2
113,112,109,113,112,109,113,112,109,108,106,104,180,1
113,112,109,99,98,95,113,112,109,102,101,98,794,1
113,112,109,99,98,95,113,112,109,122,121,118,208,2
113,112,109,113,112,109,113,112,109,122,121,118,417,2
113,112,109,113,112,109,113,112,109,122,121,118,780,2
113,112,109,113,112,109,113,112,109,120,119,116,581,2
125,123,121,113,112,109,115,114,111,113,112,109,128,1
125,123,121,113,112,109,122,121,118,113,112,109,791,1
113,112,109,113,112,109,113,112,109,113,112,109,17,1
113,112,109,125,123,121,113,112,109,113,112,109,655,2
113,112,109,113,112,109,125,123,121,113,112,109,715,1
113,112,109,99,98,95,113,112,109,110,109,106,962,1
113,112,109,99,98,95,113,112,109,102,101,98,695,1
125,123,121,113,112,109,120,119,116,113,112,109,592,1
125,123,121,113,112,109,122,121,118,113,112,109,131,1
99,98,95,113,112,109,113,112,109,113,112,109,369,1
99,98,95,113,112,109,125,123,121,113,112,109,935,1
125,123,121,113,112,109,110,109,106,113,112,109,720,2
113,112,109,113,112,109,113,112,109,102,101,98,805,1
113,112,109,99,98,95,113,112,109,108,106,104,532,1
99,98,95,113,112,109,115,114,111,113,112,109,700,1
113,112,109,113,112,109,113,112,109,125,123,121,88,2
113,112,109,99,98,95,113,112,109,110,109,106,137,1
113,112,109,113,112,109,113,112,109,99,98,95,45,1
113,112,109,113,112,109,113,112,109,105,104,101,839,1
125,123,121,113,112,109,110,109,106,113,112,109,291,2
113,112,109,113,112,109,108,106,104,113,112,109,873,2
99,98,95,113,112,109,102,101,98,113,112,109,167,2
113,112,109,113,112,109,99,98,95,113,112,109,177,2
113,112,109,113,112,109,113,112,109,122,121,118,252,2
125,123,121,113,112,109,125,123,121,113,112,109,726,1
99,98,95,113,112,109,115,114,111,113,112,109,832,1
125,123,121,113,112,109,120,119,116,113,112,109,394,1
113,112,109,113,112,109,113,112,109,122,121,118,483,2
113,112,109,125,123,121,113,112,109,125,123,121,957,2
113,112,109,99,98,95,113,112,109,122,121,118,571,2
113,112,109,113,112,109,125,123,121,113,112,109,418,1
113,112,109,125,123,121,113,112,109,115,114,111,326,2
113,112,109,99,98,95,113,112,109,125,123,121,869,2
113,112,109,113,112,109,113,112,109,108,106,104,279,1
113,112,109,113,112,109,108,106,104,113,112,109,114,2
99,98,95,113,112,109,125,123,121,113,112,109,902,1
113,112,109,125,123,121,113,112,109,102,101,98,717,1
113,112,109,125,123,121,113,112,109,108,106,104,59,1
113,112,109,125,123,121,113,112,109,118,116,114,888,2
113,112,109,113,112,109,113,112,109,120,119,116,383,2
113,112,109,113,112,109,118,116,114,113,112,109,250,1
113,112,109,113,112,109,110,109,106,113,112,109,280,2
113,112,109,125,123,121,113,112,109,113,112,109,358,2
125,123,121,113,112,109,125,123,121,113,112,109,825,1
113,112,109,99,98,95,113,112,109,125,123,121,605,2
125,123,121,113,112,109,110,109,106,113,112,109,357,2
113,112,109,113,112,109,99,98,95,113,112,109,78,2
113,112,109,99,98,95,113,112,109,99,98,95,298,1
99,98,95,113,112,109,125,123,121,113,112,109,110,1
113,112,109,99,98,95,113,112,109,108,106,104,334,1
113,112,109,125,123,121,113,112,109,113,112,109,226,2
113,112,109,125,123,121,113,112,109,122,121,118,989,2
99,98,95,113,112,109,102,101,98,113,112,109,761,2
113,112,109,113,112,109,122,121,118,113,112,109,285,1
99,98,95,113,112,109,105,104,101,113,112,109,927,2
99,98,95,113,112,109,108,106,104,113,112,109,730,2
113,112,109,113,112,109,113,112,109,110,109,106,412,1
113,112,109,113,112,109,113,112,109,108,106,104,147,1
113,112,109,113,112,109,113,112,109,115,114,111,381,2
113,112,109,99,98,95,113,112,109,108,106,104,136,1
99,98,95,113,112,109,105,104,101,113,112,109,102,2
113,112,109,113,112,109,113,112,109,118,116,114,877,2
113,112,109,99,98,95,113,112,109,102,101,98,365,1
113,112,109,113,112,109,113,112,109,118,116,114,349,2
113,112,109,113,112,109,125,123,121,113,112,109,682,1
113,112,109,99,98,95,113,112,109,115,114,111,172,2
113,112,109,125,123,121,113,112,109,110,109,106,456,1
125,123,121,113,112,109,99,98,95,113,112,109,815,2
125,123,121,113,112,109,110,109,106,113,112,109,918,2
113,112,109,125,123,121,113,112,109,102,101,98,585,1
113,112,109,113,112,109,113,112,109,113,112,109,347,1
99,98,95,113,112,109,118,116,114,113,112,109,602,1
99,98,95,113,112,109,113,112,109,113,112,109,138,1
113,112,109,113,112,109,113,112,109,113,112,109,776,2
99,98,95,113,112,109,110,109,106,113,112,109,533,2
113,112,109,113,112,109,105,104,101,113,112,109,344,2
113,112,109,113,112,109,113,112,109,115,114,111,612,2
113,112,109,113,112,109,120,119,116,113,112,109,251,1
113,112,109,113,112,109,113,112,109,99,98,95,243,1
113,112,109,125,123,121,113,112,109,122,121,118,428,2
113,112,109,113,112,109,113,112,109,122,121,118,813,2
113,112,109,99,98,95,113,112,109,118,116,114,41,2
113,112,109,99,98,95,113,112,109,115,114,111,667,2
113,112,109,99,98,95,113,112,109,110,109,106,764,1
113,112,109,125,123,121,113,112,109,105,104,101,91,1
113,112,109,113,112,109,113,112,109,102,101,98,475,1
113,112,109,99,98,95,113,112,109,102,101,98,68,1
99,98,95,113,112,109,113,112,109,113,112,109,765,1
113,112,109,113,112,109,113,112,109,122,121,118,945,2
113,112,109,125,123,121,113,112,109,99,98,95,881,1
125,123,121,113,112,109,99,98,95,113,112,109,254,2
113,112,109,113,112,109,113,112,109,122,121,118,219,2
125,123,121,113,112,109,102,101,98,113,112,109,849,2
113,112,109,113,112,109,113,112,109,118,116,114,613,2
113,112,109,125,123,121,113,112,109,99,98,95,419,1
99,98,95,113,112,109,125,123,121,113,112,109,209,1
113,112,109,113,112,109,113,112,109,110,109,106,445,1
113,112,109,99,98,95,113,112,109,125,123,121,77,2
113,112,109,99,98,95,113,112,109,108,106,104,169,1
113,112,109,113,112,109,113,112,109,108,106,104,378,1
113,112,109,113,112,109,110,109,106,113,112,109,313,2
113,112,109,113,112,109,110,109,106,113,112,109,544,2
113,112,109,125,123,121,113,112,109,125,123,121,858,2
113,112,109,99,98,95,113,112,109,120,119,116,636,2
113,112,109,113,112,109,113,112,109,99,98,95,210,1
113,112,109,113,112,109,113,112,109,115,114,111,942,2
113,112,109,113,112,109,115,114,111,113,112,109,513,1
113,112,109,113,112,109,113,112,109,118,116,114,316,2
125,123,121,113,112,109,108,106,104,113,112,109,554,2
99,98,95,113,112,109,105,104,101,113,112,109,135,2
113,112,109,113,112,109,99,98,95,113,112,109,111,2
113,112,109,113,112,109,113,112,109,125,123,121,748,2
113,112,109,125,123,121,113,112,109,99,98,95,221,1
99,98,95,113,112,109,110,109,106,113,112,109,896,2
99,98,95,113,112,109,120,119,116,113,112,109,834,1
113,112,109,125,123,121,113,112,109,115,114,111,689,2
113,112,109,113,112,109,113,112,109,105,104,101,311,1
99,98,95,113,112,109,122,121,118,113,112,109,670,1
113,112,109,125,123,121,113,112,109,113,112,109,787,2
113,112,109,113,112,109,113,112,109,120,119,116,350,2
113,112,109,113,112,109,113,112,109,113,112,109,314,2
125,123,121,113,112,109,125,123,121,113,112,109,495,1
125,123,121,113,112,109,99,98,95,113,112,109,617,2
113,112,109,99,98,95,113,112,109,113,112,109,336,2
125,123,121,113,112,109,118,116,114,113,112,109,129,1
125,123,121,113,112,109,102,101,98,113,112,109,816,2
125,123,121,113,112,109,113,112,109,113,112,109,523,1
113,112,109,113,112,109,110,109,106,113,112,109,82,2
113,112,109,99,98,95,113,112,109,102,101,98,893,1
99,98,95,113,112,109,118,116,114,113,112,109,74,1
113,112,109,113,112,109,113,112,109,115,114,111,843,2
113,112,109,99,98,95,113,112,109,110,109,106,5,1
113,112,109,125,123,121,113,112,109,125,123,121,330,2
113,112,109,113,112,109,110,109,106,113,112,109,511,2
125,123,121,113,112,109,105,104,101,113,112,109,619,2
125,123,121,113,112,109,102,101,98,113,112,109,783,2
99,98,95,113,112,109,110,109,106,113,112,109,203,2
113,112,109,113,112,109,113,112,109,99,98,95,507,1
113,112,109,99,98,95,113,112,109,125,123,121,968,2
113,112,109,113,112,109,120,119,116,113,112,109,53,1
113,112,109,99,98,95,113,112,109,99,98,95,1,1
113,112,109,125,123,121,113,112,109,110,109,106,126,1
113,112,109,113,112,109,118,116,114,113,112,109,52,1
113,112,109,99,98,95,113,112,109,113,112,109,435,2
125,123,121,113,112,109,105,104,101,113,112,109,520,2
113,112,109,99,98,95,113,112,109,102,101,98,233,1
113,112,109,113,112,109,113,112,109,113,112,109,644,2
125,123,121,113,112,109,120,119,116,113,112,109,823,1
113,112,109,113,112,109,113,112,109,102,101,98,343,1
125,123,121,113,112,109,105,104,101,113,112,109,718,2
113,112,109,113,112,109,113,112,109,122,121,118,912,2
99,98,95,113,112,109,120,119,116,113,112,109,570,1
113,112,109,113,112,109,113,112,109,105,104,101,509,1
113,112,109,113,112,109,108,106,104,113,112,109,576,2
113,112,109,113,112,109,113,112,109,110,109,106,577,1
113,112,109,113,112,109,113,112,109,102,101,98,178,1
113,112,109,99,98,95,113,112,109,99,98,95,397,1
113,112,109,113,112,109,120,119,116,113,112,109,614,1
113,112,109,99,98,95,113,112,109,105,104,101,828,1
113,112,109,99,98,95,113,112,109,108,106,104,565,1
99,98,95,113,112,109,125,123,121,113,112,109,275,1
113,112,109,99,98,95,113,112,109,115,114,111,502,2
113,112,109,113,112,109,113,112,109,118,116,114,646,2
113,112,109,99,98,95,113,112,109,113,112,109,237,2
99,98,95,113,112,109,105,104,101,113,112,109,201,2
125,123,121,113,112,109,108,106,104,113,112,109,191,2
113,112,109,125,123,121,113,112,109,108,106,104,752,1
113,112,109,125,123,121,113,112,109,105,104,101,850,1
113,112,109,99,98,95,113,112,109,105,104,101,399,1
113,112,109,113,112,109,113,112,109,122,121,118,714,2
99,98,95,113,112,109,108,106,104,113,112,109,763,2
113,112,109,113,112,109,113,112,109,122,121,118,450,2
113,112,109,99,98,95,113,112,109,99,98,95,496,1
113,112,109,113,112,109,115,114,111,113,112,109,117,1
113,112,109,113,112,109,108,106,104,113,112,109,543,2
113,112,109,125,123,121,113,112,109,122,121,118,956,2
113,112,109,125,123,121,113,112,109,113,112,109,853,2
113,112,109,113,112,109,102,101,98,113,112,109,904,2
113,112,109,99,98,95,113,112,109,125,123,121,671,2
99,98,95,113,112,109,115,114,111,113,112,109,106,1
113,112,109,125,123,121,113,112,109,125,123,121,594,2
113,112,109,113,112,109,113,112,109,113,112,109,149,2
113,112,109,125,123,121,113,112,109,105,104,101,553,1
113,112,109,113,112,109,122,121,118,113,112,109,516,1
99,98,95,113,112,109,122,121,118,113,112,109,868,1
113,112,109,113,112,109,108,106,104,113,112,109,213,2
113,112,109,99,98,95,113,112,109,108,106,104,961,1
113,112,109,113,112,109,110,109,106,113,112,109,841,2
113,112,109,113,112,109,113,112,109,108,106,104,477,1
113,112,109,113,112,109,115,114,111,113,112,109,711,1
125,123,121,113,112,109,105,104,101,113,112,109,817,2
125,123,121,113,112,109,113,112,109,113,112,109,424,1
99,98,95,113,112,109,99,98,95,113,112,109,529,2
113,112,109,125,123,121,113,112,109,99,98,95,551,1
125,123,121,113,112,109,118,116,114,113,112,109,855,1
113,112,109,113,112,109,115,114,111,113,112,109,480,1
113,112,109,113,112,109,113,112,109,118,116,114,910,2
113,112,109,113,112,109,113,112,109,110,109,106,49,1
113,112,109,99,98,95,113,112,109,115,114,111,403,2
113,112,109,125,123,121,113,112,109,99,98,95,716,1
113,112,109,99,98,95,113,112,109,113,112,109,204,2
99,98,95,113,112,109,108,106,104,113,112,109,367,2
125,123,121,113,112,109,108,106,104,113,112,109,422,2
125,123,121,113,112,109,120,119,116,113,112,109,295,1
113,112,109,125,123,121,113,112,109,102,101,98,453,1
99,98,95,113,112,109,113,112,109,113,112,109,963,1
113,112,109,99,98,95,113,112,109,110,109,106,467,1
99,98,95,113,112,109,120,119,116,113,112,109,966,1
125,123,121,113,112,109,125,123,121,113,112,109,66,1
113,112,109,113,112,109,120,119,116,113,112,109,680,1
113,112,109,99,98,95,113,112,109,122,121,118,406,2
99,98,95,113,112,109,110,109,106,113,112,109,269,2
113,112,109,113,112,109,108,106,104,113,112,109,939,2
113,112,109,113,112,109,113,112,109,120,119,116,416,2
113,112,109,113,112,109,102,101,98,113,112,109,145,2
113,112,109,99,98,95,113,112,109,120,119,116,207,2
113,112,109,99,98,95,113,112,109,120,119,116,702,2
113,112,109,99,98,95,113,112,109,118,116,114,8,2
125,123,121,113,112,109,99,98,95,113,112,109,188,2
99,98,95,113,112,109,108,106,104,113,112,109,70,2
113,112,109,125,123,121,113,112,109,110,109,106,885,1
99,98,95,113,112,109,118,116,114,113,112,109,899,1
113,112,109,113,112,109,113,112,109,113,112,109,413,1
99,98,95,113,112,109,115,114,111,113,112,109,931,1
99,98,95,113,112,109,118,116,114,113,112,109,833,1
125,123,121,113,112,109,122,121,118,113,112,109,263,1
113,112,109,113,112,109,113,112,109,125,123,121,385,2
125,123,121,113,112,109,115,114,111,113,112,109,623,1
113,112,109,125,123,121,113,112,109,120,119,116,658,2
113,112,109,125,123,121,113,112,109,99,98,95,980,1
113,112,109,113,112,109,113,112,109,118,116,114,151,2
113,112,109,99,98,95,113,112,109,102,101,98,134,1
99,98,95,113,112,109,118,116,114,113,112,109,668,1
113,112,109,113,112,109,113,112,109,120,119,116,449,2
99,98,95,113,112,109,125,123,121,113,112,109,506,1
125,123,121,113,112,109,115,114,111,113,112,109,458,1
113,112,109,113,112,109,113,112,109,110,109,106,148,1
125,123,121,113,112,109,120,119,116,113,112,109,724,1
113,112,109,99,98,95,113,112,109,113,112,109,930,2
113,112,109,99,98,95,113,112,109,99,98,95,331,1
113,112,109,113,112,109,113,112,109,113,112,109,446,1
125,123,121,113,112,109,110,109,106,113,112,109,819,2
125,123,121,113,112,109,122,121,118,113,112,109,527,1
113,112,109,125,123,121,113,112,109,113,112,109,985,2
113,112,109,125,123,121,113,112,109,115,114,111,161,2
113,112,109,113,112,109,113,112,109,99,98,95,639,1
113,112,109,113,112,109,122,121,118,113,112,109,879,1
113,112,109,113,112,109,113,112,109,102,101,98,937,1
99,98,95,113,112,109,125,123,121,113,112,109,176,1
113,112,109,113,112,109,113,112,109,115,114,111,546,2
113,112,109,113,112,109,105,104,101,113,112,109,740,2
113,112,109,113,112,109,105,104,101,113,112,109,542,2
99,98,95,113,112,109,118,116,114,113,112,109,932,1
125,123,121,113,112,109,120,119,116,113,112,109,955,1
125,123,121,113,112,109,102,101,98,113,112,109,354,2
99,98,95,113,112,109,122,121,118,113,112,109,934,1
113,112,109,99,98,95,113,112,109,115,114,111,337,2
113,112,109,113,112,109,113,112,109,115,114,111,909,2
113,112,109,125,123,121,113,112,109,118,116,114,723,2
113,112,109,125,123,121,113,112,109,122,121,118,395,2
113,112,109,113,112,109,113,112,109,108,106,104,774,1
113,112,109,125,123,121,113,112,109,108,106,104,653,1
113,112,109,99,98,95,113,112,109,108,106,104,202,1
113,112,109,99,98,95,113,112,109,115,114,111,139,2
113,112,109,125,123,121,113,112,109,105,104,101,487,1
99,98,95,113,112,109,118,116,114,113,112,109,338,1
113,112,109,113,112,109,113,112,109,125,123,121,286,2
113,112,109,125,123,121,113,112,109,118,116,114,492,2
99,98,95,113,112,109,105,104,101,113,112,109,795,2
113,112,109,125,123,121,113,112,109,118,116,114,624,2
113,112,109,125,123,121,113,112,109,122,121,118,560,2
125,123,121,113,112,109,122,121,118,113,112,109,32,1
113,112,109,113,112,109,115,114,111,113,112,109,876,1
113,112,109,125,123,121,113,112,109,108,106,104,257,1
113,112,109,125,123,121,113,112,109,99,98,95,155,1
113,112,109,125,123,121,113,112,109,110,109,106,588,1
125,123,121,113,112,109,113,112,109,113,112,109,754,1
113,112,109,125,123,121,113,112,109,105,104,101,586,1
113,112,109,113,112,109,99,98,95,113,112,109,309,2
113,112,109,113,112,109,113,112,109,125,123,121,484,2
125,123,121,113,112,109,108,106,104,113,112,109,290,2
113,112,109,113,112,109,113,112,109,118,116,114,184,2
125,123,121,113,112,109,99,98,95,113,112,109,485,2
99,98,95,113,112,109,110,109,106,113,112,109,665,2
113,112,109,113,112,109,113,112,109,99,98,95,870,1
113,112,109,113,112,109,113,112,109,120,119,116,713,2
99,98,95,113,112,109,125,123,121,113,112,109,836,1
99,98,95,113,112,109,125,123,121,113,112,109,704,1
113,112,109,113,112,109,102,101,98,113,112,109,640,2
125,123,121,113,112,109,105,104,101,113,112,109,685,2
125,123,121,113,112,109,115,114,111,113,112,109,722,1
113,112,109,125,123,121,113,112,109,122,121,118,296,2
113,112,109,113,112,109,113,112,109,118,116,114,976,2
125,123,121,113,112,109,122,121,118,113,112,109,362,1
99,98,95,113,112,109,99,98,95,113,112,109,727,2
113,112,109,99,98,95,113,112,109,118,116,114,569,2
113,112,109,125,123,121,113,112,109,122,121,118,98,2
113,112,109,125,123,121,113,112,109,125,123,121,924,2
113,112,109,113,112,109,113,112,109,110,109,106,247,1
113,112,109,113,112,109,113,112,109,118,116,114,283,2
113,112,109,125,123,121,113,112,109,120,119,116,163,2
113,112,109,99,98,95,113,112,109,115,114,111,634,2
113,112,109,125,123,121,113,112,109,108,106,104,884,1
113,112,109,113,112,109,110,109,106,113,112,109,709,2
113,112,109,99,98,95,113,112,109,99,98,95,562,1
125,123,121,113,112,109,108,106,104,113,112,109,851,2
99,98,95,113,112,109,118,116,114,113,112,109,107,1
113,112,109,113,112,109,113,112,109,120,119,116,647,2
99,98,95,113,112,109,120,119,116,113,112,109,405,1
113,112,109,125,123,121,113,112,109,113,112,109,820,2
113,112,109,113,112,109,113,112,109,115,114,111,51,2
113,112,109,99,98,95,113,112,109,102,101,98,728,1
113,112,109,125,123,121,113,112,109,120,119,116,988,2
113,112,109,125,123,121,113,112,109,110,109,106,27,1
113,112,109,113,112,109,113,112,109,125,123,121,979,2
113,112,109,99,98,95,113,112,109,125,123,121,407,2
113,112,109,113,112,109,113,112,109,115,114,111,744,2
99,98,95,113,112,109,115,114,111,113,112,109,865,1
99,98,95,113,112,109,125,123,121,113,112,109,308,1
113,112,109,125,123,121,113,112,109,108,106,104,686,1
113,112,109,113,112,109,113,112,109,113,112,109,908,2
113,112,109,125,123,121,113,112,109,108,106,104,158,1
113,112,109,125,123,121,113,112,109,122,121,118,692,2
113,112,109,99,98,95,113,112,109,115,114,111,73,2
99,98,95,113,112,109,120,119,116,113,112,109,240,1
113,112,109,113,112,109,122,121,118,113,112,109,153,1
99,98,95,113,112,109,122,121,118,113,112,109,538,1
113,112,109,99,98,95,113,112,109,125,123,121,242,2
113,112,109,125,123,121,113,112,109,118,116,114,756,2
113,112,109,113,112,109,113,112,109,113,112,109,710,1
113,112,109,99,98,95,113,112,109,115,114,111,799,2
113,112,109,113,112,109,113,112,109,110,109,106,643,1
113,112,109,113,112,109,113,112,109,122,121,118,318,2
113,112,109,125,123,121,113,112,109,113,112,109,193,2
113,112,109,113,112,109,113,112,109,105,104,101,674,1
113,112,109,125,123,121,113,112,109,105,104,101,751,1
113,112,109,113,112,109,113,112,109,118,116,114,118,2
113,112,109,125,123,121,113,112,109,110,109,106,951,1
113,112,109,99,98,95,113,112,109,108,106,104,235,1
99,98,95,113,112,109,113,112,109,113,112,109,303,1
113,112,109,99,98,95,113,112,109,115,114,111,304,2
113,112,109,99,98,95,113,112,109,118,116,114,239,2
125,123,121,113,112,109,118,116,114,113,112,109,921,1
113,112,109,99,98,95,113,112,109,122,121,118,373,2
99,98,95,113,112,109,99,98,95,113,112,109,364,2
113,112,109,99,98,95,113,112,109,105,104,101,729,1
113,112,109,125,123,121,113,112,109,120,119,116,361,2
113,112,109,113,112,109,113,112,109,108,106,104,81,1
99,98,95,113,112,109,113,112,109,113,112,109,699,1
113,112,109,113,112,109,125,123,121,113,112,109,847,1
113,112,109,99,98,95,113,112,109,115,114,111,40,2
113,112,109,125,123,121,113,112,109,105,104,101,784,1
125,123,121,113,112,109,118,116,114,113,112,109,426,1
125,123,121,113,112,109,105,104,101,113,112,109,421,2
113,112,109,99,98,95,113,112,109,118,116,114,305,2
113,112,109,113,112,109,125,123,121,113,112,109,121,1
113,112,109,113,112,109,113,112,109,99,98,95,342,1
113,112,109,125,123,121,113,112,109,99,98,95,320,1
113,112,109,113,112,109,102,101,98,113,112,109,871,2
125,123,121,113,112,109,110,109,106,113,112,109,159,2
113,112,109,113,112,109,113,112,109,115,114,111,183,2
113,112,109,125,123,121,113,112,109,125,123,121,396,2
99,98,95,113,112,109,105,104,101,113,112,109,333,2
113,112,109,113,112,109,113,112,109,125,123,121,154,2
113,112,109,125,123,121,113,112,109,113,112,109,952,2
113,112,109,113,112,109,113,112,109,105,104,101,410,1
113,112,109,113,112,109,113,112,109,105,104,101,476,1
113,112,109,99,98,95,113,112,109,125,123,121,440,2
113,112,109,113,112,109,113,112,109,108,106,104,345,1
113,112,109,125,123,121,113,112,109,113,112,109,688,2
113,112,109,113,112,109,120,119,116,113,112,109,218,1
125,123,121,113,112,109,102,101,98,113,112,109,57,2
125,123,121,113,112,109,115,114,111,113,112,109,920,1
113,112,109,99,98,95,113,112,109,113,112,109,105,2
113,112,109,113,112,109,113,112,109,102,101,98,706,1
113,112,109,113,112,109,125,123,121,113,112,109,319,1
125,123,121,113,112,109,122,121,118,113,112,109,197,1
113,112,109,113,112,109,113,112,109,118,116,114,943,2
125,123,121,113,112,109,115,114,111,113,112,109,854,1
113,112,109,99,98,95,113,112,109,118,116,114,800,2
113,112,109,113,112,109,113,112,109,125,123,121,22,2
99,98,95,113,112,109,122,121,118,113,112,109,967,1
113,112,109,99,98,95,113,112,109,125,123,121,374,2
113,112,109,125,123,121,113,112,109,125,123,121,891,2
113,112,109,125,123,121,113,112,109,122,121,118,461,2
113,112,109,113,112,109,120,119,116,113,112,109,119,1
99,98,95,113,112,109,102,101,98,113,112,109,530,2
113,112,109,125,123,121,113,112,109,120,119,116,262,2
125,123,121,113,112,109,122,121,118,113,112,109,230,1
113,112,109,113,112,109,113,112,109,99,98,95,144,1
113,112,109,99,98,95,113,112,109,99,98,95,265,1
113,112,109,113,112,109,113,112,109,122,121,118,978,2
99,98,95,113,112,109,125,123,121,113,112,109,11,1
113,112,109,99,98,95,113,112,109,110,109,106,368,1
113,112,109,113,112,109,113,112,109,110,109,106,181,1
113,112,109,125,123,121,113,112,109,122,121,118,890,2
125,123,121,113,112,109,113,112,109,113,112,109,325,1
99,98,95,113,112,109,122,121,118,113,112,109,604,1
125,123,121,113,112,109,120,119,116,113,112,109,328,1
113,112,109,113,112,109,113,112,109,113,112,109,578,2
113,112,109,99,98,95,113,112,109,113,112,109,600,2
125,123,121,113,112,109,113,112,109,113,112,109,589,1
125,123,121,113,112,109,115,114,111,113,112,109,986,1
99,98,95,113,112,109,99,98,95,113,112,109,232,2
125,123,121,113,112,109,125,123,121,113,112,109,33,1
125,123,121,113,112,109,102,101,98,113,112,109,684,2
113,112,109,99,98,95,113,112,109,108,106,104,598,1
113,112,109,99,98,95,113,112,109,113,112,109,501,2
113,112,109,99,98,95,113,112,109,102,101,98,563,1
113,112,109,99,98,95,113,112,109,118,116,114,734,2
113,112,109,113,112,109,110,109,106,113,112,109,115,2
113,112,109,125,123,121,113,112,109,102,101,98,486,1
113,112,109,113,112,109,113,112,109,108,106,104,906,1
113,112,109,113,112,109,115,114,111,113,112,109,216,1
125,123,121,113,112,109,115,114,111,113,112,109,293,1
113,112,109,125,123,121,113,112,109,110,109,106,984,1
113,112,109,99,98,95,113,112,109,115,114,111,535,2
99,98,95,113,112,109,113,112,109,113,112,109,897,1
99,98,95,113,112,109,118,116,114,113,112,109,140,1
113,112,109,125,123,121,113,112,109,120,119,116,427,2
113,112,109,99,98,95,113,112,109,120,119,116,801,2
113,112,109,125,123,121,113,112,109,99,98,95,89,1
113,112,109,113,112,109,113,112,109,99,98,95,474,1
113,112,109,125,123,121,113,112,109,99,98,95,122,1
99,98,95,113,112,109,120,119,116,113,112,109,933,1
113,112,109,113,112,109,113,112,109,99,98,95,441,1
125,123,121,113,112,109,118,116,114,113,112,109,591,1
113,112,109,99,98,95,113,112,109,99,98,95,661,1
113,112,109,113,112,109,110,109,106,113,112,109,676,2
113,112,109,125,123,121,113,112,109,115,114,111,62,2
99,98,95,113,112,109,105,104,101,113,112,109,531,2
113,112,109,113,112,109,113,112,109,108,106,104,246,1
125,123,121,113,112,109,125,123,121,113,112,109,990,1
113,112,109,125,123,121,113,112,109,105,104,101,25,1
125,123,121,113,112,109,115,114,111,113,112,109,821,1
99,98,95,113,112,109,105,104,101,113,112,109,234,2
125,123,121,113,112,109,113,112,109,113,112,109,127,1
113,112,109,113,112,109,113,112,109,102,101,98,838,1
125,123,121,113,112,109,115,114,111,113,112,109,887,1
99,98,95,113,112,109,102,101,98,113,112,109,497,2
113,112,109,113,112,109,113,112,109,102,101,98,79,1
113,112,109,113,112,109,113,112,109,99,98,95,375,1
113,112,109,125,123,121,113,112,109,99,98,95,914,1
99,98,95,113,112,109,125,123,121,113,112,109,473,1
113,112,109,113,112,109,122,121,118,113,112,109,384,1
99,98,95,113,112,109,110,109,106,113,112,109,929,2
113,112,109,99,98,95,113,112,109,102,101,98,596,1
99,98,95,113,112,109,115,114,111,113,112,109,733,1
99,98,95,113,112,109,110,109,106,113,112,109,863,2
99,98,95,113,112,109,122,121,118,113,112,109,175,1
113,112,109,99,98,95,113,112,109,120,119,116,504,2
113,112,109,125,123,121,113,112,109,122,121,118,626,2
113,112,109,99,98,95,113,112,109,120,119,116,372,2
113,112,109,113,112,109,113,112,109,113,112,109,215,1
113,112,109,113,112,109,118,116,114,113,112,109,514,1
99,98,95,113,112,109,125,123,121,113,112,109,143,1
113,112,109,99,98,95,113,112,109,105,104,101,3,1
113,112,109,125,123,121,113,112,109,120,119,116,790,2
113,112,109,113,112,109,113,112,109,105,104,101,80,1
99,98,95,113,112,109,99,98,95,113,112,109,67,2
113,112,109,113,112,109,105,104,101,113,112,109,971,2
113,112,109,113,112,109,105,104,101,113,112,109,641,2
113,112,109,113,112,109,113,112,109,110,109,106,16,1
113,112,109,125,123,121,113,112,109,105,104,101,289,1
113,112,109,99,98,95,113,112,109,120,119,116,108,2
113,112,109,125,123,121,113,112,109,115,114,111,359,2
99,98,95,113,112,109,115,114,111,113,112,109,238,1
113,112,109,113,112,109,113,112,109,102,101,98,574,1
113,112,109,125,123,121,113,112,109,99,98,95,518,1
113,112,109,113,112,109,113,112,109,108,106,104,741,1
113,112,109,113,112,109,99,98,95,113,112,109,540,2
113,112,109,113,112,109,115,114,111,113,112,109,282,1
113,112,109,113,112,109,120,119,116,113,112,109,911,1
125,123,121,113,112,109,125,123,121,113,112,109,627,1
99,98,95,113,112,109,120,119,116,113,112,109,9,1
99,98,95,113,112,109,99,98,95,113,112,109,463,2
113,112,109,113,112,109,125,123,121,113,112,109,781,1
113,112,109,125,123,121,113,112,109,102,101,98,387,1
113,112,109,113,112,109,105,104,101,113,112,109,938,2
99,98,95,113,112,109,120,119,116,113,112,109,75,1
113,112,109,113,112,109,125,123,121,113,112,109,946,1
113,112,109,113,112,109,113,112,109,105,104,101,47,1
113,112,109,113,112,109,113,112,109,110,109,106,775,1
125,123,121,113,112,109,118,116,114,113,112,109,96,1
113,112,109,113,112,109,113,112,109,108,106,104,840,1
113,112,109,99,98,95,113,112,109,120,119,116,42,2
125,123,121,113,112,109,115,114,111,113,112,109,755,1
113,112,109,113,112,109,99,98,95,113,112,109,705,2
99,98,95,113,112,109,102,101,98,113,112,109,101,2
113,112,109,125,123,121,113,112,109,120,119,116,31,2
125,123,121,113,112,109,120,119,116,113,112,109,460,1
113,112,109,99,98,95,113,112,109,118,116,114,173,2
113,112,109,99,98,95,113,112,109,99,98,95,793,1
99,98,95,113,112,109,110,109,106,113,112,109,434,2
99,98,95,113,112,109,113,112,109,113,112,109,732,1
125,123,121,113,112,109,110,109,106,113,112,109,225,2
113,112,109,99,98,95,113,112,109,110,109,106,599,1
113,112,109,125,123,121,113,112,109,110,109,106,324,1
113,112,109,113,112,109,113,112,109,99,98,95,804,1
113,112,109,113,112,109,113,112,109,113,112,109,611,2
113,112,109,99,98,95,113,112,109,115,114,111,568,2
113,112,109,113,112,109,113,112,109,113,112,109,809,1
113,112,109,113,112,109,113,112,109,105,104,101,443,1
113,112,109,99,98,95,113,112,109,108,106,104,895,1
113,112,109,99,98,95,113,112,109,113,112,109,171,2
113,112,109,113,112,109,113,112,109,99,98,95,771,1
125,123,121,113,112,109,115,114,111,113,112,109,656,1
113,112,109,113,112,109,118,116,114,113,112,109,448,1
113,112,109,113,112,109,113,112,109,105,104,101,14,1
113,112,109,113,112,109,113,112,109,113,112,109,50,1
125,123,121,113,112,109,105,104,101,113,112,109,58,2
113,112,109,125,123,121,113,112,109,105,104,101,256,1
113,112,109,113,112,109,113,112,109,113,112,109,512,2
99,98,95,113,112,109,108,106,104,113,112,109,37,2
113,112,109,113,112,109,108,106,104,113,112,109,411,2
113,112,109,99,98,95,113,112,109,105,104,101,696,1
125,123,121,113,112,109,118,116,114,113,112,109,459,1
125,123,121,113,112,109,115,114,111,113,112,109,491,1
113,112,109,125,123,121,113,112,109,118,116,114,30,2
113,112,109,113,112,109,99,98,95,113,112,109,936,2
99,98,95,113,112,109,108,106,104,113,112,109,499,2
125,123,121,113,112,109,113,112,109,113,112,109,886,1
113,112,109,99,98,95,113,112,109,113,112,109,666,2
113,112,109,113,112,109,118,116,114,113,112,109,778,1
113,112,109,113,112,109,113,112,109,105,104,101,707,1
113,112,109,125,123,121,113,112,109,120,119,116,757,2
113,112,109,125,123,121,113,112,109,102,101,98,618,1
113,112,109,125,123,121,113,112,109,115,114,111,95,2
99,98,95,113,112,109,110,109,106,113,112,109,830,2
113,112,109,125,123,121,113,112,109,102,101,98,90,1
125,123,121,113,112,109,115,114,111,113,112,109,29,1
99,98,95,113,112,109,120,119,116,113,112,109,273,1
113,112,109,125,123,121,113,112,109,102,101,98,420,1
113,112,109,99,98,95,113,112,109,122,121,118,43,2
113,112,109,125,123,121,113,112,109,113,112,109,259,2
125,123,121,113,112,109,120,119,116,113,112,109,625,1
125,123,121,113,112,109,113,112,109,113,112,109,721,1
113,112,109,125,123,121,113,112,109,99,98,95,23,1
113,112,109,113,112,109,113,112,109,108,106,104,675,1
113,112,109,99,98,95,113,112,109,108,106,104,466,1
113,112,109,113,112,109,113,112,109,115,114,111,249,2
113,112,109,113,112,109,113,112,109,110,109,106,379,1
113,112,109,99,98,95,113,112,109,120,119,116,174,2
113,112,109,113,112,109,113,112,109,120,119,116,812,2
113,112,109,125,123,121,113,112,109,108,106,104,488,1
99,98,95,113,112,109,110,109,106,113,112,109,632,2
113,112,109,99,98,95,113,112,109,125,123,121,539,2
113,112,109,125,123,121,113,112,109,118,116,114,789,2
125,123,121,113,112,109,120,119,116,113,112,109,97,1
99,98,95,113,112,109,120,119,116,113,112,109,768,1
113,112,109,113,112,109,102,101,98,113,112,109,508,2
113,112,109,125,123,121,113,112,109,120,119,116,196,2
125,123,121,113,112,109,108,106,104,113,112,109,455,2
125,123,121,113,112,109,110,109,106,113,112,109,93,2
125,123,121,113,112,109,110,109,106,113,112,109,852,2
113,112,109,113,112,109,113,112,109,113,112,109,182,1
113,112,109,113,112,109,125,123,121,113,112,109,253,1
125,123,121,113,112,109,110,109,106,113,112,109,786,2
99,98,95,113,112,109,120,119,116,113,112,109,537,1
113,112,109,113,112,109,125,123,121,113,112,109,220,1
113,112,109,113,112,109,113,112,109,115,114,111,447,2
113,112,109,99,98,95,113,112,109,120,119,116,306,2
125,123,121,113,112,109,102,101,98,113,112,109,651,2
