99,98,95,113,112,109,102,101,98,113,112,109,35,2
113,112,109,113,112,109,102,101,98,113,112,109,46,2
113,112,109,125,123,121,113,112,109,105,104,101,58,1
113,112,109,125,123,121,113,112,109,115,114,111,62,2
99,98,95,113,112,109,122,121,118,113,112,109,43,1
113,112,109,99,98,95,113,112,109,120,119,116,42,2
113,112,109,113,112,109,125,123,121,113,112,109,22,1
125,123,121,113,112,109,122,121,118,113,112,109,32,1
113,112,109,125,123,121,113,112,109,102,101,98,24,1
113,112,109,113,112,109,113,112,109,125,123,121,55,2
113,112,109,99,98,95,113,112,109,115,114,111,7,2
113,112,109,113,112,109,113,112,109,108,106,104,15,1
113,112,109,99,98,95,113,112,109,122,121,118,10,2
113,112,109,113,112,109,113,112,109,113,112,109,17,2
113,112,109,113,112,109,113,112,109,99,98,95,45,1
99,98,95,113,112,109,125,123,121,113,112,109,44,1
113,112,109,113,112,109,113,112,109,120,119,116,20,2
113,112,109,113,112,109,110,109,106,113,112,109,49,2
125,123,121,113,112,109,110,109,106,113,112,109,27,2
113,112,109,125,123,121,113,112,109,108,106,104,26,1
99,98,95,113,112,109,108,106,104,113,112,109,4,2
113,112,109,113,112,109,118,116,114,113,112,109,19,1
113,112,109,125,123,121,113,112,109,113,112,109,61,2
99,98,95,113,112,109,118,116,114,113,112,109,41,1
113,112,109,113,112,109,113,112,109,113,112,109,50,1
113,112,109,125,123,121,113,112,109,99,98,95,23,1
113,112,109,113,112,109,113,112,109,110,109,106,16,1
125,123,121,113,112,109,99,98,95,113,112,109,56,2
113,112,109,113,112,109,113,112,109,105,104,101,47,1
99,98,95,113,112,109,99,98,95,113,112,109,1,2
113,112,109,113,112,109,122,121,118,113,112,109,54,1
113,112,109,113,112,109,113,112,109,115,114,111,51,2
125,123,121,113,112,109,120,119,116,113,112,109,31,1
113,112,109,125,123,121,113,112,109,110,109,106,60,1
113,112,109,113,112,109,113,112,109,118,116,114,52,2
99,98,95,113,112,109,99,98,95,113,112,109,34,2
113,112,109,99,98,95,113,112,109,108,106,104,37,1
113,112,109,125,123,121,113,112,109,118,116,114,63,2
113,112,109,99,98,95,113,112,109,105,104,101,36,1
113,112,109,125,123,121,113,112,109,125,123,121,33,2
113,112,109,113,112,109,122,121,118,113,112,109,21,1
99,98,95,113,112,109,125,123,121,113,112,109,11,1
113,112,109,125,123,121,113,112,109,122,121,118,65,2
113,112,109,125,123,121,113,112,109,125,123,121,66,2
113,112,109,99,98,95,113,112,109,113,112,109,39,2
113,112,109,99,98,95,113,112,109,110,109,106,5,1
113,112,109,99,98,95,113,112,109,115,114,111,40,2
113,112,109,99,98,95,113,112,109,120,119,116,9,2
113,112,109,125,123,121,113,112,109,102,101,98,57,1
113,112,109,113,112,109,113,112,109,105,104,101,14,1
113,112,109,99,98,95,113,112,109,113,112,109,6,2
99,98,95,113,112,109,118,116,114,113,112,109,8,1
113,112,109,125,123,121,113,112,109,108,106,104,59,1
125,123,121,113,112,109,113,112,109,113,112,109,28,1
113,112,109,113,112,109,108,106,104,113,112,109,48,2
113,112,109,113,112,109,99,98,95,113,112,109,12,2
113,112,109,125,123,121,113,112,109,105,104,101,25,1
113,112,109,125,123,121,113,112,109,118,116,114,30,2
99,98,95,113,112,109,110,109,106,113,112,109,38,2
113,112,109,99,98,95,113,112,109,105,104,101,3,1
113,112,109,99,98,95,113,112,109,102,101,98,2,1
113,112,109,125,123,121,113,112,109,115,114,111,29,2
113,112,109,113,112,109,113,112,109,120,119,116,53,2
113,112,109,113,112,109,115,114,111,113,112,109,18,1
125,123,121,113,112,109,120,119,116,113,112,109,64,1
113,112,109,113,112,109,113,112,109,102,101,98,13,1
