144,143,141,135,134,131,144,143,141,139,138,135,630,1
144,143,141,144,143,141,137,136,133,144,143,141,343,2
153,152,150,144,143,141,153,152,150,144,143,141,660,1
135,134,131,144,143,141,153,152,150,144,143,141,935,1
144,143,141,144,143,141,137,136,133,144,143,141,574,2
144,143,141,153,152,150,144,143,141,153,152,150,990,2
153,152,150,144,143,141,153,152,150,144,143,141,165,1
144,143,141,144,143,141,144,143,141,144,143,141,842,2
135,134,131,144,143,141,139,138,135,144,143,141,465,2
153,152,150,144,143,141,146,145,143,144,143,141,788,1
144,143,141,144,143,141,137,136,133,144,143,141,211,2
144,143,141,153,152,150,144,143,141,143,141,139,258,1
135,134,131,144,143,141,139,138,135,144,143,141,3,2
144,143,141,144,143,141,144,143,141,151,150,148,714,2
144,143,141,135,134,131,144,143,141,146,145,143,799,2
144,143,141,144,143,141,144,143,141,153,152,150,550,2
144,143,141,135,134,131,144,143,141,143,141,139,830,1
153,152,150,144,143,141,146,145,143,144,143,141,194,1
153,152,150,144,143,141,143,141,139,144,143,141,786,2
135,134,131,144,143,141,153,152,150,144,143,141,44,1
144,143,141,153,152,150,144,143,141,151,150,148,989,2
144,143,141,144,143,141,146,145,143,144,143,141,150,1
144,143,141,144,143,141,144,143,141,153,152,150,220,2
144,143,141,153,152,150,144,143,141,141,140,137,818,1
135,134,131,144,143,141,144,143,141,144,143,141,831,1
144,143,141,135,134,131,144,143,141,135,134,131,958,1
144,143,141,135,134,131,144,143,141,151,150,148,340,2
135,134,131,144,143,141,143,141,139,144,143,141,236,2
144,143,141,153,152,150,144,143,141,148,147,144,624,2
144,143,141,144,143,141,148,147,144,144,143,141,613,1
144,143,141,135,134,131,144,143,141,150,149,146,372,2
144,143,141,135,134,131,144,143,141,137,136,133,695,1
144,143,141,144,143,141,150,149,146,144,143,141,482,1
144,143,141,144,143,141,148,147,144,144,143,141,19,1
144,143,141,135,134,131,144,143,141,137,136,133,860,1
144,143,141,135,134,131,144,143,141,153,152,150,836,2
144,143,141,144,143,141,144,143,141,137,136,133,607,1
144,143,141,144,143,141,144,143,141,143,141,139,346,1
144,143,141,153,152,150,144,143,141,150,149,146,394,2
144,143,141,153,152,150,144,143,141,139,138,135,124,1
135,134,131,144,143,141,135,134,131,144,143,141,562,2
144,143,141,135,134,131,144,143,141,146,145,143,733,2
153,152,150,144,143,141,151,150,148,144,143,141,329,1
144,143,141,135,134,131,144,143,141,141,140,137,466,1
144,143,141,144,143,141,144,143,141,148,147,144,382,2
144,143,141,144,143,141,144,143,141,135,134,131,408,1
144,143,141,144,143,141,144,143,141,150,149,146,944,2
144,143,141,153,152,150,144,143,141,151,150,148,857,2
144,143,141,153,152,150,144,143,141,141,140,137,125,1
144,143,141,144,143,141,144,143,141,148,147,144,118,2
144,143,141,144,143,141,144,143,141,135,134,131,12,1
144,143,141,153,152,150,144,143,141,135,134,131,320,1
144,143,141,144,143,141,153,152,150,144,143,141,352,1
144,143,141,144,143,141,135,134,131,144,143,141,903,2
135,134,131,144,143,141,137,136,133,144,143,141,464,2
144,143,141,144,143,141,144,143,141,151,150,148,153,2
144,143,141,144,143,141,144,143,141,153,152,150,484,2
135,134,131,144,143,141,139,138,135,144,143,141,597,2
144,143,141,144,143,141,144,143,141,153,152,150,946,2
144,143,141,153,152,150,144,143,141,146,145,143,557,2
144,143,141,153,152,150,144,143,141,141,140,137,620,1
144,143,141,153,152,150,144,143,141,151,150,148,197,2
135,134,131,144,143,141,148,147,144,144,143,141,173,1
135,134,131,144,143,141,148,147,144,144,143,141,8,1
135,134,131,144,143,141,151,150,148,144,143,141,802,1
144,143,141,144,143,141,144,143,141,141,140,137,411,1
144,143,141,153,152,150,144,143,141,151,150,148,560,2
144,143,141,144,143,141,144,143,141,144,143,141,149,2
144,143,141,144,143,141,144,143,141,151,150,148,219,2
144,143,141,144,143,141,144,143,141,148,147,144,547,2
153,152,150,144,143,141,146,145,143,144,143,141,656,1
144,143,141,135,134,131,144,143,141,143,141,139,566,1
144,143,141,135,134,131,144,143,141,151,150,148,109,2
144,143,141,153,152,150,144,143,141,146,145,143,755,2
135,134,131,144,143,141,139,138,135,144,143,141,300,2
144,143,141,144,143,141,139,138,135,144,143,141,311,2
144,143,141,144,143,141,150,149,146,144,143,141,779,1
144,143,141,135,134,131,144,143,141,139,138,135,861,1
144,143,141,153,152,150,144,143,141,135,134,131,716,1
135,134,131,144,143,141,141,140,137,144,143,141,829,2
144,143,141,144,143,141,144,143,141,150,149,146,680,2
153,152,150,144,143,141,137,136,133,144,143,141,387,2
144,143,141,153,152,150,144,143,141,137,136,133,123,1
144,143,141,135,134,131,144,143,141,146,145,143,601,2
144,143,141,153,152,150,144,143,141,135,134,131,914,1
144,143,141,135,134,131,144,143,141,139,138,135,102,1
144,143,141,153,152,150,144,143,141,151,150,148,692,2
135,134,131,144,143,141,135,134,131,144,143,141,1,2
144,143,141,144,143,141,144,143,141,150,149,146,845,2
144,143,141,135,134,131,144,143,141,143,141,139,665,1
153,152,150,144,143,141,151,150,148,144,143,141,758,1
135,134,131,144,143,141,150,149,146,144,143,141,603,1
144,143,141,144,143,141,153,152,150,144,143,141,253,1
135,134,131,144,143,141,135,134,131,144,143,141,661,2
144,143,141,144,143,141,139,138,135,144,143,141,575,2
144,143,141,144,143,141,135,134,131,144,143,141,705,2
144,143,141,144,143,141,143,141,139,144,143,141,82,2
144,143,141,144,143,141,144,143,141,139,138,135,47,1
144,143,141,144,143,141,144,143,141,146,145,143,381,2
144,143,141,144,143,141,144,143,141,153,152,150,121,2
144,143,141,144,143,141,144,143,141,144,143,141,446,2
144,143,141,153,152,150,144,143,141,151,150,148,593,2
144,143,141,135,134,131,144,143,141,144,143,141,468,2
144,143,141,144,143,141,151,150,148,144,143,141,483,1
153,152,150,144,143,141,139,138,135,144,143,141,619,2
144,143,141,144,143,141,144,143,141,141,140,137,114,1
144,143,141,135,134,131,144,143,141,137,136,133,332,1
144,143,141,144,143,141,144,143,141,141,140,137,543,1
144,143,141,144,143,141,144,143,141,141,140,137,48,1
144,143,141,153,152,150,144,143,141,151,150,148,131,2
144,143,141,144,143,141,153,152,150,144,143,141,616,1
144,143,141,144,143,141,144,143,141,151,150,148,681,2
135,134,131,144,143,141,146,145,143,144,143,141,238,1
144,143,141,153,152,150,144,143,141,137,136,133,222,1
144,143,141,153,152,150,144,143,141,146,145,143,260,2
144,143,141,144,143,141,144,143,141,141,140,137,807,1
144,143,141,135,134,131,144,143,141,150,149,146,306,2
144,143,141,135,134,131,144,143,141,151,150,148,373,2
144,143,141,144,143,141,143,141,139,144,143,141,247,2
144,143,141,135,134,131,144,143,141,139,138,135,432,1
144,143,141,135,134,131,144,143,141,139,138,135,729,1
135,134,131,144,143,141,144,143,141,144,143,141,369,1
144,143,141,144,143,141,153,152,150,144,143,141,583,1
144,143,141,144,143,141,144,143,141,153,152,150,748,2
153,152,150,144,143,141,151,150,148,144,143,141,956,1
153,152,150,144,143,141,150,149,146,144,143,141,988,1
144,143,141,144,143,141,144,143,141,150,149,146,185,2
144,143,141,135,134,131,144,143,141,146,145,143,931,2
144,143,141,144,143,141,144,143,141,141,140,137,180,1
144,143,141,144,143,141,144,143,141,139,138,135,476,1
144,143,141,153,152,150,144,143,141,153,152,150,825,2
144,143,141,135,134,131,144,143,141,137,136,133,68,1
153,152,150,144,143,141,148,147,144,144,143,141,228,1
144,143,141,135,134,131,144,143,141,141,140,137,37,1
144,143,141,135,134,131,144,143,141,135,134,131,100,1
144,143,141,135,134,131,144,143,141,137,136,133,959,1
144,143,141,144,143,141,148,147,144,144,143,141,646,1
144,143,141,153,152,150,144,143,141,143,141,139,522,1
144,143,141,144,143,141,135,134,131,144,143,141,78,2
144,143,141,144,143,141,146,145,143,144,143,141,348,1
144,143,141,144,143,141,137,136,133,144,143,141,112,2
153,152,150,144,143,141,153,152,150,144,143,141,33,1
144,143,141,153,152,150,144,143,141,148,147,144,30,2
144,143,141,153,152,150,144,143,141,150,149,146,559,2
144,143,141,153,152,150,144,143,141,151,150,148,923,2
135,134,131,144,143,141,137,136,133,144,143,141,101,2
144,143,141,135,134,131,144,143,141,151,150,148,142,2
144,143,141,153,152,150,144,143,141,151,150,148,362,2
144,143,141,135,134,131,144,143,141,146,145,143,7,2
144,143,141,144,143,141,139,138,135,144,143,141,971,2
144,143,141,144,143,141,144,143,141,137,136,133,409,1
135,134,131,144,143,141,148,147,144,144,143,141,767,1
144,143,141,135,134,131,144,143,141,135,134,131,34,1
144,143,141,135,134,131,144,143,141,139,138,135,960,1
153,152,150,144,143,141,151,150,148,144,143,141,527,1
153,152,150,144,143,141,146,145,143,144,143,141,524,1
144,143,141,144,143,141,144,143,141,143,141,139,907,1
144,143,141,144,143,141,144,143,141,143,141,139,610,1
144,143,141,153,152,150,144,143,141,137,136,133,882,1
144,143,141,153,152,150,144,143,141,139,138,135,25,1
144,143,141,135,134,131,144,143,141,139,138,135,69,1
135,134,131,144,143,141,141,140,137,144,143,141,202,2
144,143,141,135,134,131,144,143,141,148,147,144,866,2
153,152,150,144,143,141,141,140,137,144,143,141,59,2
144,143,141,144,143,141,148,147,144,144,143,141,514,1
144,143,141,153,152,150,144,143,141,153,152,150,66,2
144,143,141,144,143,141,143,141,139,144,143,141,313,2
144,143,141,144,143,141,143,141,139,144,143,141,445,2
153,152,150,144,143,141,146,145,143,144,143,141,293,1
144,143,141,144,143,141,144,143,141,135,134,131,441,1
135,134,131,144,143,141,148,147,144,144,143,141,734,1
144,143,141,144,143,141,144,143,141,143,141,139,841,1
144,143,141,135,134,131,144,143,141,144,143,141,6,2
144,143,141,135,134,131,144,143,141,148,147,144,602,2
144,143,141,144,143,141,151,150,148,144,143,141,747,1
144,143,141,144,143,141,144,143,141,144,143,141,479,2
144,143,141,144,143,141,144,143,141,146,145,143,513,2
153,152,150,144,143,141,137,136,133,144,143,141,948,2
144,143,141,153,152,150,144,143,141,151,150,148,65,2
144,143,141,144,143,141,144,143,141,139,138,135,113,1
144,143,141,153,152,150,144,143,141,150,149,146,922,2
135,134,131,144,143,141,143,141,139,144,143,141,863,2
144,143,141,135,134,131,144,143,141,153,152,150,77,2
135,134,131,144,143,141,141,140,137,144,143,141,895,2
144,143,141,153,152,150,144,143,141,144,143,141,226,2
144,143,141,135,134,131,144,143,141,137,136,133,893,1
153,152,150,144,143,141,135,134,131,144,143,141,89,2
144,143,141,153,152,150,144,143,141,141,140,137,158,1
135,134,131,144,143,141,153,152,150,144,143,141,539,1
153,152,150,144,143,141,153,152,150,144,143,141,198,1
144,143,141,135,134,131,144,143,141,135,134,131,463,1
144,143,141,153,152,150,144,143,141,139,138,135,157,1
144,143,141,135,134,131,144,143,141,144,143,141,567,2
153,152,150,144,143,141,150,149,146,144,143,141,295,1
153,152,150,144,143,141,137,136,133,144,143,141,57,2
144,143,141,144,143,141,144,143,141,144,143,141,974,2
153,152,150,144,143,141,139,138,135,144,143,141,685,2
144,143,141,153,152,150,144,143,141,146,145,143,128,2
153,152,150,144,143,141,139,138,135,144,143,141,520,2
144,143,141,135,134,131,144,143,141,150,149,146,240,2
144,143,141,153,152,150,144,143,141,139,138,135,883,1
153,152,150,144,143,141,135,134,131,144,143,141,254,2
153,152,150,144,143,141,150,149,146,144,143,141,724,1
135,134,131,144,143,141,146,145,143,144,143,141,667,1
144,143,141,144,143,141,141,140,137,144,143,141,774,2
144,143,141,144,143,141,143,141,139,144,143,141,775,2
144,143,141,135,134,131,144,143,141,148,147,144,635,2
135,134,131,144,143,141,148,147,144,144,143,141,833,1
153,152,150,144,143,141,143,141,139,144,143,141,192,2
153,152,150,144,143,141,153,152,150,144,143,141,297,1
153,152,150,144,143,141,151,150,148,144,143,141,428,1
144,143,141,135,134,131,144,143,141,141,140,137,103,1
144,143,141,135,134,131,144,143,141,150,149,146,735,2
153,152,150,144,143,141,135,134,131,144,143,141,947,2
144,143,141,144,143,141,144,143,141,151,150,148,879,2
144,143,141,144,143,141,144,143,141,151,150,148,285,2
144,143,141,144,143,141,137,136,133,144,143,141,244,2
135,134,131,144,143,141,139,138,135,144,143,141,696,2
144,143,141,144,143,141,144,143,141,144,143,141,50,1
144,143,141,153,152,150,144,143,141,141,140,137,356,1
153,152,150,144,143,141,153,152,150,144,143,141,231,1
153,152,150,144,143,141,150,149,146,144,143,141,361,1
144,143,141,153,152,150,144,143,141,137,136,133,585,1
153,152,150,144,143,141,150,149,146,144,143,141,625,1
135,134,131,144,143,141,139,138,135,144,143,141,795,2
144,143,141,144,143,141,150,149,146,144,143,141,218,1
144,143,141,144,143,141,144,143,141,143,141,139,709,1
153,152,150,144,143,141,148,147,144,144,143,141,690,1
144,143,141,144,143,141,144,143,141,148,147,144,349,2
153,152,150,144,143,141,150,149,146,144,143,141,130,1
144,143,141,135,134,131,144,143,141,143,141,139,5,1
144,143,141,144,143,141,144,143,141,141,140,137,675,1
153,152,150,144,143,141,146,145,143,144,143,141,458,1
135,134,131,144,143,141,139,138,135,144,143,141,564,2
144,143,141,144,143,141,144,143,141,148,147,144,844,2
144,143,141,153,152,150,144,143,141,151,150,148,791,2
144,143,141,153,152,150,144,143,141,141,140,137,224,1
144,143,141,135,134,131,144,143,141,135,134,131,364,1
153,152,150,144,143,141,144,143,141,144,143,141,919,1
153,152,150,144,143,141,148,147,144,144,143,141,822,1
144,143,141,135,134,131,144,143,141,146,145,143,535,2
144,143,141,144,143,141,144,143,141,137,136,133,79,1
153,152,150,144,143,141,143,141,139,144,143,141,951,2
144,143,141,135,134,131,144,143,141,151,150,148,538,2
144,143,141,144,143,141,137,136,133,144,143,141,640,2
144,143,141,144,143,141,144,143,141,150,149,146,416,2
144,143,141,144,143,141,144,143,141,150,149,146,746,2
153,152,150,144,143,141,150,149,146,144,143,141,163,1
144,143,141,135,134,131,144,143,141,139,138,135,267,1
153,152,150,144,143,141,153,152,150,144,143,141,627,1
144,143,141,144,143,141,144,143,141,150,149,146,581,2
144,143,141,135,134,131,144,143,141,135,134,131,826,1
135,134,131,144,143,141,150,149,146,144,143,141,801,1
144,143,141,153,152,150,144,143,141,143,141,139,159,1
144,143,141,135,134,131,144,143,141,146,145,143,73,2
144,143,141,135,134,131,144,143,141,144,143,141,72,2
144,143,141,144,143,141,146,145,143,144,143,141,975,1
144,143,141,153,152,150,144,143,141,144,143,141,193,2
144,143,141,144,143,141,144,143,141,151,150,148,87,2
144,143,141,144,143,141,139,138,135,144,143,141,212,2
144,143,141,144,143,141,139,138,135,144,143,141,443,2
153,152,150,144,143,141,151,150,148,144,143,141,890,1
144,143,141,144,143,141,144,143,141,148,147,144,976,2
144,143,141,144,143,141,146,145,143,144,143,141,744,1
144,143,141,144,143,141,144,143,141,146,145,143,51,2
144,143,141,144,143,141,144,143,141,144,143,141,281,2
144,143,141,144,143,141,135,134,131,144,143,141,837,2
144,143,141,135,134,131,144,143,141,137,136,133,365,1
153,152,150,144,143,141,141,140,137,144,143,141,554,2
144,143,141,144,143,141,144,143,141,137,136,133,46,1
135,134,131,144,143,141,144,143,141,144,143,141,270,1
144,143,141,144,143,141,144,143,141,137,136,133,805,1
144,143,141,144,143,141,144,143,141,151,150,148,318,2
144,143,141,153,152,150,144,143,141,146,145,143,491,2
135,134,131,144,143,141,153,152,150,144,143,141,473,1
135,134,131,144,143,141,137,136,133,144,143,141,233,2
153,152,150,144,143,141,143,141,139,144,143,141,324,2
135,134,131,144,143,141,153,152,150,144,143,141,242,1
144,143,141,153,152,150,144,143,141,141,140,137,488,1
144,143,141,153,152,150,144,143,141,153,152,150,462,2
135,134,131,144,143,141,143,141,139,144,143,141,698,2
144,143,141,153,152,150,144,143,141,135,134,131,551,1
144,143,141,144,143,141,148,147,144,144,143,141,151,1
144,143,141,135,134,131,144,143,141,139,138,135,333,1
153,152,150,144,143,141,139,138,135,144,143,141,817,2
144,143,141,144,143,141,144,143,141,143,141,139,379,1
153,152,150,144,143,141,151,150,148,144,143,141,98,1
144,143,141,153,152,150,144,143,141,150,149,146,229,2
144,143,141,135,134,131,144,143,141,135,134,131,694,1
144,143,141,153,152,150,144,143,141,139,138,135,718,1
144,143,141,153,152,150,144,143,141,137,136,133,321,1
153,152,150,144,143,141,144,143,141,144,143,141,391,1
144,143,141,153,152,150,144,143,141,137,136,133,783,1
144,143,141,144,143,141,135,134,131,144,143,141,309,2
153,152,150,144,143,141,135,134,131,144,143,141,683,2
144,143,141,153,152,150,144,143,141,143,141,139,456,1
144,143,141,135,134,131,144,143,141,144,143,141,171,2
144,143,141,153,152,150,144,143,141,148,147,144,96,2
135,134,131,144,143,141,135,134,131,144,143,141,166,2
144,143,141,153,152,150,144,143,141,139,138,135,553,1
144,143,141,153,152,150,144,143,141,148,147,144,129,2
153,152,150,144,143,141,153,152,150,144,143,141,726,1
144,143,141,153,152,150,144,143,141,137,136,133,189,1
144,143,141,144,143,141,144,143,141,135,134,131,738,1
144,143,141,153,152,150,144,143,141,153,152,150,330,2
135,134,131,144,143,141,151,150,148,144,143,141,406,1
135,134,131,144,143,141,137,136,133,144,143,141,728,2
135,134,131,144,143,141,150,149,146,144,143,141,570,1
144,143,141,153,152,150,144,143,141,150,149,146,328,2
144,143,141,144,143,141,135,134,131,144,143,141,375,2
144,143,141,144,143,141,144,143,141,139,138,135,344,1
144,143,141,153,152,150,144,143,141,135,134,131,287,1
153,152,150,144,143,141,141,140,137,144,143,141,884,2
153,152,150,144,143,141,135,134,131,144,143,141,155,2
135,134,131,144,143,141,150,149,146,144,143,141,174,1
144,143,141,153,152,150,144,143,141,151,150,148,461,2
135,134,131,144,143,141,139,138,135,144,143,141,366,2
144,143,141,144,143,141,144,143,141,148,147,144,250,2
144,143,141,144,143,141,151,150,148,144,143,141,186,1
144,143,141,144,143,141,153,152,150,144,143,141,715,1
144,143,141,153,152,150,144,143,141,139,138,135,784,1
144,143,141,135,134,131,144,143,141,153,152,150,572,2
144,143,141,153,152,150,144,143,141,144,143,141,853,2
144,143,141,144,143,141,144,143,141,150,149,146,152,2
135,134,131,144,143,141,137,136,133,144,143,141,497,2
144,143,141,135,134,131,144,143,141,153,152,150,440,2
144,143,141,144,143,141,144,143,141,135,134,131,672,1
144,143,141,144,143,141,151,150,148,144,143,141,54,1
144,143,141,135,134,131,144,143,141,150,149,146,405,2
135,134,131,144,143,141,135,134,131,144,143,141,793,2
144,143,141,153,152,150,144,143,141,148,147,144,558,2
144,143,141,135,134,131,144,143,141,144,143,141,963,2
144,143,141,153,152,150,144,143,141,153,152,150,792,2
144,143,141,144,143,141,139,138,135,144,143,141,377,2
144,143,141,153,152,150,144,143,141,137,136,133,717,1
144,143,141,135,134,131,144,143,141,151,150,148,274,2
153,152,150,144,143,141,144,143,141,144,143,141,127,1
153,152,150,144,143,141,143,141,139,144,143,141,291,2
144,143,141,144,143,141,144,143,141,139,138,135,773,1
144,143,141,135,134,131,144,143,141,139,138,135,894,1
144,143,141,144,143,141,144,143,141,151,150,148,417,2
153,152,150,144,143,141,146,145,143,144,143,141,29,1
135,134,131,144,143,141,141,140,137,144,143,141,763,2
144,143,141,135,134,131,144,143,141,153,152,150,770,2
135,134,131,144,143,141,144,143,141,144,143,141,435,1
144,143,141,135,134,131,144,143,141,148,147,144,668,2
153,152,150,144,143,141,143,141,139,144,143,141,60,2
144,143,141,135,134,131,144,143,141,148,147,144,41,2
135,134,131,144,143,141,141,140,137,144,143,141,136,2
153,152,150,144,143,141,144,143,141,144,143,141,622,1
135,134,131,144,143,141,153,152,150,144,143,141,407,1
153,152,150,144,143,141,144,143,141,144,143,141,259,1
135,134,131,144,143,141,144,143,141,144,143,141,732,1
144,143,141,135,134,131,144,143,141,143,141,139,731,1
153,152,150,144,143,141,150,149,146,144,143,141,97,1
144,143,141,153,152,150,144,143,141,141,140,137,26,1
153,152,150,144,143,141,135,134,131,144,143,141,386,2
144,143,141,144,143,141,144,143,141,153,152,150,847,2
144,143,141,144,143,141,144,143,141,151,150,148,351,2
135,134,131,144,143,141,146,145,143,144,143,141,139,1
153,152,150,144,143,141,139,138,135,144,143,141,322,2
144,143,141,144,143,141,144,143,141,139,138,135,938,1
135,134,131,144,143,141,141,140,137,144,143,141,301,2
153,152,150,144,143,141,146,145,143,144,143,141,722,1
144,143,141,153,152,150,144,143,141,141,140,137,521,1
144,143,141,144,143,141,144,143,141,144,143,141,17,1
153,152,150,144,143,141,137,136,133,144,143,141,750,2
144,143,141,144,143,141,144,143,141,144,143,141,545,1
144,143,141,144,143,141,144,143,141,150,149,146,911,2
144,143,141,135,134,131,144,143,141,139,138,135,168,1
144,143,141,144,143,141,144,143,141,148,147,144,778,2
135,134,131,144,143,141,144,143,141,144,143,141,237,1
144,143,141,144,143,141,137,136,133,144,143,141,541,2
144,143,141,153,152,150,144,143,141,143,141,139,984,1
135,134,131,144,143,141,146,145,143,144,143,141,832,1
135,134,131,144,143,141,143,141,139,144,143,141,71,2
135,134,131,144,143,141,144,143,141,144,143,141,765,1
144,143,141,135,134,131,144,143,141,146,145,143,700,2
153,152,150,144,143,141,146,145,143,144,143,141,227,1
144,143,141,144,143,141,144,143,141,146,145,143,777,2
144,143,141,153,152,150,144,143,141,139,138,135,982,1
144,143,141,144,143,141,151,150,148,144,143,141,582,1
153,152,150,144,143,141,144,143,141,144,143,141,490,1
135,134,131,144,143,141,144,143,141,144,143,141,534,1
135,134,131,144,143,141,148,147,144,144,143,141,569,1
144,143,141,144,143,141,144,143,141,135,134,131,342,1
144,143,141,144,143,141,144,143,141,151,150,148,648,2
135,134,131,144,143,141,150,149,146,144,143,141,933,1
135,134,131,144,143,141,151,150,148,144,143,141,835,1
144,143,141,144,143,141,144,143,141,135,134,131,45,1
144,143,141,144,143,141,144,143,141,137,136,133,838,1
135,134,131,144,143,141,146,145,143,144,143,141,205,1
144,143,141,144,143,141,148,147,144,144,143,141,52,1
144,143,141,144,143,141,144,143,141,141,140,137,840,1
135,134,131,144,143,141,150,149,146,144,143,141,834,1
144,143,141,144,143,141,146,145,143,144,143,141,84,1
144,143,141,153,152,150,144,143,141,151,150,148,395,2
144,143,141,144,143,141,150,149,146,144,143,141,119,1
144,143,141,144,143,141,144,143,141,144,143,141,644,1
144,143,141,135,134,131,144,143,141,135,134,131,925,1
135,134,131,144,143,141,143,141,139,144,143,141,797,2
144,143,141,135,134,131,144,143,141,146,145,143,271,2
144,143,141,144,143,141,144,143,141,150,149,146,251,2
135,134,131,144,143,141,151,150,148,144,143,141,76,1
144,143,141,153,152,150,144,143,141,148,147,144,789,2
135,134,131,144,143,141,135,134,131,144,143,141,529,2
135,134,131,144,143,141,150,149,146,144,143,141,9,1
144,143,141,144,143,141,150,149,146,144,143,141,812,1
153,152,150,144,143,141,141,140,137,144,143,141,455,2
144,143,141,144,143,141,153,152,150,144,143,141,418,1
153,152,150,144,143,141,137,136,133,144,143,141,453,2
135,134,131,144,143,141,137,136,133,144,143,141,530,2
144,143,141,135,134,131,144,143,141,148,147,144,239,2
153,152,150,144,143,141,150,149,146,144,143,141,955,1
144,143,141,144,143,141,150,149,146,144,143,141,977,1
153,152,150,144,143,141,135,134,131,144,143,141,221,2
144,143,141,135,134,131,144,143,141,151,150,148,241,2
144,143,141,153,152,150,144,143,141,144,143,141,655,2
144,143,141,153,152,150,144,143,141,150,149,146,889,2
144,143,141,153,152,150,144,143,141,146,145,143,161,2
144,143,141,144,143,141,137,136,133,144,143,141,145,2
144,143,141,153,152,150,144,143,141,143,141,139,654,1
153,152,150,144,143,141,143,141,139,144,143,141,720,2
144,143,141,144,143,141,144,143,141,141,140,137,510,1
144,143,141,135,134,131,144,143,141,135,134,131,859,1
144,143,141,144,143,141,144,143,141,139,138,135,707,1
144,143,141,144,143,141,141,140,137,144,143,141,81,2
144,143,141,153,152,150,144,143,141,144,143,141,754,2
144,143,141,144,143,141,139,138,135,144,143,141,245,2
153,152,150,144,143,141,144,143,141,144,143,141,886,1
144,143,141,144,143,141,144,143,141,137,136,133,178,1
144,143,141,144,143,141,151,150,148,144,143,141,813,1
144,143,141,144,143,141,141,140,137,144,143,141,972,2
144,143,141,153,152,150,144,143,141,143,141,139,819,1
144,143,141,135,134,131,144,143,141,151,150,148,43,2
144,143,141,144,143,141,144,143,141,141,140,137,477,1
144,143,141,135,134,131,144,143,141,153,152,150,374,2
144,143,141,135,134,131,144,143,141,141,140,137,664,1
144,143,141,144,143,141,150,149,146,144,143,141,317,1
144,143,141,144,143,141,146,145,143,144,143,141,315,1
144,143,141,144,143,141,143,141,139,144,143,141,973,2
144,143,141,144,143,141,139,138,135,144,143,141,146,2
144,143,141,144,143,141,151,150,148,144,143,141,780,1
144,143,141,144,143,141,144,143,141,135,134,131,111,1
144,143,141,153,152,150,144,143,141,141,140,137,92,1
135,134,131,144,143,141,153,152,150,144,143,141,968,1
135,134,131,144,143,141,137,136,133,144,143,141,200,2
144,143,141,144,143,141,144,143,141,143,141,139,181,1
135,134,131,144,143,141,150,149,146,144,143,141,966,1
144,143,141,144,143,141,144,143,141,151,150,148,21,2
144,143,141,153,152,150,144,143,141,141,140,137,653,1
144,143,141,144,143,141,144,143,141,150,149,146,878,2
144,143,141,144,143,141,144,143,141,144,143,141,83,2
144,143,141,144,143,141,144,143,141,151,150,148,450,2
144,143,141,153,152,150,144,143,141,146,145,143,326,2
144,143,141,144,143,141,144,143,141,135,134,131,870,1
144,143,141,144,143,141,144,143,141,139,138,135,608,1
144,143,141,153,152,150,144,143,141,137,136,133,156,1
144,143,141,144,143,141,144,143,141,146,145,143,876,2
144,143,141,153,152,150,144,143,141,137,136,133,552,1
144,143,141,153,152,150,144,143,141,144,143,141,688,2
144,143,141,153,152,150,144,143,141,139,138,135,652,1
153,152,150,144,143,141,151,150,148,144,143,141,626,1
144,143,141,144,143,141,150,149,146,144,143,141,515,1
144,143,141,153,152,150,144,143,141,141,140,137,290,1
135,134,131,144,143,141,141,140,137,144,143,141,400,2
153,152,150,144,143,141,139,138,135,144,143,141,916,2
144,143,141,135,134,131,144,143,141,148,147,144,338,2
144,143,141,135,134,131,144,143,141,153,152,150,803,2
135,134,131,144,143,141,141,140,137,144,143,141,697,2
144,143,141,153,152,150,144,143,141,135,134,131,881,1
153,152,150,144,143,141,139,138,135,144,143,141,421,2
135,134,131,144,143,141,146,145,143,144,143,141,634,1
153,152,150,144,143,141,141,140,137,144,143,141,752,2
144,143,141,135,134,131,144,143,141,146,145,143,370,2
144,143,141,144,143,141,153,152,150,144,143,141,880,1
144,143,141,144,143,141,144,143,141,141,140,137,345,1
144,143,141,144,143,141,144,143,141,153,152,150,22,2
135,134,131,144,143,141,144,143,141,144,143,141,699,1
135,134,131,144,143,141,150,149,146,144,143,141,768,1
153,152,150,144,143,141,148,147,144,144,143,141,492,1
144,143,141,153,152,150,144,143,141,146,145,143,821,2
135,134,131,144,143,141,144,143,141,144,143,141,633,1
144,143,141,144,143,141,144,143,141,148,147,144,448,2
144,143,141,144,143,141,150,149,146,144,143,141,614,1
135,134,131,144,143,141,153,152,150,144,143,141,209,1
144,143,141,153,152,150,144,143,141,135,134,131,485,1
144,143,141,144,143,141,148,147,144,144,143,141,415,1
135,134,131,144,143,141,143,141,139,144,143,141,764,2
135,134,131,144,143,141,141,140,137,144,143,141,532,2
144,143,141,144,143,141,144,143,141,144,143,141,314,2
153,152,150,144,143,141,148,147,144,144,143,141,459,1
144,143,141,144,143,141,144,143,141,144,143,141,941,2
144,143,141,135,134,131,144,143,141,143,141,139,896,1
144,143,141,144,143,141,144,143,141,135,134,131,573,1
135,134,131,144,143,141,137,136,133,144,143,141,596,2
135,134,131,144,143,141,143,141,139,144,143,141,434,2
144,143,141,144,143,141,144,143,141,148,147,144,811,2
135,134,131,144,143,141,144,143,141,144,143,141,666,1
144,143,141,135,134,131,144,143,141,144,143,141,798,2
144,143,141,144,143,141,135,134,131,144,143,141,804,2
144,143,141,144,143,141,143,141,139,144,143,141,16,2
135,134,131,144,143,141,137,136,133,144,143,141,629,2
144,143,141,135,134,131,144,143,141,150,149,146,471,2
144,143,141,153,152,150,144,143,141,144,143,141,589,2
144,143,141,144,143,141,146,145,143,144,143,141,480,1
153,152,150,144,143,141,150,149,146,144,143,141,790,1
144,143,141,144,143,141,144,143,141,150,149,146,53,2
144,143,141,144,143,141,144,143,141,148,147,144,217,2
135,134,131,144,143,141,137,136,133,144,143,141,827,2
135,134,131,144,143,141,144,143,141,144,143,141,204,1
144,143,141,144,143,141,139,138,135,144,143,141,905,2
153,152,150,144,143,141,151,150,148,144,143,141,824,1
144,143,141,135,134,131,144,143,141,139,138,135,201,1
135,134,131,144,143,141,148,147,144,144,143,141,899,1
135,134,131,144,143,141,146,145,143,144,143,141,403,1
135,134,131,144,143,141,143,141,139,144,143,141,104,2
144,143,141,144,143,141,151,150,148,144,143,141,549,1
144,143,141,153,152,150,144,143,141,141,140,137,686,1
144,143,141,144,143,141,144,143,141,137,136,133,13,1
135,134,131,144,143,141,144,143,141,144,143,141,930,1
135,134,131,144,143,141,141,140,137,144,143,141,730,2
135,134,131,144,143,141,135,134,131,144,143,141,199,2
144,143,141,153,152,150,144,143,141,148,147,144,591,2
135,134,131,144,143,141,148,147,144,144,143,141,107,1
153,152,150,144,143,141,141,140,137,144,143,141,323,2
135,134,131,144,143,141,135,134,131,144,143,141,760,2
144,143,141,144,143,141,141,140,137,144,143,141,147,2
144,143,141,144,143,141,144,143,141,137,136,133,376,1
144,143,141,144,143,141,144,143,141,144,143,141,908,2
135,134,131,144,143,141,135,134,131,144,143,141,232,2
144,143,141,144,143,141,144,143,141,146,145,143,843,2
144,143,141,153,152,150,144,143,141,148,147,144,360,2
153,152,150,144,143,141,144,143,141,144,143,141,160,1
153,152,150,144,143,141,148,147,144,144,143,141,525,1
144,143,141,144,143,141,144,143,141,135,134,131,936,1
135,134,131,144,143,141,151,150,148,144,143,141,670,1
135,134,131,144,143,141,153,152,150,144,143,141,671,1
144,143,141,135,134,131,144,143,141,143,141,139,467,1
135,134,131,144,143,141,150,149,146,144,143,141,273,1
135,134,131,144,143,141,135,134,131,144,143,141,298,2
144,143,141,153,152,150,144,143,141,143,141,139,918,1
144,143,141,153,152,150,144,143,141,139,138,135,388,1
144,143,141,153,152,150,144,143,141,153,152,150,363,2
153,152,150,144,143,141,141,140,137,144,143,141,950,2
144,143,141,153,152,150,144,143,141,150,149,146,493,2
135,134,131,144,143,141,151,150,148,144,143,141,736,1
144,143,141,144,143,141,137,136,133,144,143,141,673,2
153,152,150,144,143,141,135,134,131,144,143,141,650,2
144,143,141,153,152,150,144,143,141,143,141,139,555,1
144,143,141,144,143,141,144,143,141,153,152,150,319,2
135,134,131,144,143,141,151,150,148,144,143,141,703,1
153,152,150,144,143,141,139,138,135,144,143,141,190,2
144,143,141,144,143,141,144,143,141,141,140,137,15,1
135,134,131,144,143,141,141,140,137,144,143,141,367,2
135,134,131,144,143,141,148,147,144,144,143,141,701,1
144,143,141,153,152,150,144,143,141,151,150,148,659,2
135,134,131,144,143,141,146,145,143,144,143,141,106,1
144,143,141,144,143,141,144,143,141,143,141,139,874,1
144,143,141,144,143,141,144,143,141,153,152,150,913,2
144,143,141,144,143,141,144,143,141,153,152,150,979,2
144,143,141,144,143,141,144,143,141,137,136,133,904,1
144,143,141,144,143,141,146,145,143,144,143,141,117,1
144,143,141,144,143,141,146,145,143,144,143,141,612,1
144,143,141,144,143,141,139,138,135,144,143,141,641,2
135,134,131,144,143,141,143,141,139,144,143,141,38,2
144,143,141,144,143,141,144,143,141,143,141,139,643,1
135,134,131,144,143,141,143,141,139,144,143,141,929,2
144,143,141,153,152,150,144,143,141,144,143,141,325,2
135,134,131,144,143,141,148,147,144,144,143,141,74,1
153,152,150,144,143,141,146,145,143,144,143,141,887,1
135,134,131,144,143,141,146,145,143,144,143,141,304,1
153,152,150,144,143,141,148,147,144,144,143,141,888,1
144,143,141,135,134,131,144,143,141,139,138,135,498,1
144,143,141,144,143,141,144,143,141,153,152,150,814,2
153,152,150,144,143,141,146,145,143,144,143,141,359,1
144,143,141,144,143,141,144,143,141,141,140,137,939,1
144,143,141,144,143,141,153,152,150,144,143,141,154,1
144,143,141,144,143,141,137,136,133,144,143,141,310,2
144,143,141,153,152,150,144,143,141,148,147,144,921,2
144,143,141,153,152,150,144,143,141,146,145,143,590,2
144,143,141,144,143,141,144,143,141,144,143,141,182,2
144,143,141,144,143,141,144,143,141,148,147,144,481,2
144,143,141,144,143,141,144,143,141,141,140,137,213,1
135,134,131,144,143,141,137,136,133,144,143,141,134,2
144,143,141,144,143,141,144,143,141,146,145,143,18,2
153,152,150,144,143,141,143,141,139,144,143,141,357,2
135,134,131,144,143,141,143,141,139,144,143,141,401,2
144,143,141,144,143,141,135,134,131,144,143,141,243,2
153,152,150,144,143,141,141,140,137,144,143,141,422,2
135,134,131,144,143,141,153,152,150,144,143,141,605,1
144,143,141,153,152,150,144,143,141,143,141,139,588,1
144,143,141,144,143,141,144,143,141,137,136,133,277,1
153,152,150,144,143,141,151,150,148,144,143,141,725,1
144,143,141,135,134,131,144,143,141,146,145,143,898,2
153,152,150,144,143,141,148,147,144,144,143,141,162,1
135,134,131,144,143,141,141,140,137,144,143,141,433,2
135,134,131,144,143,141,150,149,146,144,143,141,438,1
144,143,141,135,134,131,144,143,141,146,145,143,172,2
144,143,141,153,152,150,144,143,141,153,152,150,924,2
144,143,141,144,143,141,151,150,148,144,143,141,846,1
144,143,141,144,143,141,139,138,135,144,143,141,509,2
144,143,141,144,143,141,143,141,139,144,143,141,544,2
135,134,131,144,143,141,151,150,148,144,143,141,439,1
144,143,141,144,143,141,144,143,141,151,150,148,252,2
144,143,141,153,152,150,144,143,141,146,145,143,623,2
153,152,150,144,143,141,139,138,135,144,143,141,256,2
144,143,141,153,152,150,144,143,141,146,145,143,95,2
153,152,150,144,143,141,141,140,137,144,143,141,257,2
135,134,131,144,143,141,137,136,133,144,143,141,2,2
144,143,141,153,152,150,144,143,141,144,143,141,292,2
135,134,131,144,143,141,151,150,148,144,143,141,175,1
144,143,141,135,134,131,144,143,141,153,152,150,308,2
153,152,150,144,143,141,144,143,141,144,143,141,424,1
135,134,131,144,143,141,139,138,135,144,143,141,234,2
144,143,141,135,134,131,144,143,141,151,150,148,604,2
144,143,141,153,152,150,144,143,141,151,150,148,164,2
144,143,141,153,152,150,144,143,141,137,136,133,684,1
144,143,141,135,134,131,144,143,141,144,143,141,402,2
144,143,141,153,152,150,144,143,141,146,145,143,425,2
144,143,141,144,143,141,144,143,141,143,141,139,214,1
144,143,141,153,152,150,144,143,141,146,145,143,854,2
144,143,141,144,143,141,150,149,146,144,143,141,449,1
144,143,141,153,152,150,144,143,141,148,147,144,723,2
144,143,141,144,143,141,144,143,141,144,143,141,677,2
153,152,150,144,143,141,143,141,139,144,143,141,225,2
144,143,141,144,143,141,143,141,139,144,143,141,676,2
144,143,141,153,152,150,144,143,141,153,152,150,891,2
144,143,141,144,143,141,146,145,143,144,143,141,942,1
144,143,141,144,143,141,144,143,141,148,147,144,943,2
144,143,141,144,143,141,150,149,146,144,143,141,383,1
144,143,141,153,152,150,144,143,141,148,147,144,393,2
135,134,131,144,143,141,137,136,133,144,143,141,431,2
144,143,141,144,143,141,143,141,139,144,143,141,940,2
144,143,141,144,143,141,150,149,146,144,143,141,20,1
144,143,141,153,152,150,144,143,141,135,134,131,584,1
153,152,150,144,143,141,144,143,141,144,143,141,820,1
144,143,141,135,134,131,144,143,141,150,149,146,504,2
144,143,141,144,143,141,144,143,141,146,145,143,414,2
144,143,141,153,152,150,144,143,141,151,150,148,32,2
144,143,141,144,143,141,139,138,135,144,143,141,179,2
144,143,141,144,143,141,139,138,135,144,143,141,542,2
153,152,150,144,143,141,137,136,133,144,143,141,90,2
144,143,141,135,134,131,144,143,141,151,150,148,901,2
144,143,141,144,143,141,144,143,141,144,143,141,215,2
135,134,131,144,143,141,135,134,131,144,143,141,67,2
144,143,141,144,143,141,150,149,146,144,143,141,647,1
144,143,141,144,143,141,148,147,144,144,143,141,283,1
153,152,150,144,143,141,139,138,135,144,143,141,58,2
144,143,141,144,143,141,144,143,141,137,136,133,442,1
135,134,131,144,143,141,143,141,139,144,143,141,533,2
144,143,141,153,152,150,144,143,141,150,149,146,823,2
135,134,131,144,143,141,148,147,144,144,143,141,272,1
144,143,141,144,143,141,144,143,141,144,143,141,743,2
144,143,141,144,143,141,144,143,141,146,145,143,546,2
153,152,150,144,143,141,148,147,144,144,143,141,195,1
135,134,131,144,143,141,150,149,146,144,143,141,867,1
144,143,141,144,143,141,141,140,137,144,143,141,279,2
144,143,141,135,134,131,144,143,141,148,147,144,404,2
144,143,141,144,143,141,144,143,141,143,141,139,412,1
153,152,150,144,143,141,135,134,131,144,143,141,419,2
144,143,141,144,143,141,135,134,131,144,143,141,144,2
144,143,141,153,152,150,144,143,141,139,138,135,355,1
153,152,150,144,143,141,150,149,146,144,143,141,592,1
144,143,141,144,143,141,146,145,143,144,143,141,711,1
144,143,141,144,143,141,144,143,141,141,140,137,906,1
144,143,141,144,143,141,146,145,143,144,143,141,645,1
144,143,141,135,134,131,144,143,141,148,147,144,437,2
135,134,131,144,143,141,135,134,131,144,143,141,628,2
144,143,141,153,152,150,144,143,141,151,150,148,296,2
135,134,131,144,143,141,146,145,143,144,143,141,469,1
153,152,150,144,143,141,144,143,141,144,143,141,28,1
144,143,141,144,143,141,144,143,141,141,140,137,609,1
144,143,141,153,152,150,144,143,141,135,134,131,782,1
144,143,141,153,152,150,144,143,141,150,149,146,757,2
144,143,141,135,134,131,144,143,141,137,136,133,794,1
144,143,141,144,143,141,144,143,141,144,143,141,578,1
144,143,141,135,134,131,144,143,141,146,145,143,436,2
144,143,141,144,143,141,144,143,141,141,140,137,642,1
144,143,141,153,152,150,144,143,141,150,149,146,856,2
144,143,141,153,152,150,144,143,141,153,152,150,396,2
144,143,141,144,143,141,144,143,141,141,140,137,873,1
135,134,131,144,143,141,143,141,139,144,143,141,599,2
144,143,141,153,152,150,144,143,141,148,147,144,261,2
144,143,141,135,134,131,144,143,141,150,149,146,75,2
144,143,141,144,143,141,144,143,141,143,141,139,148,1
135,134,131,144,143,141,146,145,143,144,143,141,337,1
153,152,150,144,143,141,151,150,148,144,143,141,494,1
144,143,141,153,152,150,144,143,141,139,138,135,289,1
144,143,141,144,143,141,144,143,141,153,152,150,682,2
144,143,141,135,134,131,144,143,141,143,141,139,335,1
144,143,141,135,134,131,144,143,141,151,150,148,934,2
144,143,141,144,143,141,144,143,141,146,145,143,678,2
144,143,141,144,143,141,146,145,143,144,143,141,447,1
144,143,141,153,152,150,144,143,141,153,152,150,264,2
144,143,141,144,143,141,139,138,135,144,143,141,278,2
144,143,141,135,134,131,144,143,141,141,140,137,70,1
144,143,141,144,143,141,144,143,141,146,145,143,249,2
144,143,141,135,134,131,144,143,141,151,150,148,637,2
144,143,141,135,134,131,144,143,141,141,140,137,4,1
144,143,141,144,143,141,144,143,141,150,149,146,86,2
144,143,141,135,134,131,144,143,141,148,147,144,503,2
144,143,141,153,152,150,144,143,141,146,145,143,953,2
144,143,141,144,143,141,141,140,137,144,143,141,576,2
144,143,141,135,134,131,144,143,141,150,149,146,669,2
153,152,150,144,143,141,135,134,131,144,143,141,518,2
144,143,141,144,143,141,135,134,131,144,143,141,540,2
153,152,150,144,143,141,153,152,150,144,143,141,429,1
135,134,131,144,143,141,141,140,137,144,143,141,499,2
144,143,141,153,152,150,144,143,141,143,141,139,621,1
144,143,141,153,152,150,144,143,141,148,147,144,855,2
144,143,141,153,152,150,144,143,141,153,152,150,561,2
144,143,141,144,143,141,151,150,148,144,143,141,120,1
144,143,141,135,134,131,144,143,141,146,145,143,502,2
153,152,150,144,143,141,153,152,150,144,143,141,693,1
144,143,141,153,152,150,144,143,141,139,138,135,487,1
144,143,141,144,143,141,143,141,139,144,143,141,49,2
144,143,141,153,152,150,144,143,141,144,143,141,556,2
153,152,150,144,143,141,148,147,144,144,143,141,426,1
144,143,141,144,143,141,151,150,148,144,143,141,615,1
144,143,141,144,143,141,150,149,146,144,143,141,284,1
144,143,141,135,134,131,144,143,141,146,145,143,40,2
144,143,141,144,143,141,144,143,141,144,143,141,413,1
144,143,141,144,143,141,144,143,141,144,143,141,776,2
153,152,150,144,143,141,137,136,133,144,143,141,288,2
144,143,141,135,134,131,144,143,141,144,143,141,501,2
144,143,141,144,143,141,144,143,141,141,140,137,378,1
144,143,141,153,152,150,144,143,141,150,149,146,196,2
135,134,131,144,143,141,144,143,141,144,143,141,39,1
144,143,141,153,152,150,144,143,141,139,138,135,949,1
144,143,141,153,152,150,144,143,141,150,149,146,31,2
144,143,141,135,134,131,144,143,141,141,140,137,268,1
144,143,141,144,143,141,144,143,141,137,136,133,772,1
153,152,150,144,143,141,141,140,137,144,143,141,389,2
144,143,141,153,152,150,144,143,141,137,136,133,519,1
135,134,131,144,143,141,148,147,144,144,143,141,965,1
144,143,141,144,143,141,144,143,141,144,143,141,512,1
135,134,131,144,143,141,135,134,131,144,143,141,727,2
153,152,150,144,143,141,153,152,150,144,143,141,957,1
144,143,141,135,134,131,144,143,141,146,145,143,766,2
144,143,141,144,143,141,144,143,141,144,143,141,380,1
153,152,150,144,143,141,153,152,150,144,143,141,759,1
153,152,150,144,143,141,148,147,144,144,143,141,954,1
135,134,131,144,143,141,141,140,137,144,143,141,334,2
144,143,141,144,143,141,144,143,141,153,152,150,88,2
153,152,150,144,143,141,143,141,139,144,143,141,27,2
144,143,141,153,152,150,144,143,141,148,147,144,756,2
135,134,131,144,143,141,151,150,148,144,143,141,769,1
144,143,141,153,152,150,144,143,141,141,140,137,191,1
144,143,141,135,134,131,144,143,141,151,150,148,505,2
153,152,150,144,143,141,143,141,139,144,143,141,93,2
144,143,141,135,134,131,144,143,141,151,150,148,472,2
144,143,141,135,134,131,144,143,141,148,147,144,305,2
135,134,131,144,143,141,150,149,146,144,143,141,141,1
144,143,141,135,134,131,144,143,141,150,149,146,900,2
144,143,141,144,143,141,144,143,141,135,134,131,639,1
153,152,150,144,143,141,135,134,131,144,143,141,848,2
144,143,141,144,143,141,137,136,133,144,143,141,739,2
144,143,141,135,134,131,144,143,141,141,140,137,235,1
144,143,141,144,143,141,144,143,141,135,134,131,969,1
144,143,141,153,152,150,144,143,141,153,152,150,858,2
135,134,131,144,143,141,137,136,133,144,143,141,398,2
144,143,141,144,143,141,151,150,148,144,143,141,945,1
144,143,141,153,152,150,144,143,141,135,134,131,749,1
144,143,141,153,152,150,144,143,141,143,141,139,390,1
153,152,150,144,143,141,150,149,146,144,143,141,64,1
135,134,131,144,143,141,148,147,144,144,143,141,800,1
135,134,131,144,143,141,151,150,148,144,143,141,10,1
135,134,131,144,143,141,153,152,150,144,143,141,869,1
153,152,150,144,143,141,144,143,141,144,143,141,952,1
153,152,150,144,143,141,153,152,150,144,143,141,99,1
135,134,131,144,143,141,141,140,137,144,143,141,961,2
144,143,141,144,143,141,144,143,141,146,145,143,282,2
144,143,141,153,152,150,144,143,141,148,147,144,294,2
144,143,141,144,143,141,144,143,141,139,138,135,14,1
153,152,150,144,143,141,139,138,135,144,143,141,223,2
144,143,141,135,134,131,144,143,141,139,138,135,927,1
144,143,141,135,134,131,144,143,141,135,134,131,133,1
144,143,141,144,143,141,144,143,141,144,143,141,248,2
135,134,131,144,143,141,141,140,137,144,143,141,862,2
144,143,141,144,143,141,144,143,141,139,138,135,674,1
144,143,141,144,143,141,139,138,135,144,143,141,80,2
144,143,141,135,134,131,144,143,141,141,140,137,565,1
144,143,141,144,143,141,144,143,141,144,143,141,875,1
135,134,131,144,143,141,143,141,139,144,143,141,500,2
153,152,150,144,143,141,137,136,133,144,143,141,651,2
144,143,141,153,152,150,144,143,141,139,138,135,586,1
135,134,131,144,143,141,135,134,131,144,143,141,496,2
144,143,141,144,143,141,150,149,146,144,143,141,548,1
135,134,131,144,143,141,150,149,146,144,143,141,702,1
144,143,141,144,143,141,144,143,141,153,152,150,55,2
153,152,150,144,143,141,148,147,144,144,143,141,657,1
153,152,150,144,143,141,141,140,137,144,143,141,983,2
144,143,141,135,134,131,144,143,141,137,136,133,299,1
153,152,150,144,143,141,139,138,135,144,143,141,751,2
144,143,141,144,143,141,144,143,141,137,136,133,508,1
135,134,131,144,143,141,153,152,150,144,143,141,638,1
144,143,141,153,152,150,144,143,141,150,149,146,691,2
144,143,141,153,152,150,144,143,141,139,138,135,91,1
144,143,141,135,134,131,144,143,141,153,152,150,143,2
144,143,141,153,152,150,144,143,141,150,149,146,427,2
135,134,131,144,143,141,141,140,137,144,143,141,928,2
135,134,131,144,143,141,148,147,144,144,143,141,371,1
144,143,141,144,143,141,144,143,141,144,143,141,611,2
144,143,141,135,134,131,144,143,141,137,136,133,35,1
144,143,141,144,143,141,144,143,141,146,145,143,216,2
153,152,150,144,143,141,139,138,135,144,143,141,454,2
135,134,131,144,143,141,153,152,150,144,143,141,506,1
144,143,141,153,152,150,144,143,141,144,143,141,523,2
153,152,150,144,143,141,144,143,141,144,143,141,358,1
144,143,141,144,143,141,143,141,139,144,143,141,808,2
153,152,150,144,143,141,144,143,141,144,143,141,985,1
135,134,131,144,143,141,143,141,139,144,143,141,632,2
153,152,150,144,143,141,135,134,131,144,143,141,452,2
153,152,150,144,143,141,146,145,143,144,143,141,689,1
144,143,141,135,134,131,144,143,141,148,147,144,140,2
144,143,141,153,152,150,144,143,141,137,136,133,420,1
153,152,150,144,143,141,137,136,133,144,143,141,618,2
144,143,141,144,143,141,144,143,141,137,136,133,937,1
144,143,141,135,134,131,144,143,141,144,143,141,600,2
144,143,141,144,143,141,153,152,150,144,143,141,385,1
144,143,141,135,134,131,144,143,141,148,147,144,536,2
135,134,131,144,143,141,135,134,131,144,143,141,430,2
144,143,141,144,143,141,144,143,141,144,143,141,809,1
144,143,141,153,152,150,144,143,141,139,138,135,850,1
153,152,150,144,143,141,150,149,146,144,143,141,460,1
135,134,131,144,143,141,144,143,141,144,143,141,105,1
135,134,131,144,143,141,150,149,146,144,143,141,636,1
144,143,141,135,134,131,144,143,141,153,152,150,341,2
144,143,141,144,143,141,144,143,141,151,150,148,384,2
144,143,141,153,152,150,144,143,141,143,141,139,687,1
153,152,150,144,143,141,143,141,139,144,143,141,885,2
135,134,131,144,143,141,151,150,148,144,143,141,868,1
144,143,141,135,134,131,144,143,141,148,147,144,470,2
144,143,141,144,143,141,153,152,150,144,143,141,517,1
144,143,141,144,143,141,144,143,141,139,138,135,740,1
144,143,141,144,143,141,144,143,141,137,136,133,871,1
144,143,141,153,152,150,144,143,141,141,140,137,719,1
144,143,141,135,134,131,144,143,141,135,134,131,331,1
135,134,131,144,143,141,146,145,143,144,143,141,865,1
144,143,141,144,143,141,144,143,141,141,140,137,708,1
153,152,150,144,143,141,135,134,131,144,143,141,617,2
135,134,131,144,143,141,151,150,148,144,143,141,307,1
135,134,131,144,143,141,150,149,146,144,143,141,339,1
144,143,141,135,134,131,144,143,141,146,145,143,568,2
153,152,150,144,143,141,153,152,150,144,143,141,528,1
135,134,131,144,143,141,141,140,137,144,143,141,631,2
144,143,141,153,152,150,144,143,141,143,141,139,852,1
153,152,150,144,143,141,148,147,144,144,143,141,987,1
135,134,131,144,143,141,150,149,146,144,143,141,207,1
135,134,131,144,143,141,143,141,139,144,143,141,203,2
153,152,150,144,143,141,135,134,131,144,143,141,980,2
135,134,131,144,143,141,153,152,150,144,143,141,704,1
135,134,131,144,143,141,144,143,141,144,143,141,897,1
144,143,141,144,143,141,148,147,144,144,143,141,85,1
153,152,150,144,143,141,150,149,146,144,143,141,262,1
144,143,141,135,134,131,144,143,141,139,138,135,663,1
144,143,141,144,143,141,144,143,141,144,143,141,710,1
144,143,141,135,134,131,144,143,141,153,152,150,737,2
144,143,141,144,143,141,144,143,141,141,140,137,312,1
144,143,141,153,152,150,144,143,141,150,149,146,658,2
135,134,131,144,143,141,137,136,133,144,143,141,926,2
144,143,141,135,134,131,144,143,141,153,152,150,902,2
144,143,141,135,134,131,144,143,141,150,149,146,537,2
144,143,141,144,143,141,144,143,141,153,152,150,781,2
144,143,141,144,143,141,144,143,141,153,152,150,649,2
144,143,141,144,143,141,144,143,141,146,145,143,579,2
144,143,141,144,143,141,144,143,141,137,136,133,475,1
144,143,141,144,143,141,144,143,141,135,134,131,276,1
144,143,141,144,143,141,151,150,148,144,143,141,912,1
144,143,141,135,134,131,144,143,141,148,147,144,932,2
135,134,131,144,143,141,139,138,135,144,143,141,762,2
144,143,141,153,152,150,144,143,141,141,140,137,587,1
144,143,141,135,134,131,144,143,141,150,149,146,108,2
135,134,131,144,143,141,144,143,141,144,143,141,138,1
144,143,141,144,143,141,144,143,141,139,138,135,806,1
144,143,141,153,152,150,144,143,141,151,150,148,263,2
144,143,141,153,152,150,144,143,141,137,136,133,486,1
144,143,141,144,143,141,144,143,141,148,147,144,712,2
144,143,141,135,134,131,144,143,141,151,150,148,208,2
144,143,141,144,143,141,144,143,141,135,134,131,771,1
144,143,141,153,152,150,144,143,141,137,136,133,816,1
144,143,141,144,143,141,144,143,141,151,150,148,516,2
144,143,141,153,152,150,144,143,141,150,149,146,526,2
144,143,141,153,152,150,144,143,141,146,145,143,392,2
144,143,141,135,134,131,144,143,141,139,138,135,135,1
144,143,141,144,143,141,143,141,139,144,143,141,511,2
135,134,131,144,143,141,143,141,139,144,143,141,368,2
144,143,141,153,152,150,144,143,141,135,134,131,353,1
144,143,141,144,143,141,146,145,143,144,143,141,909,1
144,143,141,153,152,150,144,143,141,135,134,131,815,1
144,143,141,153,152,150,144,143,141,153,152,150,495,2
144,143,141,144,143,141,144,143,141,143,141,139,478,1
144,143,141,144,143,141,144,143,141,148,147,144,580,2
144,143,141,144,143,141,135,134,131,144,143,141,507,2
135,134,131,144,143,141,143,141,139,144,143,141,962,2
144,143,141,144,143,141,135,134,131,144,143,141,474,2
144,143,141,144,143,141,148,147,144,144,143,141,877,1
135,134,131,144,143,141,135,134,131,144,143,141,892,2
144,143,141,144,143,141,144,143,141,137,136,133,970,1
144,143,141,153,152,150,144,143,141,143,141,139,753,1
135,134,131,144,143,141,139,138,135,144,143,141,399,2
144,143,141,144,143,141,144,143,141,139,138,135,839,1
135,134,131,144,143,141,150,149,146,144,143,141,42,1
144,143,141,144,143,141,146,145,143,144,143,141,810,1
135,134,131,144,143,141,153,152,150,144,143,141,275,1
144,143,141,153,152,150,144,143,141,143,141,139,489,1
144,143,141,144,143,141,144,143,141,141,140,137,444,1
144,143,141,144,143,141,153,152,150,144,143,141,451,1
153,152,150,144,143,141,143,141,139,144,143,141,126,2
144,143,141,144,143,141,148,147,144,144,143,141,316,1
144,143,141,135,134,131,144,143,141,137,136,133,167,1
135,134,131,144,143,141,144,143,141,144,143,141,864,1
144,143,141,153,152,150,144,143,141,135,134,131,56,1
144,143,141,135,134,131,144,143,141,139,138,135,36,1
144,143,141,135,134,131,144,143,141,148,147,144,206,2
144,143,141,144,143,141,143,141,139,144,143,141,577,2
153,152,150,144,143,141,146,145,143,144,143,141,986,1
153,152,150,144,143,141,137,136,133,144,143,141,981,2
135,134,131,144,143,141,144,143,141,144,143,141,303,1
153,152,150,144,143,141,137,136,133,144,143,141,255,2
135,134,131,144,143,141,135,134,131,144,143,141,265,2
135,134,131,144,143,141,153,152,150,144,143,141,110,1
144,143,141,144,143,141,144,143,141,150,149,146,350,2
144,143,141,144,143,141,144,143,141,148,147,144,679,2
153,152,150,144,143,141,144,143,141,144,143,141,457,1
144,143,141,153,152,150,144,143,141,137,136,133,849,1
144,143,141,144,143,141,144,143,141,143,141,139,115,1
153,152,150,144,143,141,144,143,141,144,143,141,61,1
135,134,131,144,143,141,153,152,150,144,143,141,11,1
144,143,141,153,152,150,144,143,141,137,136,133,24,1
144,143,141,144,143,141,144,143,141,143,141,139,742,1
144,143,141,153,152,150,144,143,141,151,150,148,230,2
144,143,141,144,143,141,144,143,141,135,134,131,606,1
144,143,141,144,143,141,144,143,141,148,147,144,184,2
144,143,141,144,143,141,151,150,148,144,143,141,978,1
144,143,141,135,134,131,144,143,141,137,136,133,266,1
144,143,141,135,134,131,144,143,141,141,140,137,598,1
144,143,141,153,152,150,144,143,141,135,134,131,23,1
153,152,150,144,143,141,137,136,133,144,143,141,354,2
144,143,141,153,152,150,144,143,141,144,143,141,787,2
144,143,141,135,134,131,144,143,141,143,141,139,170,1
144,143,141,144,143,141,141,140,137,144,143,141,246,2
144,143,141,153,152,150,144,143,141,137,136,133,915,1
144,143,141,144,143,141,135,134,131,144,143,141,210,2
144,143,141,144,143,141,144,143,141,144,143,141,116,2
144,143,141,144,143,141,144,143,141,153,152,150,187,2
144,143,141,144,143,141,144,143,141,139,138,135,410,1
153,152,150,144,143,141,146,145,143,144,143,141,920,1
144,143,141,144,143,141,144,143,141,137,136,133,706,1
135,134,131,144,143,141,146,145,143,144,143,141,964,1
153,152,150,144,143,141,146,145,143,144,143,141,62,1
135,134,131,144,143,141,143,141,139,144,143,141,302,2
144,143,141,135,134,131,144,143,141,153,152,150,176,2
153,152,150,144,143,141,153,152,150,144,143,141,594,1
144,143,141,135,134,131,144,143,141,137,136,133,662,1
153,152,150,144,143,141,141,140,137,144,143,141,785,2
144,143,141,144,143,141,148,147,144,144,143,141,910,1
135,134,131,144,143,141,137,136,133,144,143,141,563,2
144,143,141,135,134,131,144,143,141,135,134,131,397,1
144,143,141,144,143,141,153,152,150,144,143,141,286,1
153,152,150,144,143,141,153,152,150,144,143,141,132,1
135,134,131,144,143,141,139,138,135,144,143,141,828,2
144,143,141,135,134,131,144,143,141,143,141,139,137,1
144,143,141,144,143,141,148,147,144,144,143,141,745,1
144,143,141,153,152,150,144,143,141,144,143,141,94,2
135,134,131,144,143,141,139,138,135,144,143,141,531,2
144,143,141,153,152,150,144,143,141,135,134,131,122,1
135,134,131,144,143,141,144,143,141,144,143,141,336,1
144,143,141,144,143,141,143,141,139,144,143,141,280,2
144,143,141,144,143,141,144,143,141,135,134,131,177,1
144,143,141,153,152,150,144,143,141,135,134,131,188,1
153,152,150,144,143,141,148,147,144,144,143,141,327,1
144,143,141,153,152,150,144,143,141,141,140,137,917,1
144,143,141,135,134,131,144,143,141,141,140,137,796,1
135,134,131,144,143,141,143,141,139,144,143,141,269,2
153,152,150,144,143,141,148,147,144,144,143,141,63,1
135,134,131,144,143,141,135,134,131,144,143,141,595,2
144,143,141,144,143,141,144,143,141,144,143,141,347,2
144,143,141,144,143,141,144,143,141,139,138,135,872,1
153,152,150,144,143,141,141,140,137,144,143,141,851,2
153,152,150,144,143,141,144,143,141,144,143,141,721,1
153,152,150,144,143,141,143,141,139,144,143,141,423,2
144,143,141,144,143,141,144,143,141,141,140,137,741,1
144,143,141,135,134,131,144,143,141,141,140,137,169,1
135,134,131,144,143,141,137,136,133,144,143,141,761,2
144,143,141,144,143,141,144,143,141,146,145,143,183,2
135,134,131,144,143,141,151,150,148,144,143,141,571,1
144,143,141,144,143,141,144,143,141,150,149,146,713,2
144,143,141,135,134,131,144,143,141,151,150,148,967,2
