70,70,70,60,60,60,70,70,70,64,64,64,630,1
70,70,70,70,70,70,62,62,62,70,70,70,343,2
80,80,80,70,70,70,80,80,80,70,70,70,660,1
60,60,60,70,70,70,80,80,80,70,70,70,935,1
70,70,70,70,70,70,62,62,62,70,70,70,574,2
70,70,70,80,80,80,70,70,70,80,80,80,990,2
80,80,80,70,70,70,80,80,80,70,70,70,165,1
70,70,70,70,70,70,70,70,70,70,70,70,842,2
60,60,60,70,70,70,64,64,64,70,70,70,465,2
80,80,80,70,70,70,72,72,72,70,70,70,788,1
70,70,70,70,70,70,62,62,62,70,70,70,211,2
70,70,70,80,80,80,70,70,70,68,68,68,258,1
60,60,60,70,70,70,64,64,64,70,70,70,3,2
70,70,70,70,70,70,70,70,70,78,78,78,714,2
70,70,70,60,60,60,70,70,70,72,72,72,799,2
70,70,70,70,70,70,70,70,70,80,80,80,550,2
70,70,70,60,60,60,70,70,70,68,68,68,830,1
80,80,80,70,70,70,72,72,72,70,70,70,194,1
80,80,80,70,70,70,68,68,68,70,70,70,786,2
60,60,60,70,70,70,80,80,80,70,70,70,44,1
70,70,70,80,80,80,70,70,70,78,78,78,989,2
70,70,70,70,70,70,72,72,72,70,70,70,150,1
70,70,70,70,70,70,70,70,70,80,80,80,220,2
70,70,70,80,80,80,70,70,70,66,66,66,818,1
60,60,60,70,70,70,70,70,70,70,70,70,831,1
70,70,70,60,60,60,70,70,70,60,60,60,958,1
70,70,70,60,60,60,70,70,70,78,78,78,340,2
60,60,60,70,70,70,68,68,68,70,70,70,236,2
70,70,70,80,80,80,70,70,70,74,74,74,624,2
70,70,70,70,70,70,74,74,74,70,70,70,613,1
70,70,70,60,60,60,70,70,70,76,76,76,372,2
70,70,70,60,60,60,70,70,70,62,62,62,695,1
70,70,70,70,70,70,76,76,76,70,70,70,482,1
70,70,70,70,70,70,74,74,74,70,70,70,19,1
70,70,70,60,60,60,70,70,70,62,62,62,860,1
70,70,70,60,60,60,70,70,70,80,80,80,836,2
70,70,70,70,70,70,70,70,70,62,62,62,607,1
70,70,70,70,70,70,70,70,70,68,68,68,346,1
70,70,70,80,80,80,70,70,70,76,76,76,394,2
70,70,70,80,80,80,70,70,70,64,64,64,124,1
60,60,60,70,70,70,60,60,60,70,70,70,562,2
70,70,70,60,60,60,70,70,70,72,72,72,733,2
80,80,80,70,70,70,78,78,78,70,70,70,329,1
70,70,70,60,60,60,70,70,70,66,66,66,466,1
70,70,70,70,70,70,70,70,70,74,74,74,382,2
70,70,70,70,70,70,70,70,70,60,60,60,408,1
70,70,70,70,70,70,70,70,70,76,76,76,944,2
70,70,70,80,80,80,70,70,70,78,78,78,857,2
70,70,70,80,80,80,70,70,70,66,66,66,125,1
70,70,70,70,70,70,70,70,70,74,74,74,118,2
70,70,70,70,70,70,70,70,70,60,60,60,12,1
70,70,70,80,80,80,70,70,70,60,60,60,320,1
70,70,70,70,70,70,80,80,80,70,70,70,352,1
70,70,70,70,70,70,60,60,60,70,70,70,903,2
60,60,60,70,70,70,62,62,62,70,70,70,464,2
70,70,70,70,70,70,70,70,70,78,78,78,153,2
70,70,70,70,70,70,70,70,70,80,80,80,484,2
60,60,60,70,70,70,64,64,64,70,70,70,597,2
70,70,70,70,70,70,70,70,70,80,80,80,946,2
70,70,70,80,80,80,70,70,70,72,72,72,557,2
70,70,70,80,80,80,70,70,70,66,66,66,620,1
70,70,70,80,80,80,70,70,70,78,78,78,197,2
60,60,60,70,70,70,74,74,74,70,70,70,173,1
60,60,60,70,70,70,74,74,74,70,70,70,8,1
60,60,60,70,70,70,78,78,78,70,70,70,802,1
70,70,70,70,70,70,70,70,70,66,66,66,411,1
70,70,70,80,80,80,70,70,70,78,78,78,560,2
70,70,70,70,70,70,70,70,70,70,70,70,149,2
70,70,70,70,70,70,70,70,70,78,78,78,219,2
70,70,70,70,70,70,70,70,70,74,74,74,547,2
80,80,80,70,70,70,72,72,72,70,70,70,656,1
70,70,70,60,60,60,70,70,70,68,68,68,566,1
70,70,70,60,60,60,70,70,70,78,78,78,109,2
70,70,70,80,80,80,70,70,70,72,72,72,755,2
60,60,60,70,70,70,64,64,64,70,70,70,300,2
70,70,70,70,70,70,64,64,64,70,70,70,311,2
70,70,70,70,70,70,76,76,76,70,70,70,779,1
70,70,70,60,60,60,70,70,70,64,64,64,861,1
70,70,70,80,80,80,70,70,70,60,60,60,716,1
60,60,60,70,70,70,66,66,66,70,70,70,829,2
70,70,70,70,70,70,70,70,70,76,76,76,680,2
80,80,80,70,70,70,62,62,62,70,70,70,387,2
70,70,70,80,80,80,70,70,70,62,62,62,123,1
70,70,70,60,60,60,70,70,70,72,72,72,601,2
70,70,70,80,80,80,70,70,70,60,60,60,914,1
70,70,70,60,60,60,70,70,70,64,64,64,102,1
70,70,70,80,80,80,70,70,70,78,78,78,692,2
60,60,60,70,70,70,60,60,60,70,70,70,1,2
70,70,70,70,70,70,70,70,70,76,76,76,845,2
70,70,70,60,60,60,70,70,70,68,68,68,665,1
80,80,80,70,70,70,78,78,78,70,70,70,758,1
60,60,60,70,70,70,76,76,76,70,70,70,603,1
70,70,70,70,70,70,80,80,80,70,70,70,253,1
60,60,60,70,70,70,60,60,60,70,70,70,661,2
70,70,70,70,70,70,64,64,64,70,70,70,575,2
70,70,70,70,70,70,60,60,60,70,70,70,705,2
70,70,70,70,70,70,68,68,68,70,70,70,82,2
70,70,70,70,70,70,70,70,70,64,64,64,47,1
70,70,70,70,70,70,70,70,70,72,72,72,381,2
70,70,70,70,70,70,70,70,70,80,80,80,121,2
70,70,70,70,70,70,70,70,70,70,70,70,446,2
70,70,70,80,80,80,70,70,70,78,78,78,593,2
70,70,70,60,60,60,70,70,70,70,70,70,468,2
70,70,70,70,70,70,78,78,78,70,70,70,483,1
80,80,80,70,70,70,64,64,64,70,70,70,619,2
70,70,70,70,70,70,70,70,70,66,66,66,114,1
70,70,70,60,60,60,70,70,70,62,62,62,332,1
70,70,70,70,70,70,70,70,70,66,66,66,543,1
70,70,70,70,70,70,70,70,70,66,66,66,48,1
70,70,70,80,80,80,70,70,70,78,78,78,131,2
70,70,70,70,70,70,80,80,80,70,70,70,616,1
70,70,70,70,70,70,70,70,70,78,78,78,681,2
60,60,60,70,70,70,72,72,72,70,70,70,238,1
70,70,70,80,80,80,70,70,70,62,62,62,222,1
70,70,70,80,80,80,70,70,70,72,72,72,260,2
70,70,70,70,70,70,70,70,70,66,66,66,807,1
70,70,70,60,60,60,70,70,70,76,76,76,306,2
70,70,70,60,60,60,70,70,70,78,78,78,373,2
70,70,70,70,70,70,68,68,68,70,70,70,247,2
70,70,70,60,60,60,70,70,70,64,64,64,432,1
70,70,70,60,60,60,70,70,70,64,64,64,729,1
60,60,60,70,70,70,70,70,70,70,70,70,369,1
70,70,70,70,70,70,80,80,80,70,70,70,583,1
70,70,70,70,70,70,70,70,70,80,80,80,748,2
80,80,80,70,70,70,78,78,78,70,70,70,956,1
80,80,80,70,70,70,76,76,76,70,70,70,988,1
70,70,70,70,70,70,70,70,70,76,76,76,185,2
70,70,70,60,60,60,70,70,70,72,72,72,931,2
70,70,70,70,70,70,70,70,70,66,66,66,180,1
70,70,70,70,70,70,70,70,70,64,64,64,476,1
70,70,70,80,80,80,70,70,70,80,80,80,825,2
70,70,70,60,60,60,70,70,70,62,62,62,68,1
80,80,80,70,70,70,74,74,74,70,70,70,228,1
70,70,70,60,60,60,70,70,70,66,66,66,37,1
70,70,70,60,60,60,70,70,70,60,60,60,100,1
70,70,70,60,60,60,70,70,70,62,62,62,959,1
70,70,70,70,70,70,74,74,74,70,70,70,646,1
70,70,70,80,80,80,70,70,70,68,68,68,522,1
70,70,70,70,70,70,60,60,60,70,70,70,78,2
70,70,70,70,70,70,72,72,72,70,70,70,348,1
70,70,70,70,70,70,62,62,62,70,70,70,112,2
80,80,80,70,70,70,80,80,80,70,70,70,33,1
70,70,70,80,80,80,70,70,70,74,74,74,30,2
70,70,70,80,80,80,70,70,70,76,76,76,559,2
70,70,70,80,80,80,70,70,70,78,78,78,923,2
60,60,60,70,70,70,62,62,62,70,70,70,101,2
70,70,70,60,60,60,70,70,70,78,78,78,142,2
70,70,70,80,80,80,70,70,70,78,78,78,362,2
70,70,70,60,60,60,70,70,70,72,72,72,7,2
70,70,70,70,70,70,64,64,64,70,70,70,971,2
70,70,70,70,70,70,70,70,70,62,62,62,409,1
60,60,60,70,70,70,74,74,74,70,70,70,767,1
70,70,70,60,60,60,70,70,70,60,60,60,34,1
70,70,70,60,60,60,70,70,70,64,64,64,960,1
80,80,80,70,70,70,78,78,78,70,70,70,527,1
80,80,80,70,70,70,72,72,72,70,70,70,524,1
70,70,70,70,70,70,70,70,70,68,68,68,907,1
70,70,70,70,70,70,70,70,70,68,68,68,610,1
70,70,70,80,80,80,70,70,70,62,62,62,882,1
70,70,70,80,80,80,70,70,70,64,64,64,25,1
70,70,70,60,60,60,70,70,70,64,64,64,69,1
60,60,60,70,70,70,66,66,66,70,70,70,202,2
70,70,70,60,60,60,70,70,70,74,74,74,866,2
80,80,80,70,70,70,66,66,66,70,70,70,59,2
70,70,70,70,70,70,74,74,74,70,70,70,514,1
70,70,70,80,80,80,70,70,70,80,80,80,66,2
70,70,70,70,70,70,68,68,68,70,70,70,313,2
70,70,70,70,70,70,68,68,68,70,70,70,445,2
80,80,80,70,70,70,72,72,72,70,70,70,293,1
70,70,70,70,70,70,70,70,70,60,60,60,441,1
60,60,60,70,70,70,74,74,74,70,70,70,734,1
70,70,70,70,70,70,70,70,70,68,68,68,841,1
70,70,70,60,60,60,70,70,70,70,70,70,6,2
70,70,70,60,60,60,70,70,70,74,74,74,602,2
70,70,70,70,70,70,78,78,78,70,70,70,747,1
70,70,70,70,70,70,70,70,70,70,70,70,479,2
70,70,70,70,70,70,70,70,70,72,72,72,513,2
80,80,80,70,70,70,62,62,62,70,70,70,948,2
70,70,70,80,80,80,70,70,70,78,78,78,65,2
70,70,70,70,70,70,70,70,70,64,64,64,113,1
70,70,70,80,80,80,70,70,70,76,76,76,922,2
60,60,60,70,70,70,68,68,68,70,70,70,863,2
70,70,70,60,60,60,70,70,70,80,80,80,77,2
60,60,60,70,70,70,66,66,66,70,70,70,895,2
70,70,70,80,80,80,70,70,70,70,70,70,226,2
70,70,70,60,60,60,70,70,70,62,62,62,893,1
80,80,80,70,70,70,60,60,60,70,70,70,89,2
70,70,70,80,80,80,70,70,70,66,66,66,158,1
60,60,60,70,70,70,80,80,80,70,70,70,539,1
80,80,80,70,70,70,80,80,80,70,70,70,198,1
70,70,70,60,60,60,70,70,70,60,60,60,463,1
70,70,70,80,80,80,70,70,70,64,64,64,157,1
70,70,70,60,60,60,70,70,70,70,70,70,567,2
80,80,80,70,70,70,76,76,76,70,70,70,295,1
80,80,80,70,70,70,62,62,62,70,70,70,57,2
70,70,70,70,70,70,70,70,70,70,70,70,974,2
80,80,80,70,70,70,64,64,64,70,70,70,685,2
70,70,70,80,80,80,70,70,70,72,72,72,128,2
80,80,80,70,70,70,64,64,64,70,70,70,520,2
70,70,70,60,60,60,70,70,70,76,76,76,240,2
70,70,70,80,80,80,70,70,70,64,64,64,883,1
80,80,80,70,70,70,60,60,60,70,70,70,254,2
80,80,80,70,70,70,76,76,76,70,70,70,724,1
60,60,60,70,70,70,72,72,72,70,70,70,667,1
70,70,70,70,70,70,66,66,66,70,70,70,774,2
70,70,70,70,70,70,68,68,68,70,70,70,775,2
70,70,70,60,60,60,70,70,70,74,74,74,635,2
60,60,60,70,70,70,74,74,74,70,70,70,833,1
80,80,80,70,70,70,68,68,68,70,70,70,192,2
80,80,80,70,70,70,80,80,80,70,70,70,297,1
80,80,80,70,70,70,78,78,78,70,70,70,428,1
70,70,70,60,60,60,70,70,70,66,66,66,103,1
70,70,70,60,60,60,70,70,70,76,76,76,735,2
80,80,80,70,70,70,60,60,60,70,70,70,947,2
70,70,70,70,70,70,70,70,70,78,78,78,879,2
70,70,70,70,70,70,70,70,70,78,78,78,285,2
70,70,70,70,70,70,62,62,62,70,70,70,244,2
60,60,60,70,70,70,64,64,64,70,70,70,696,2
70,70,70,70,70,70,70,70,70,70,70,70,50,1
70,70,70,80,80,80,70,70,70,66,66,66,356,1
80,80,80,70,70,70,80,80,80,70,70,70,231,1
80,80,80,70,70,70,76,76,76,70,70,70,361,1
70,70,70,80,80,80,70,70,70,62,62,62,585,1
80,80,80,70,70,70,76,76,76,70,70,70,625,1
60,60,60,70,70,70,64,64,64,70,70,70,795,2
70,70,70,70,70,70,76,76,76,70,70,70,218,1
70,70,70,70,70,70,70,70,70,68,68,68,709,1
80,80,80,70,70,70,74,74,74,70,70,70,690,1
70,70,70,70,70,70,70,70,70,74,74,74,349,2
80,80,80,70,70,70,76,76,76,70,70,70,130,1
70,70,70,60,60,60,70,70,70,68,68,68,5,1
70,70,70,70,70,70,70,70,70,66,66,66,675,1
80,80,80,70,70,70,72,72,72,70,70,70,458,1
60,60,60,70,70,70,64,64,64,70,70,70,564,2
70,70,70,70,70,70,70,70,70,74,74,74,844,2
70,70,70,80,80,80,70,70,70,78,78,78,791,2
70,70,70,80,80,80,70,70,70,66,66,66,224,1
70,70,70,60,60,60,70,70,70,60,60,60,364,1
80,80,80,70,70,70,70,70,70,70,70,70,919,1
80,80,80,70,70,70,74,74,74,70,70,70,822,1
70,70,70,60,60,60,70,70,70,72,72,72,535,2
70,70,70,70,70,70,70,70,70,62,62,62,79,1
80,80,80,70,70,70,68,68,68,70,70,70,951,2
70,70,70,60,60,60,70,70,70,78,78,78,538,2
70,70,70,70,70,70,62,62,62,70,70,70,640,2
70,70,70,70,70,70,70,70,70,76,76,76,416,2
70,70,70,70,70,70,70,70,70,76,76,76,746,2
80,80,80,70,70,70,76,76,76,70,70,70,163,1
70,70,70,60,60,60,70,70,70,64,64,64,267,1
80,80,80,70,70,70,80,80,80,70,70,70,627,1
70,70,70,70,70,70,70,70,70,76,76,76,581,2
70,70,70,60,60,60,70,70,70,60,60,60,826,1
60,60,60,70,70,70,76,76,76,70,70,70,801,1
70,70,70,80,80,80,70,70,70,68,68,68,159,1
70,70,70,60,60,60,70,70,70,72,72,72,73,2
70,70,70,60,60,60,70,70,70,70,70,70,72,2
70,70,70,70,70,70,72,72,72,70,70,70,975,1
70,70,70,80,80,80,70,70,70,70,70,70,193,2
70,70,70,70,70,70,70,70,70,78,78,78,87,2
70,70,70,70,70,70,64,64,64,70,70,70,212,2
70,70,70,70,70,70,64,64,64,70,70,70,443,2
80,80,80,70,70,70,78,78,78,70,70,70,890,1
70,70,70,70,70,70,70,70,70,74,74,74,976,2
70,70,70,70,70,70,72,72,72,70,70,70,744,1
70,70,70,70,70,70,70,70,70,72,72,72,51,2
70,70,70,70,70,70,70,70,70,70,70,70,281,2
70,70,70,70,70,70,60,60,60,70,70,70,837,2
70,70,70,60,60,60,70,70,70,62,62,62,365,1
80,80,80,70,70,70,66,66,66,70,70,70,554,2
70,70,70,70,70,70,70,70,70,62,62,62,46,1
60,60,60,70,70,70,70,70,70,70,70,70,270,1
70,70,70,70,70,70,70,70,70,62,62,62,805,1
70,70,70,70,70,70,70,70,70,78,78,78,318,2
70,70,70,80,80,80,70,70,70,72,72,72,491,2
60,60,60,70,70,70,80,80,80,70,70,70,473,1
60,60,60,70,70,70,62,62,62,70,70,70,233,2
80,80,80,70,70,70,68,68,68,70,70,70,324,2
60,60,60,70,70,70,80,80,80,70,70,70,242,1
70,70,70,80,80,80,70,70,70,66,66,66,488,1
70,70,70,80,80,80,70,70,70,80,80,80,462,2
60,60,60,70,70,70,68,68,68,70,70,70,698,2
70,70,70,80,80,80,70,70,70,60,60,60,551,1
70,70,70,70,70,70,74,74,74,70,70,70,151,1
70,70,70,60,60,60,70,70,70,64,64,64,333,1
80,80,80,70,70,70,64,64,64,70,70,70,817,2
70,70,70,70,70,70,70,70,70,68,68,68,379,1
80,80,80,70,70,70,78,78,78,70,70,70,98,1
70,70,70,80,80,80,70,70,70,76,76,76,229,2
70,70,70,60,60,60,70,70,70,60,60,60,694,1
70,70,70,80,80,80,70,70,70,64,64,64,718,1
70,70,70,80,80,80,70,70,70,62,62,62,321,1
80,80,80,70,70,70,70,70,70,70,70,70,391,1
70,70,70,80,80,80,70,70,70,62,62,62,783,1
70,70,70,70,70,70,60,60,60,70,70,70,309,2
80,80,80,70,70,70,60,60,60,70,70,70,683,2
70,70,70,80,80,80,70,70,70,68,68,68,456,1
70,70,70,60,60,60,70,70,70,70,70,70,171,2
70,70,70,80,80,80,70,70,70,74,74,74,96,2
60,60,60,70,70,70,60,60,60,70,70,70,166,2
70,70,70,80,80,80,70,70,70,64,64,64,553,1
70,70,70,80,80,80,70,70,70,74,74,74,129,2
80,80,80,70,70,70,80,80,80,70,70,70,726,1
70,70,70,80,80,80,70,70,70,62,62,62,189,1
70,70,70,70,70,70,70,70,70,60,60,60,738,1
70,70,70,80,80,80,70,70,70,80,80,80,330,2
60,60,60,70,70,70,78,78,78,70,70,70,406,1
60,60,60,70,70,70,62,62,62,70,70,70,728,2
60,60,60,70,70,70,76,76,76,70,70,70,570,1
70,70,70,80,80,80,70,70,70,76,76,76,328,2
70,70,70,70,70,70,60,60,60,70,70,70,375,2
70,70,70,70,70,70,70,70,70,64,64,64,344,1
70,70,70,80,80,80,70,70,70,60,60,60,287,1
80,80,80,70,70,70,66,66,66,70,70,70,884,2
80,80,80,70,70,70,60,60,60,70,70,70,155,2
60,60,60,70,70,70,76,76,76,70,70,70,174,1
70,70,70,80,80,80,70,70,70,78,78,78,461,2
60,60,60,70,70,70,64,64,64,70,70,70,366,2
70,70,70,70,70,70,70,70,70,74,74,74,250,2
70,70,70,70,70,70,78,78,78,70,70,70,186,1
70,70,70,70,70,70,80,80,80,70,70,70,715,1
70,70,70,80,80,80,70,70,70,64,64,64,784,1
70,70,70,60,60,60,70,70,70,80,80,80,572,2
70,70,70,80,80,80,70,70,70,70,70,70,853,2
70,70,70,70,70,70,70,70,70,76,76,76,152,2
60,60,60,70,70,70,62,62,62,70,70,70,497,2
70,70,70,60,60,60,70,70,70,80,80,80,440,2
70,70,70,70,70,70,70,70,70,60,60,60,672,1
70,70,70,70,70,70,78,78,78,70,70,70,54,1
70,70,70,60,60,60,70,70,70,76,76,76,405,2
60,60,60,70,70,70,60,60,60,70,70,70,793,2
70,70,70,80,80,80,70,70,70,74,74,74,558,2
70,70,70,60,60,60,70,70,70,70,70,70,963,2
70,70,70,80,80,80,70,70,70,80,80,80,792,2
70,70,70,70,70,70,64,64,64,70,70,70,377,2
70,70,70,80,80,80,70,70,70,62,62,62,717,1
70,70,70,60,60,60,70,70,70,78,78,78,274,2
80,80,80,70,70,70,70,70,70,70,70,70,127,1
80,80,80,70,70,70,68,68,68,70,70,70,291,2
70,70,70,70,70,70,70,70,70,64,64,64,773,1
70,70,70,60,60,60,70,70,70,64,64,64,894,1
70,70,70,70,70,70,70,70,70,78,78,78,417,2
80,80,80,70,70,70,72,72,72,70,70,70,29,1
60,60,60,70,70,70,66,66,66,70,70,70,763,2
70,70,70,60,60,60,70,70,70,80,80,80,770,2
60,60,60,70,70,70,70,70,70,70,70,70,435,1
70,70,70,60,60,60,70,70,70,74,74,74,668,2
80,80,80,70,70,70,68,68,68,70,70,70,60,2
70,70,70,60,60,60,70,70,70,74,74,74,41,2
60,60,60,70,70,70,66,66,66,70,70,70,136,2
80,80,80,70,70,70,70,70,70,70,70,70,622,1
60,60,60,70,70,70,80,80,80,70,70,70,407,1
80,80,80,70,70,70,70,70,70,70,70,70,259,1
60,60,60,70,70,70,70,70,70,70,70,70,732,1
70,70,70,60,60,60,70,70,70,68,68,68,731,1
80,80,80,70,70,70,76,76,76,70,70,70,97,1
70,70,70,80,80,80,70,70,70,66,66,66,26,1
80,80,80,70,70,70,60,60,60,70,70,70,386,2
70,70,70,70,70,70,70,70,70,80,80,80,847,2
70,70,70,70,70,70,70,70,70,78,78,78,351,2
60,60,60,70,70,70,72,72,72,70,70,70,139,1
80,80,80,70,70,70,64,64,64,70,70,70,322,2
70,70,70,70,70,70,70,70,70,64,64,64,938,1
60,60,60,70,70,70,66,66,66,70,70,70,301,2
80,80,80,70,70,70,72,72,72,70,70,70,722,1
70,70,70,80,80,80,70,70,70,66,66,66,521,1
70,70,70,70,70,70,70,70,70,70,70,70,17,1
80,80,80,70,70,70,62,62,62,70,70,70,750,2
70,70,70,70,70,70,70,70,70,70,70,70,545,1
70,70,70,70,70,70,70,70,70,76,76,76,911,2
70,70,70,60,60,60,70,70,70,64,64,64,168,1
70,70,70,70,70,70,70,70,70,74,74,74,778,2
60,60,60,70,70,70,70,70,70,70,70,70,237,1
70,70,70,70,70,70,62,62,62,70,70,70,541,2
70,70,70,80,80,80,70,70,70,68,68,68,984,1
60,60,60,70,70,70,72,72,72,70,70,70,832,1
60,60,60,70,70,70,68,68,68,70,70,70,71,2
60,60,60,70,70,70,70,70,70,70,70,70,765,1
70,70,70,60,60,60,70,70,70,72,72,72,700,2
80,80,80,70,70,70,72,72,72,70,70,70,227,1
70,70,70,70,70,70,70,70,70,72,72,72,777,2
70,70,70,80,80,80,70,70,70,64,64,64,982,1
70,70,70,70,70,70,78,78,78,70,70,70,582,1
80,80,80,70,70,70,70,70,70,70,70,70,490,1
60,60,60,70,70,70,70,70,70,70,70,70,534,1
60,60,60,70,70,70,74,74,74,70,70,70,569,1
70,70,70,70,70,70,70,70,70,60,60,60,342,1
70,70,70,70,70,70,70,70,70,78,78,78,648,2
60,60,60,70,70,70,76,76,76,70,70,70,933,1
60,60,60,70,70,70,78,78,78,70,70,70,835,1
70,70,70,70,70,70,70,70,70,60,60,60,45,1
70,70,70,70,70,70,70,70,70,62,62,62,838,1
60,60,60,70,70,70,72,72,72,70,70,70,205,1
70,70,70,70,70,70,74,74,74,70,70,70,52,1
70,70,70,70,70,70,70,70,70,66,66,66,840,1
60,60,60,70,70,70,76,76,76,70,70,70,834,1
70,70,70,70,70,70,72,72,72,70,70,70,84,1
70,70,70,80,80,80,70,70,70,78,78,78,395,2
70,70,70,70,70,70,76,76,76,70,70,70,119,1
70,70,70,70,70,70,70,70,70,70,70,70,644,1
70,70,70,60,60,60,70,70,70,60,60,60,925,1
60,60,60,70,70,70,68,68,68,70,70,70,797,2
70,70,70,60,60,60,70,70,70,72,72,72,271,2
70,70,70,70,70,70,70,70,70,76,76,76,251,2
60,60,60,70,70,70,78,78,78,70,70,70,76,1
70,70,70,80,80,80,70,70,70,74,74,74,789,2
60,60,60,70,70,70,60,60,60,70,70,70,529,2
60,60,60,70,70,70,76,76,76,70,70,70,9,1
70,70,70,70,70,70,76,76,76,70,70,70,812,1
80,80,80,70,70,70,66,66,66,70,70,70,455,2
70,70,70,70,70,70,80,80,80,70,70,70,418,1
80,80,80,70,70,70,62,62,62,70,70,70,453,2
60,60,60,70,70,70,62,62,62,70,70,70,530,2
70,70,70,60,60,60,70,70,70,74,74,74,239,2
80,80,80,70,70,70,76,76,76,70,70,70,955,1
70,70,70,70,70,70,76,76,76,70,70,70,977,1
80,80,80,70,70,70,60,60,60,70,70,70,221,2
70,70,70,60,60,60,70,70,70,78,78,78,241,2
70,70,70,80,80,80,70,70,70,70,70,70,655,2
70,70,70,80,80,80,70,70,70,76,76,76,889,2
70,70,70,80,80,80,70,70,70,72,72,72,161,2
70,70,70,70,70,70,62,62,62,70,70,70,145,2
70,70,70,80,80,80,70,70,70,68,68,68,654,1
80,80,80,70,70,70,68,68,68,70,70,70,720,2
70,70,70,70,70,70,70,70,70,66,66,66,510,1
70,70,70,60,60,60,70,70,70,60,60,60,859,1
70,70,70,70,70,70,70,70,70,64,64,64,707,1
70,70,70,70,70,70,66,66,66,70,70,70,81,2
70,70,70,80,80,80,70,70,70,70,70,70,754,2
70,70,70,70,70,70,64,64,64,70,70,70,245,2
80,80,80,70,70,70,70,70,70,70,70,70,886,1
70,70,70,70,70,70,70,70,70,62,62,62,178,1
70,70,70,70,70,70,78,78,78,70,70,70,813,1
70,70,70,70,70,70,66,66,66,70,70,70,972,2
70,70,70,80,80,80,70,70,70,68,68,68,819,1
70,70,70,60,60,60,70,70,70,78,78,78,43,2
70,70,70,70,70,70,70,70,70,66,66,66,477,1
70,70,70,60,60,60,70,70,70,80,80,80,374,2
70,70,70,60,60,60,70,70,70,66,66,66,664,1
70,70,70,70,70,70,76,76,76,70,70,70,317,1
70,70,70,70,70,70,72,72,72,70,70,70,315,1
70,70,70,70,70,70,68,68,68,70,70,70,973,2
70,70,70,70,70,70,64,64,64,70,70,70,146,2
70,70,70,70,70,70,78,78,78,70,70,70,780,1
70,70,70,70,70,70,70,70,70,60,60,60,111,1
70,70,70,80,80,80,70,70,70,66,66,66,92,1
60,60,60,70,70,70,80,80,80,70,70,70,968,1
60,60,60,70,70,70,62,62,62,70,70,70,200,2
70,70,70,70,70,70,70,70,70,68,68,68,181,1
60,60,60,70,70,70,76,76,76,70,70,70,966,1
70,70,70,70,70,70,70,70,70,78,78,78,21,2
70,70,70,80,80,80,70,70,70,66,66,66,653,1
70,70,70,70,70,70,70,70,70,76,76,76,878,2
70,70,70,70,70,70,70,70,70,70,70,70,83,2
70,70,70,70,70,70,70,70,70,78,78,78,450,2
70,70,70,80,80,80,70,70,70,72,72,72,326,2
70,70,70,70,70,70,70,70,70,60,60,60,870,1
70,70,70,70,70,70,70,70,70,64,64,64,608,1
70,70,70,80,80,80,70,70,70,62,62,62,156,1
70,70,70,70,70,70,70,70,70,72,72,72,876,2
70,70,70,80,80,80,70,70,70,62,62,62,552,1
70,70,70,80,80,80,70,70,70,70,70,70,688,2
70,70,70,80,80,80,70,70,70,64,64,64,652,1
80,80,80,70,70,70,78,78,78,70,70,70,626,1
70,70,70,70,70,70,76,76,76,70,70,70,515,1
70,70,70,80,80,80,70,70,70,66,66,66,290,1
60,60,60,70,70,70,66,66,66,70,70,70,400,2
80,80,80,70,70,70,64,64,64,70,70,70,916,2
70,70,70,60,60,60,70,70,70,74,74,74,338,2
70,70,70,60,60,60,70,70,70,80,80,80,803,2
60,60,60,70,70,70,66,66,66,70,70,70,697,2
70,70,70,80,80,80,70,70,70,60,60,60,881,1
80,80,80,70,70,70,64,64,64,70,70,70,421,2
60,60,60,70,70,70,72,72,72,70,70,70,634,1
80,80,80,70,70,70,66,66,66,70,70,70,752,2
70,70,70,60,60,60,70,70,70,72,72,72,370,2
70,70,70,70,70,70,80,80,80,70,70,70,880,1
70,70,70,70,70,70,70,70,70,66,66,66,345,1
70,70,70,70,70,70,70,70,70,80,80,80,22,2
60,60,60,70,70,70,70,70,70,70,70,70,699,1
60,60,60,70,70,70,76,76,76,70,70,70,768,1
80,80,80,70,70,70,74,74,74,70,70,70,492,1
70,70,70,80,80,80,70,70,70,72,72,72,821,2
60,60,60,70,70,70,70,70,70,70,70,70,633,1
70,70,70,70,70,70,70,70,70,74,74,74,448,2
70,70,70,70,70,70,76,76,76,70,70,70,614,1
60,60,60,70,70,70,80,80,80,70,70,70,209,1
70,70,70,80,80,80,70,70,70,60,60,60,485,1
70,70,70,70,70,70,74,74,74,70,70,70,415,1
60,60,60,70,70,70,68,68,68,70,70,70,764,2
60,60,60,70,70,70,66,66,66,70,70,70,532,2
70,70,70,70,70,70,70,70,70,70,70,70,314,2
80,80,80,70,70,70,74,74,74,70,70,70,459,1
70,70,70,70,70,70,70,70,70,70,70,70,941,2
70,70,70,60,60,60,70,70,70,68,68,68,896,1
70,70,70,70,70,70,70,70,70,60,60,60,573,1
60,60,60,70,70,70,62,62,62,70,70,70,596,2
60,60,60,70,70,70,68,68,68,70,70,70,434,2
70,70,70,70,70,70,70,70,70,74,74,74,811,2
60,60,60,70,70,70,70,70,70,70,70,70,666,1
70,70,70,60,60,60,70,70,70,70,70,70,798,2
70,70,70,70,70,70,60,60,60,70,70,70,804,2
70,70,70,70,70,70,68,68,68,70,70,70,16,2
60,60,60,70,70,70,62,62,62,70,70,70,629,2
70,70,70,60,60,60,70,70,70,76,76,76,471,2
70,70,70,80,80,80,70,70,70,70,70,70,589,2
70,70,70,70,70,70,72,72,72,70,70,70,480,1
80,80,80,70,70,70,76,76,76,70,70,70,790,1
70,70,70,70,70,70,70,70,70,76,76,76,53,2
70,70,70,70,70,70,70,70,70,74,74,74,217,2
60,60,60,70,70,70,62,62,62,70,70,70,827,2
60,60,60,70,70,70,70,70,70,70,70,70,204,1
70,70,70,70,70,70,64,64,64,70,70,70,905,2
80,80,80,70,70,70,78,78,78,70,70,70,824,1
70,70,70,60,60,60,70,70,70,64,64,64,201,1
60,60,60,70,70,70,74,74,74,70,70,70,899,1
60,60,60,70,70,70,72,72,72,70,70,70,403,1
60,60,60,70,70,70,68,68,68,70,70,70,104,2
70,70,70,70,70,70,78,78,78,70,70,70,549,1
70,70,70,80,80,80,70,70,70,66,66,66,686,1
70,70,70,70,70,70,70,70,70,62,62,62,13,1
60,60,60,70,70,70,70,70,70,70,70,70,930,1
60,60,60,70,70,70,66,66,66,70,70,70,730,2
60,60,60,70,70,70,60,60,60,70,70,70,199,2
70,70,70,80,80,80,70,70,70,74,74,74,591,2
60,60,60,70,70,70,74,74,74,70,70,70,107,1
80,80,80,70,70,70,66,66,66,70,70,70,323,2
60,60,60,70,70,70,60,60,60,70,70,70,760,2
70,70,70,70,70,70,66,66,66,70,70,70,147,2
70,70,70,70,70,70,70,70,70,62,62,62,376,1
70,70,70,70,70,70,70,70,70,70,70,70,908,2
60,60,60,70,70,70,60,60,60,70,70,70,232,2
70,70,70,70,70,70,70,70,70,72,72,72,843,2
70,70,70,80,80,80,70,70,70,74,74,74,360,2
80,80,80,70,70,70,70,70,70,70,70,70,160,1
80,80,80,70,70,70,74,74,74,70,70,70,525,1
70,70,70,70,70,70,70,70,70,60,60,60,936,1
60,60,60,70,70,70,78,78,78,70,70,70,670,1
60,60,60,70,70,70,80,80,80,70,70,70,671,1
70,70,70,60,60,60,70,70,70,68,68,68,467,1
60,60,60,70,70,70,76,76,76,70,70,70,273,1
60,60,60,70,70,70,60,60,60,70,70,70,298,2
70,70,70,80,80,80,70,70,70,68,68,68,918,1
70,70,70,80,80,80,70,70,70,64,64,64,388,1
70,70,70,80,80,80,70,70,70,80,80,80,363,2
80,80,80,70,70,70,66,66,66,70,70,70,950,2
70,70,70,80,80,80,70,70,70,76,76,76,493,2
60,60,60,70,70,70,78,78,78,70,70,70,736,1
70,70,70,70,70,70,62,62,62,70,70,70,673,2
80,80,80,70,70,70,60,60,60,70,70,70,650,2
70,70,70,80,80,80,70,70,70,68,68,68,555,1
70,70,70,70,70,70,70,70,70,80,80,80,319,2
60,60,60,70,70,70,78,78,78,70,70,70,703,1
80,80,80,70,70,70,64,64,64,70,70,70,190,2
70,70,70,70,70,70,70,70,70,66,66,66,15,1
60,60,60,70,70,70,66,66,66,70,70,70,367,2
60,60,60,70,70,70,74,74,74,70,70,70,701,1
70,70,70,80,80,80,70,70,70,78,78,78,659,2
60,60,60,70,70,70,72,72,72,70,70,70,106,1
70,70,70,70,70,70,70,70,70,68,68,68,874,1
70,70,70,70,70,70,70,70,70,80,80,80,913,2
70,70,70,70,70,70,70,70,70,80,80,80,979,2
70,70,70,70,70,70,70,70,70,62,62,62,904,1
70,70,70,70,70,70,72,72,72,70,70,70,117,1
70,70,70,70,70,70,72,72,72,70,70,70,612,1
70,70,70,70,70,70,64,64,64,70,70,70,641,2
60,60,60,70,70,70,68,68,68,70,70,70,38,2
70,70,70,70,70,70,70,70,70,68,68,68,643,1
60,60,60,70,70,70,68,68,68,70,70,70,929,2
70,70,70,80,80,80,70,70,70,70,70,70,325,2
60,60,60,70,70,70,74,74,74,70,70,70,74,1
80,80,80,70,70,70,72,72,72,70,70,70,887,1
60,60,60,70,70,70,72,72,72,70,70,70,304,1
80,80,80,70,70,70,74,74,74,70,70,70,888,1
70,70,70,60,60,60,70,70,70,64,64,64,498,1
70,70,70,70,70,70,70,70,70,80,80,80,814,2
80,80,80,70,70,70,72,72,72,70,70,70,359,1
70,70,70,70,70,70,70,70,70,66,66,66,939,1
70,70,70,70,70,70,80,80,80,70,70,70,154,1
70,70,70,70,70,70,62,62,62,70,70,70,310,2
70,70,70,80,80,80,70,70,70,74,74,74,921,2
70,70,70,80,80,80,70,70,70,72,72,72,590,2
70,70,70,70,70,70,70,70,70,70,70,70,182,2
70,70,70,70,70,70,70,70,70,74,74,74,481,2
70,70,70,70,70,70,70,70,70,66,66,66,213,1
60,60,60,70,70,70,62,62,62,70,70,70,134,2
70,70,70,70,70,70,70,70,70,72,72,72,18,2
80,80,80,70,70,70,68,68,68,70,70,70,357,2
60,60,60,70,70,70,68,68,68,70,70,70,401,2
70,70,70,70,70,70,60,60,60,70,70,70,243,2
80,80,80,70,70,70,66,66,66,70,70,70,422,2
60,60,60,70,70,70,80,80,80,70,70,70,605,1
70,70,70,80,80,80,70,70,70,68,68,68,588,1
70,70,70,70,70,70,70,70,70,62,62,62,277,1
80,80,80,70,70,70,78,78,78,70,70,70,725,1
70,70,70,60,60,60,70,70,70,72,72,72,898,2
80,80,80,70,70,70,74,74,74,70,70,70,162,1
60,60,60,70,70,70,66,66,66,70,70,70,433,2
60,60,60,70,70,70,76,76,76,70,70,70,438,1
70,70,70,60,60,60,70,70,70,72,72,72,172,2
70,70,70,80,80,80,70,70,70,80,80,80,924,2
70,70,70,70,70,70,78,78,78,70,70,70,846,1
70,70,70,70,70,70,64,64,64,70,70,70,509,2
70,70,70,70,70,70,68,68,68,70,70,70,544,2
60,60,60,70,70,70,78,78,78,70,70,70,439,1
70,70,70,70,70,70,70,70,70,78,78,78,252,2
70,70,70,80,80,80,70,70,70,72,72,72,623,2
80,80,80,70,70,70,64,64,64,70,70,70,256,2
70,70,70,80,80,80,70,70,70,72,72,72,95,2
80,80,80,70,70,70,66,66,66,70,70,70,257,2
60,60,60,70,70,70,62,62,62,70,70,70,2,2
70,70,70,80,80,80,70,70,70,70,70,70,292,2
60,60,60,70,70,70,78,78,78,70,70,70,175,1
70,70,70,60,60,60,70,70,70,80,80,80,308,2
80,80,80,70,70,70,70,70,70,70,70,70,424,1
60,60,60,70,70,70,64,64,64,70,70,70,234,2
70,70,70,60,60,60,70,70,70,78,78,78,604,2
70,70,70,80,80,80,70,70,70,78,78,78,164,2
70,70,70,80,80,80,70,70,70,62,62,62,684,1
70,70,70,60,60,60,70,70,70,70,70,70,402,2
70,70,70,80,80,80,70,70,70,72,72,72,425,2
70,70,70,70,70,70,70,70,70,68,68,68,214,1
70,70,70,80,80,80,70,70,70,72,72,72,854,2
70,70,70,70,70,70,76,76,76,70,70,70,449,1
70,70,70,80,80,80,70,70,70,74,74,74,723,2
70,70,70,70,70,70,70,70,70,70,70,70,677,2
80,80,80,70,70,70,68,68,68,70,70,70,225,2
70,70,70,70,70,70,68,68,68,70,70,70,676,2
70,70,70,80,80,80,70,70,70,80,80,80,891,2
70,70,70,70,70,70,72,72,72,70,70,70,942,1
70,70,70,70,70,70,70,70,70,74,74,74,943,2
70,70,70,70,70,70,76,76,76,70,70,70,383,1
70,70,70,80,80,80,70,70,70,74,74,74,393,2
60,60,60,70,70,70,62,62,62,70,70,70,431,2
70,70,70,70,70,70,68,68,68,70,70,70,940,2
70,70,70,70,70,70,76,76,76,70,70,70,20,1
70,70,70,80,80,80,70,70,70,60,60,60,584,1
80,80,80,70,70,70,70,70,70,70,70,70,820,1
70,70,70,60,60,60,70,70,70,76,76,76,504,2
70,70,70,70,70,70,70,70,70,72,72,72,414,2
70,70,70,80,80,80,70,70,70,78,78,78,32,2
70,70,70,70,70,70,64,64,64,70,70,70,179,2
70,70,70,70,70,70,64,64,64,70,70,70,542,2
80,80,80,70,70,70,62,62,62,70,70,70,90,2
70,70,70,60,60,60,70,70,70,78,78,78,901,2
70,70,70,70,70,70,70,70,70,70,70,70,215,2
60,60,60,70,70,70,60,60,60,70,70,70,67,2
70,70,70,70,70,70,76,76,76,70,70,70,647,1
70,70,70,70,70,70,74,74,74,70,70,70,283,1
80,80,80,70,70,70,64,64,64,70,70,70,58,2
70,70,70,70,70,70,70,70,70,62,62,62,442,1
60,60,60,70,70,70,68,68,68,70,70,70,533,2
70,70,70,80,80,80,70,70,70,76,76,76,823,2
60,60,60,70,70,70,74,74,74,70,70,70,272,1
70,70,70,70,70,70,70,70,70,70,70,70,743,2
70,70,70,70,70,70,70,70,70,72,72,72,546,2
80,80,80,70,70,70,74,74,74,70,70,70,195,1
60,60,60,70,70,70,76,76,76,70,70,70,867,1
70,70,70,70,70,70,66,66,66,70,70,70,279,2
70,70,70,60,60,60,70,70,70,74,74,74,404,2
70,70,70,70,70,70,70,70,70,68,68,68,412,1
80,80,80,70,70,70,60,60,60,70,70,70,419,2
70,70,70,70,70,70,60,60,60,70,70,70,144,2
70,70,70,80,80,80,70,70,70,64,64,64,355,1
80,80,80,70,70,70,76,76,76,70,70,70,592,1
70,70,70,70,70,70,72,72,72,70,70,70,711,1
70,70,70,70,70,70,70,70,70,66,66,66,906,1
70,70,70,70,70,70,72,72,72,70,70,70,645,1
70,70,70,60,60,60,70,70,70,74,74,74,437,2
60,60,60,70,70,70,60,60,60,70,70,70,628,2
70,70,70,80,80,80,70,70,70,78,78,78,296,2
60,60,60,70,70,70,72,72,72,70,70,70,469,1
80,80,80,70,70,70,70,70,70,70,70,70,28,1
70,70,70,70,70,70,70,70,70,66,66,66,609,1
70,70,70,80,80,80,70,70,70,60,60,60,782,1
70,70,70,80,80,80,70,70,70,76,76,76,757,2
70,70,70,60,60,60,70,70,70,62,62,62,794,1
70,70,70,70,70,70,70,70,70,70,70,70,578,1
70,70,70,60,60,60,70,70,70,72,72,72,436,2
70,70,70,70,70,70,70,70,70,66,66,66,642,1
70,70,70,80,80,80,70,70,70,76,76,76,856,2
70,70,70,80,80,80,70,70,70,80,80,80,396,2
70,70,70,70,70,70,70,70,70,66,66,66,873,1
60,60,60,70,70,70,68,68,68,70,70,70,599,2
70,70,70,80,80,80,70,70,70,74,74,74,261,2
70,70,70,60,60,60,70,70,70,76,76,76,75,2
70,70,70,70,70,70,70,70,70,68,68,68,148,1
60,60,60,70,70,70,72,72,72,70,70,70,337,1
80,80,80,70,70,70,78,78,78,70,70,70,494,1
70,70,70,80,80,80,70,70,70,64,64,64,289,1
70,70,70,70,70,70,70,70,70,80,80,80,682,2
70,70,70,60,60,60,70,70,70,68,68,68,335,1
70,70,70,60,60,60,70,70,70,78,78,78,934,2
70,70,70,70,70,70,70,70,70,72,72,72,678,2
70,70,70,70,70,70,72,72,72,70,70,70,447,1
70,70,70,80,80,80,70,70,70,80,80,80,264,2
70,70,70,70,70,70,64,64,64,70,70,70,278,2
70,70,70,60,60,60,70,70,70,66,66,66,70,1
70,70,70,70,70,70,70,70,70,72,72,72,249,2
70,70,70,60,60,60,70,70,70,78,78,78,637,2
70,70,70,60,60,60,70,70,70,66,66,66,4,1
70,70,70,70,70,70,70,70,70,76,76,76,86,2
70,70,70,60,60,60,70,70,70,74,74,74,503,2
70,70,70,80,80,80,70,70,70,72,72,72,953,2
70,70,70,70,70,70,66,66,66,70,70,70,576,2
70,70,70,60,60,60,70,70,70,76,76,76,669,2
80,80,80,70,70,70,60,60,60,70,70,70,518,2
70,70,70,70,70,70,60,60,60,70,70,70,540,2
80,80,80,70,70,70,80,80,80,70,70,70,429,1
60,60,60,70,70,70,66,66,66,70,70,70,499,2
70,70,70,80,80,80,70,70,70,68,68,68,621,1
70,70,70,80,80,80,70,70,70,74,74,74,855,2
70,70,70,80,80,80,70,70,70,80,80,80,561,2
70,70,70,70,70,70,78,78,78,70,70,70,120,1
70,70,70,60,60,60,70,70,70,72,72,72,502,2
80,80,80,70,70,70,80,80,80,70,70,70,693,1
70,70,70,80,80,80,70,70,70,64,64,64,487,1
70,70,70,70,70,70,68,68,68,70,70,70,49,2
70,70,70,80,80,80,70,70,70,70,70,70,556,2
80,80,80,70,70,70,74,74,74,70,70,70,426,1
70,70,70,70,70,70,78,78,78,70,70,70,615,1
70,70,70,70,70,70,76,76,76,70,70,70,284,1
70,70,70,60,60,60,70,70,70,72,72,72,40,2
70,70,70,70,70,70,70,70,70,70,70,70,413,1
70,70,70,70,70,70,70,70,70,70,70,70,776,2
80,80,80,70,70,70,62,62,62,70,70,70,288,2
70,70,70,60,60,60,70,70,70,70,70,70,501,2
70,70,70,70,70,70,70,70,70,66,66,66,378,1
70,70,70,80,80,80,70,70,70,76,76,76,196,2
60,60,60,70,70,70,70,70,70,70,70,70,39,1
70,70,70,80,80,80,70,70,70,64,64,64,949,1
70,70,70,80,80,80,70,70,70,76,76,76,31,2
70,70,70,60,60,60,70,70,70,66,66,66,268,1
70,70,70,70,70,70,70,70,70,62,62,62,772,1
80,80,80,70,70,70,66,66,66,70,70,70,389,2
70,70,70,80,80,80,70,70,70,62,62,62,519,1
60,60,60,70,70,70,74,74,74,70,70,70,965,1
70,70,70,70,70,70,70,70,70,70,70,70,512,1
60,60,60,70,70,70,60,60,60,70,70,70,727,2
80,80,80,70,70,70,80,80,80,70,70,70,957,1
70,70,70,60,60,60,70,70,70,72,72,72,766,2
70,70,70,70,70,70,70,70,70,70,70,70,380,1
80,80,80,70,70,70,80,80,80,70,70,70,759,1
80,80,80,70,70,70,74,74,74,70,70,70,954,1
60,60,60,70,70,70,66,66,66,70,70,70,334,2
70,70,70,70,70,70,70,70,70,80,80,80,88,2
80,80,80,70,70,70,68,68,68,70,70,70,27,2
70,70,70,80,80,80,70,70,70,74,74,74,756,2
60,60,60,70,70,70,78,78,78,70,70,70,769,1
70,70,70,80,80,80,70,70,70,66,66,66,191,1
70,70,70,60,60,60,70,70,70,78,78,78,505,2
80,80,80,70,70,70,68,68,68,70,70,70,93,2
70,70,70,60,60,60,70,70,70,78,78,78,472,2
70,70,70,60,60,60,70,70,70,74,74,74,305,2
60,60,60,70,70,70,76,76,76,70,70,70,141,1
70,70,70,60,60,60,70,70,70,76,76,76,900,2
70,70,70,70,70,70,70,70,70,60,60,60,639,1
80,80,80,70,70,70,60,60,60,70,70,70,848,2
70,70,70,70,70,70,62,62,62,70,70,70,739,2
70,70,70,60,60,60,70,70,70,66,66,66,235,1
70,70,70,70,70,70,70,70,70,60,60,60,969,1
70,70,70,80,80,80,70,70,70,80,80,80,858,2
60,60,60,70,70,70,62,62,62,70,70,70,398,2
70,70,70,70,70,70,78,78,78,70,70,70,945,1
70,70,70,80,80,80,70,70,70,60,60,60,749,1
70,70,70,80,80,80,70,70,70,68,68,68,390,1
80,80,80,70,70,70,76,76,76,70,70,70,64,1
60,60,60,70,70,70,74,74,74,70,70,70,800,1
60,60,60,70,70,70,78,78,78,70,70,70,10,1
60,60,60,70,70,70,80,80,80,70,70,70,869,1
80,80,80,70,70,70,70,70,70,70,70,70,952,1
80,80,80,70,70,70,80,80,80,70,70,70,99,1
60,60,60,70,70,70,66,66,66,70,70,70,961,2
70,70,70,70,70,70,70,70,70,72,72,72,282,2
70,70,70,80,80,80,70,70,70,74,74,74,294,2
70,70,70,70,70,70,70,70,70,64,64,64,14,1
80,80,80,70,70,70,64,64,64,70,70,70,223,2
70,70,70,60,60,60,70,70,70,64,64,64,927,1
70,70,70,60,60,60,70,70,70,60,60,60,133,1
70,70,70,70,70,70,70,70,70,70,70,70,248,2
60,60,60,70,70,70,66,66,66,70,70,70,862,2
70,70,70,70,70,70,70,70,70,64,64,64,674,1
70,70,70,70,70,70,64,64,64,70,70,70,80,2
70,70,70,60,60,60,70,70,70,66,66,66,565,1
70,70,70,70,70,70,70,70,70,70,70,70,875,1
60,60,60,70,70,70,68,68,68,70,70,70,500,2
80,80,80,70,70,70,62,62,62,70,70,70,651,2
70,70,70,80,80,80,70,70,70,64,64,64,586,1
60,60,60,70,70,70,60,60,60,70,70,70,496,2
70,70,70,70,70,70,76,76,76,70,70,70,548,1
60,60,60,70,70,70,76,76,76,70,70,70,702,1
70,70,70,70,70,70,70,70,70,80,80,80,55,2
80,80,80,70,70,70,74,74,74,70,70,70,657,1
80,80,80,70,70,70,66,66,66,70,70,70,983,2
70,70,70,60,60,60,70,70,70,62,62,62,299,1
80,80,80,70,70,70,64,64,64,70,70,70,751,2
70,70,70,70,70,70,70,70,70,62,62,62,508,1
60,60,60,70,70,70,80,80,80,70,70,70,638,1
70,70,70,80,80,80,70,70,70,76,76,76,691,2
70,70,70,80,80,80,70,70,70,64,64,64,91,1
70,70,70,60,60,60,70,70,70,80,80,80,143,2
70,70,70,80,80,80,70,70,70,76,76,76,427,2
60,60,60,70,70,70,66,66,66,70,70,70,928,2
60,60,60,70,70,70,74,74,74,70,70,70,371,1
70,70,70,70,70,70,70,70,70,70,70,70,611,2
70,70,70,60,60,60,70,70,70,62,62,62,35,1
70,70,70,70,70,70,70,70,70,72,72,72,216,2
80,80,80,70,70,70,64,64,64,70,70,70,454,2
60,60,60,70,70,70,80,80,80,70,70,70,506,1
70,70,70,80,80,80,70,70,70,70,70,70,523,2
80,80,80,70,70,70,70,70,70,70,70,70,358,1
70,70,70,70,70,70,68,68,68,70,70,70,808,2
80,80,80,70,70,70,70,70,70,70,70,70,985,1
60,60,60,70,70,70,68,68,68,70,70,70,632,2
80,80,80,70,70,70,60,60,60,70,70,70,452,2
80,80,80,70,70,70,72,72,72,70,70,70,689,1
70,70,70,60,60,60,70,70,70,74,74,74,140,2
70,70,70,80,80,80,70,70,70,62,62,62,420,1
80,80,80,70,70,70,62,62,62,70,70,70,618,2
70,70,70,70,70,70,70,70,70,62,62,62,937,1
70,70,70,60,60,60,70,70,70,70,70,70,600,2
70,70,70,70,70,70,80,80,80,70,70,70,385,1
70,70,70,60,60,60,70,70,70,74,74,74,536,2
60,60,60,70,70,70,60,60,60,70,70,70,430,2
70,70,70,70,70,70,70,70,70,70,70,70,809,1
70,70,70,80,80,80,70,70,70,64,64,64,850,1
80,80,80,70,70,70,76,76,76,70,70,70,460,1
60,60,60,70,70,70,70,70,70,70,70,70,105,1
60,60,60,70,70,70,76,76,76,70,70,70,636,1
70,70,70,60,60,60,70,70,70,80,80,80,341,2
70,70,70,70,70,70,70,70,70,78,78,78,384,2
70,70,70,80,80,80,70,70,70,68,68,68,687,1
80,80,80,70,70,70,68,68,68,70,70,70,885,2
60,60,60,70,70,70,78,78,78,70,70,70,868,1
70,70,70,60,60,60,70,70,70,74,74,74,470,2
70,70,70,70,70,70,80,80,80,70,70,70,517,1
70,70,70,70,70,70,70,70,70,64,64,64,740,1
70,70,70,70,70,70,70,70,70,62,62,62,871,1
70,70,70,80,80,80,70,70,70,66,66,66,719,1
70,70,70,60,60,60,70,70,70,60,60,60,331,1
60,60,60,70,70,70,72,72,72,70,70,70,865,1
70,70,70,70,70,70,70,70,70,66,66,66,708,1
80,80,80,70,70,70,60,60,60,70,70,70,617,2
60,60,60,70,70,70,78,78,78,70,70,70,307,1
60,60,60,70,70,70,76,76,76,70,70,70,339,1
70,70,70,60,60,60,70,70,70,72,72,72,568,2
80,80,80,70,70,70,80,80,80,70,70,70,528,1
60,60,60,70,70,70,66,66,66,70,70,70,631,2
70,70,70,80,80,80,70,70,70,68,68,68,852,1
80,80,80,70,70,70,74,74,74,70,70,70,987,1
60,60,60,70,70,70,76,76,76,70,70,70,207,1
60,60,60,70,70,70,68,68,68,70,70,70,203,2
80,80,80,70,70,70,60,60,60,70,70,70,980,2
60,60,60,70,70,70,80,80,80,70,70,70,704,1
60,60,60,70,70,70,70,70,70,70,70,70,897,1
70,70,70,70,70,70,74,74,74,70,70,70,85,1
80,80,80,70,70,70,76,76,76,70,70,70,262,1
70,70,70,60,60,60,70,70,70,64,64,64,663,1
70,70,70,70,70,70,70,70,70,70,70,70,710,1
70,70,70,60,60,60,70,70,70,80,80,80,737,2
70,70,70,70,70,70,70,70,70,66,66,66,312,1
70,70,70,80,80,80,70,70,70,76,76,76,658,2
60,60,60,70,70,70,62,62,62,70,70,70,926,2
70,70,70,60,60,60,70,70,70,80,80,80,902,2
70,70,70,60,60,60,70,70,70,76,76,76,537,2
70,70,70,70,70,70,70,70,70,80,80,80,781,2
70,70,70,70,70,70,70,70,70,80,80,80,649,2
70,70,70,70,70,70,70,70,70,72,72,72,579,2
70,70,70,70,70,70,70,70,70,62,62,62,475,1
70,70,70,70,70,70,70,70,70,60,60,60,276,1
70,70,70,70,70,70,78,78,78,70,70,70,912,1
70,70,70,60,60,60,70,70,70,74,74,74,932,2
60,60,60,70,70,70,64,64,64,70,70,70,762,2
70,70,70,80,80,80,70,70,70,66,66,66,587,1
70,70,70,60,60,60,70,70,70,76,76,76,108,2
60,60,60,70,70,70,70,70,70,70,70,70,138,1
70,70,70,70,70,70,70,70,70,64,64,64,806,1
70,70,70,80,80,80,70,70,70,78,78,78,263,2
70,70,70,80,80,80,70,70,70,62,62,62,486,1
70,70,70,70,70,70,70,70,70,74,74,74,712,2
70,70,70,60,60,60,70,70,70,78,78,78,208,2
70,70,70,70,70,70,70,70,70,60,60,60,771,1
70,70,70,80,80,80,70,70,70,62,62,62,816,1
70,70,70,70,70,70,70,70,70,78,78,78,516,2
70,70,70,80,80,80,70,70,70,76,76,76,526,2
70,70,70,80,80,80,70,70,70,72,72,72,392,2
70,70,70,60,60,60,70,70,70,64,64,64,135,1
70,70,70,70,70,70,68,68,68,70,70,70,511,2
60,60,60,70,70,70,68,68,68,70,70,70,368,2
70,70,70,80,80,80,70,70,70,60,60,60,353,1
70,70,70,70,70,70,72,72,72,70,70,70,909,1
70,70,70,80,80,80,70,70,70,60,60,60,815,1
70,70,70,80,80,80,70,70,70,80,80,80,495,2
70,70,70,70,70,70,70,70,70,68,68,68,478,1
70,70,70,70,70,70,70,70,70,74,74,74,580,2
70,70,70,70,70,70,60,60,60,70,70,70,507,2
60,60,60,70,70,70,68,68,68,70,70,70,962,2
70,70,70,70,70,70,60,60,60,70,70,70,474,2
70,70,70,70,70,70,74,74,74,70,70,70,877,1
60,60,60,70,70,70,60,60,60,70,70,70,892,2
70,70,70,70,70,70,70,70,70,62,62,62,970,1
70,70,70,80,80,80,70,70,70,68,68,68,753,1
60,60,60,70,70,70,64,64,64,70,70,70,399,2
70,70,70,70,70,70,70,70,70,64,64,64,839,1
60,60,60,70,70,70,76,76,76,70,70,70,42,1
70,70,70,70,70,70,72,72,72,70,70,70,810,1
60,60,60,70,70,70,80,80,80,70,70,70,275,1
70,70,70,80,80,80,70,70,70,68,68,68,489,1
70,70,70,70,70,70,70,70,70,66,66,66,444,1
70,70,70,70,70,70,80,80,80,70,70,70,451,1
80,80,80,70,70,70,68,68,68,70,70,70,126,2
70,70,70,70,70,70,74,74,74,70,70,70,316,1
70,70,70,60,60,60,70,70,70,62,62,62,167,1
60,60,60,70,70,70,70,70,70,70,70,70,864,1
70,70,70,80,80,80,70,70,70,60,60,60,56,1
70,70,70,60,60,60,70,70,70,64,64,64,36,1
70,70,70,60,60,60,70,70,70,74,74,74,206,2
70,70,70,70,70,70,68,68,68,70,70,70,577,2
80,80,80,70,70,70,72,72,72,70,70,70,986,1
80,80,80,70,70,70,62,62,62,70,70,70,981,2
60,60,60,70,70,70,70,70,70,70,70,70,303,1
80,80,80,70,70,70,62,62,62,70,70,70,255,2
60,60,60,70,70,70,60,60,60,70,70,70,265,2
60,60,60,70,70,70,80,80,80,70,70,70,110,1
70,70,70,70,70,70,70,70,70,76,76,76,350,2
70,70,70,70,70,70,70,70,70,74,74,74,679,2
80,80,80,70,70,70,70,70,70,70,70,70,457,1
70,70,70,80,80,80,70,70,70,62,62,62,849,1
70,70,70,70,70,70,70,70,70,68,68,68,115,1
80,80,80,70,70,70,70,70,70,70,70,70,61,1
60,60,60,70,70,70,80,80,80,70,70,70,11,1
70,70,70,80,80,80,70,70,70,62,62,62,24,1
70,70,70,70,70,70,70,70,70,68,68,68,742,1
70,70,70,80,80,80,70,70,70,78,78,78,230,2
70,70,70,70,70,70,70,70,70,60,60,60,606,1
70,70,70,70,70,70,70,70,70,74,74,74,184,2
70,70,70,70,70,70,78,78,78,70,70,70,978,1
70,70,70,60,60,60,70,70,70,62,62,62,266,1
70,70,70,60,60,60,70,70,70,66,66,66,598,1
70,70,70,80,80,80,70,70,70,60,60,60,23,1
80,80,80,70,70,70,62,62,62,70,70,70,354,2
70,70,70,80,80,80,70,70,70,70,70,70,787,2
70,70,70,60,60,60,70,70,70,68,68,68,170,1
70,70,70,70,70,70,66,66,66,70,70,70,246,2
70,70,70,80,80,80,70,70,70,62,62,62,915,1
70,70,70,70,70,70,60,60,60,70,70,70,210,2
70,70,70,70,70,70,70,70,70,70,70,70,116,2
70,70,70,70,70,70,70,70,70,80,80,80,187,2
70,70,70,70,70,70,70,70,70,64,64,64,410,1
80,80,80,70,70,70,72,72,72,70,70,70,920,1
70,70,70,70,70,70,70,70,70,62,62,62,706,1
60,60,60,70,70,70,72,72,72,70,70,70,964,1
80,80,80,70,70,70,72,72,72,70,70,70,62,1
60,60,60,70,70,70,68,68,68,70,70,70,302,2
70,70,70,60,60,60,70,70,70,80,80,80,176,2
80,80,80,70,70,70,80,80,80,70,70,70,594,1
70,70,70,60,60,60,70,70,70,62,62,62,662,1
80,80,80,70,70,70,66,66,66,70,70,70,785,2
70,70,70,70,70,70,74,74,74,70,70,70,910,1
60,60,60,70,70,70,62,62,62,70,70,70,563,2
70,70,70,60,60,60,70,70,70,60,60,60,397,1
70,70,70,70,70,70,80,80,80,70,70,70,286,1
80,80,80,70,70,70,80,80,80,70,70,70,132,1
60,60,60,70,70,70,64,64,64,70,70,70,828,2
70,70,70,60,60,60,70,70,70,68,68,68,137,1
70,70,70,70,70,70,74,74,74,70,70,70,745,1
70,70,70,80,80,80,70,70,70,70,70,70,94,2
60,60,60,70,70,70,64,64,64,70,70,70,531,2
70,70,70,80,80,80,70,70,70,60,60,60,122,1
60,60,60,70,70,70,70,70,70,70,70,70,336,1
70,70,70,70,70,70,68,68,68,70,70,70,280,2
70,70,70,70,70,70,70,70,70,60,60,60,177,1
70,70,70,80,80,80,70,70,70,60,60,60,188,1
80,80,80,70,70,70,74,74,74,70,70,70,327,1
70,70,70,80,80,80,70,70,70,66,66,66,917,1
70,70,70,60,60,60,70,70,70,66,66,66,796,1
60,60,60,70,70,70,68,68,68,70,70,70,269,2
80,80,80,70,70,70,74,74,74,70,70,70,63,1
60,60,60,70,70,70,60,60,60,70,70,70,595,2
70,70,70,70,70,70,70,70,70,70,70,70,347,2
70,70,70,70,70,70,70,70,70,64,64,64,872,1
80,80,80,70,70,70,66,66,66,70,70,70,851,2
80,80,80,70,70,70,70,70,70,70,70,70,721,1
80,80,80,70,70,70,68,68,68,70,70,70,423,2
70,70,70,70,70,70,70,70,70,66,66,66,741,1
70,70,70,60,60,60,70,70,70,66,66,66,169,1
60,60,60,70,70,70,62,62,62,70,70,70,761,2
70,70,70,70,70,70,70,70,70,72,72,72,183,2
60,60,60,70,70,70,78,78,78,70,70,70,571,1
70,70,70,70,70,70,70,70,70,76,76,76,713,2
70,70,70,60,60,60,70,70,70,78,78,78,967,2
