144,143,141,144,143,141,141,140,137,144,143,141,235,2
144,143,141,144,143,141,148,147,144,144,143,141,261,1
144,143,141,144,143,141,144,143,141,153,152,150,275,2
144,143,141,144,143,141,135,134,131,144,143,141,45,2
144,143,141,144,143,141,151,150,148,144,143,141,208,1
144,143,141,144,143,141,144,143,141,153,152,150,198,2
144,143,141,144,143,141,144,143,141,153,152,150,154,2
144,143,141,144,143,141,144,143,141,143,141,139,49,1
144,143,141,144,143,141,144,143,141,144,143,141,237,1
144,143,141,144,143,141,144,143,141,143,141,139,27,1
144,143,141,144,143,141,151,150,148,144,143,141,329,1
144,143,141,144,143,141,139,138,135,144,143,141,69,2
144,143,141,144,143,141,141,140,137,144,143,141,59,2
144,143,141,144,143,141,144,143,141,137,136,133,200,1
144,143,141,144,143,141,144,143,141,137,136,133,310,1
144,143,141,144,143,141,137,136,133,144,143,141,57,2
144,143,141,144,143,141,151,150,148,144,143,141,109,1
144,143,141,144,143,141,141,140,137,144,143,141,103,2
144,143,141,144,143,141,144,143,141,141,140,137,323,1
144,143,141,144,143,141,144,143,141,148,147,144,184,2
144,143,141,144,143,141,144,143,141,148,147,144,206,2
144,143,141,144,143,141,144,143,141,139,138,135,300,1
144,143,141,144,143,141,144,143,141,150,149,146,86,2
144,143,141,144,143,141,150,149,146,144,143,141,53,1
144,143,141,144,143,141,144,143,141,146,145,143,51,2
144,143,141,144,143,141,144,143,141,153,152,150,308,2
144,143,141,144,143,141,148,147,144,144,143,141,63,1
144,143,141,144,143,141,144,143,141,141,140,137,136,1
144,143,141,144,143,141,137,136,133,144,143,141,288,2
144,143,141,144,143,141,144,143,141,151,150,148,120,2
144,143,141,144,143,141,153,152,150,144,143,141,110,1
144,143,141,144,143,141,144,143,141,144,143,141,50,2
144,143,141,144,143,141,153,152,150,144,143,141,88,1
144,143,141,144,143,141,144,143,141,135,134,131,23,1
144,143,141,144,143,141,144,143,141,143,141,139,93,1
144,143,141,144,143,141,144,143,141,151,150,148,21,2
144,143,141,144,143,141,143,141,139,144,143,141,159,2
144,143,141,144,143,141,144,143,141,139,138,135,201,1
144,143,141,144,143,141,150,149,146,144,143,141,9,1
144,143,141,144,143,141,144,143,141,148,147,144,162,2
144,143,141,144,143,141,144,143,141,146,145,143,62,2
144,143,141,144,143,141,144,143,141,137,136,133,189,1
144,143,141,144,143,141,144,143,141,144,143,141,149,2
144,143,141,144,143,141,137,136,133,144,143,141,178,2
144,143,141,144,143,141,146,145,143,144,143,141,18,1
144,143,141,144,143,141,144,143,141,137,136,133,46,1
144,143,141,144,143,141,144,143,141,144,143,141,259,2
144,143,141,144,143,141,144,143,141,151,150,148,65,2
144,143,141,144,143,141,141,140,137,144,143,141,125,2
144,143,141,144,143,141,144,143,141,151,150,148,87,2
144,143,141,144,143,141,144,143,141,151,150,148,230,2
144,143,141,144,143,141,143,141,139,144,143,141,71,2
144,143,141,144,143,141,144,143,141,143,141,139,313,1
144,143,141,144,143,141,148,147,144,144,143,141,140,1
144,143,141,144,143,141,144,143,141,151,150,148,274,2
144,143,141,144,143,141,144,143,141,146,145,143,139,2
144,143,141,144,143,141,144,143,141,137,136,133,167,1
144,143,141,144,143,141,139,138,135,144,143,141,256,2
144,143,141,144,143,141,144,143,141,137,136,133,79,1
144,143,141,144,143,141,144,143,141,151,150,148,32,2
144,143,141,144,143,141,144,143,141,137,136,133,90,1
144,143,141,144,143,141,144,143,141,141,140,137,312,1
144,143,141,144,143,141,150,149,146,144,143,141,284,1
144,143,141,144,143,141,141,140,137,144,143,141,147,2
144,143,141,144,143,141,144,143,141,144,143,141,105,1
144,143,141,144,143,141,151,150,148,144,143,141,296,1
144,143,141,144,143,141,144,143,141,150,149,146,328,2
144,143,141,144,143,141,143,141,139,144,143,141,291,2
144,143,141,144,143,141,144,143,141,135,134,131,12,1
144,143,141,144,143,141,144,143,141,150,149,146,130,2
144,143,141,144,143,141,144,143,141,148,147,144,96,2
144,143,141,144,143,141,144,143,141,151,150,148,318,2
144,143,141,144,143,141,144,143,141,139,138,135,14,1
144,143,141,144,143,141,137,136,133,144,143,141,255,2
144,143,141,144,143,141,144,143,141,135,134,131,199,1
144,143,141,144,143,141,144,143,141,148,147,144,52,2
144,143,141,144,143,141,150,149,146,144,143,141,185,1
144,143,141,144,143,141,144,143,141,137,136,133,13,1
144,143,141,144,143,141,141,140,137,144,143,141,279,2
144,143,141,144,143,141,146,145,143,144,143,141,326,1
144,143,141,144,143,141,144,143,141,148,147,144,305,2
144,143,141,144,143,141,144,143,141,139,138,135,113,1
144,143,141,144,143,141,144,143,141,141,140,137,169,1
144,143,141,144,143,141,144,143,141,139,138,135,157,1
144,143,141,144,143,141,144,143,141,148,147,144,294,2
144,143,141,144,143,141,143,141,139,144,143,141,192,2
144,143,141,144,143,141,144,143,141,143,141,139,115,1
144,143,141,144,143,141,144,143,141,135,134,131,243,1
144,143,141,144,143,141,144,143,141,141,140,137,4,1
144,143,141,144,143,141,144,143,141,153,152,150,99,2
144,143,141,144,143,141,151,150,148,144,143,141,142,1
144,143,141,144,143,141,144,143,141,150,149,146,295,2
144,143,141,144,143,141,143,141,139,144,143,141,82,2
144,143,141,144,143,141,148,147,144,144,143,141,173,1
144,143,141,144,143,141,144,143,141,143,141,139,16,1
144,143,141,144,143,141,144,143,141,137,136,133,101,1
144,143,141,144,143,141,144,143,141,146,145,143,117,2
144,143,141,144,143,141,144,143,141,148,147,144,239,2
144,143,141,144,143,141,146,145,143,144,143,141,194,1
144,143,141,144,143,141,144,143,141,146,145,143,315,2
144,143,141,144,143,141,144,143,141,144,143,141,314,2
144,143,141,144,143,141,148,147,144,144,143,141,107,1
144,143,141,144,143,141,144,143,141,150,149,146,240,2
144,143,141,144,143,141,139,138,135,144,143,141,25,2
144,143,141,144,143,141,141,140,137,144,143,141,114,2
144,143,141,144,143,141,144,143,141,144,143,141,226,2
144,143,141,144,143,141,144,143,141,135,134,131,221,1
144,143,141,144,143,141,135,134,131,144,143,141,122,2
144,143,141,144,143,141,144,143,141,153,152,150,330,2
144,143,141,144,143,141,144,143,141,151,150,148,164,2
144,143,141,144,143,141,141,140,137,144,143,141,70,2
144,143,141,144,143,141,141,140,137,144,143,141,158,2
144,143,141,144,143,141,135,134,131,144,143,141,89,2
144,143,141,144,143,141,137,136,133,144,143,141,134,2
144,143,141,144,143,141,144,143,141,135,134,131,166,1
144,143,141,144,143,141,144,143,141,141,140,137,81,1
144,143,141,144,143,141,144,143,141,151,150,148,54,2
144,143,141,144,143,141,144,143,141,137,136,133,156,1
144,143,141,144,143,141,144,143,141,137,136,133,299,1
144,143,141,144,143,141,144,143,141,146,145,143,29,2
144,143,141,144,143,141,144,143,141,143,141,139,302,1
144,143,141,144,143,141,151,150,148,144,143,141,153,1
144,143,141,144,143,141,144,143,141,148,147,144,228,2
144,143,141,144,143,141,144,143,141,150,149,146,262,2
144,143,141,144,143,141,144,143,141,153,152,150,264,2
144,143,141,144,143,141,148,147,144,144,143,141,151,1
144,143,141,144,143,141,144,143,141,150,149,146,317,2
144,143,141,144,143,141,144,143,141,151,150,148,131,2
144,143,141,144,143,141,144,143,141,141,140,137,48,1
144,143,141,144,143,141,144,143,141,144,143,141,204,1
144,143,141,144,143,141,144,143,141,144,143,141,116,2
144,143,141,144,143,141,144,143,141,144,143,141,6,1
144,143,141,144,143,141,139,138,135,144,143,141,36,2
144,143,141,144,143,141,141,140,137,144,143,141,224,2
144,143,141,144,143,141,144,143,141,144,143,141,182,2
144,143,141,144,143,141,144,143,141,144,143,141,303,2
144,143,141,144,143,141,153,152,150,144,143,141,297,1
144,143,141,144,143,141,144,143,141,150,149,146,196,2
144,143,141,144,143,141,144,143,141,135,134,131,276,1
144,143,141,144,143,141,144,143,141,137,136,133,145,1
144,143,141,144,143,141,144,143,141,150,149,146,218,2
144,143,141,144,143,141,146,145,143,144,143,141,161,1
144,143,141,144,143,141,144,143,141,144,143,141,83,1
144,143,141,144,143,141,144,143,141,151,150,148,76,2
144,143,141,144,143,141,144,143,141,148,147,144,8,2
144,143,141,144,143,141,139,138,135,144,143,141,91,2
144,143,141,144,143,141,144,143,141,143,141,139,181,1
144,143,141,144,143,141,144,143,141,144,143,141,193,1
144,143,141,144,143,141,141,140,137,144,143,141,290,2
144,143,141,144,143,141,137,136,133,144,143,141,35,2
144,143,141,144,143,141,150,149,146,144,143,141,152,1
144,143,141,144,143,141,143,141,139,144,143,141,137,2
144,143,141,144,143,141,135,134,131,144,143,141,56,2
144,143,141,144,143,141,153,152,150,144,143,141,176,1
144,143,141,144,143,141,144,143,141,144,143,141,138,1
144,143,141,144,143,141,135,134,131,144,143,141,144,2
144,143,141,144,143,141,146,145,143,144,143,141,227,1
144,143,141,144,143,141,146,145,143,144,143,141,304,1
144,143,141,144,143,141,144,143,141,151,150,148,252,2
144,143,141,144,143,141,144,143,141,144,143,141,127,1
144,143,141,144,143,141,141,140,137,144,143,141,213,2
144,143,141,144,143,141,144,143,141,153,152,150,209,2
144,143,141,144,143,141,137,136,133,144,143,141,321,2
144,143,141,144,143,141,144,143,141,148,147,144,327,2
144,143,141,144,143,141,144,143,141,144,143,141,17,1
144,143,141,144,143,141,144,143,141,144,143,141,39,1
144,143,141,144,143,141,144,143,141,139,138,135,146,1
144,143,141,144,143,141,144,143,141,144,143,141,215,1
144,143,141,144,143,141,144,143,141,137,136,133,211,1
144,143,141,144,143,141,144,143,141,151,150,148,43,2
144,143,141,144,143,141,144,143,141,153,152,150,242,2
144,143,141,144,143,141,146,145,143,144,143,141,183,1
144,143,141,144,143,141,144,143,141,153,152,150,11,2
144,143,141,144,143,141,153,152,150,144,143,141,187,1
144,143,141,144,143,141,144,143,141,153,152,150,253,2
144,143,141,144,143,141,144,143,141,151,150,148,186,2
144,143,141,144,143,141,144,143,141,144,143,141,28,2
144,143,141,144,143,141,144,143,141,144,143,141,94,2
144,143,141,144,143,141,143,141,139,144,143,141,247,2
144,143,141,144,143,141,144,143,141,135,134,131,298,1
144,143,141,144,143,141,144,143,141,135,134,131,287,1
144,143,141,144,143,141,139,138,135,144,143,141,234,2
144,143,141,144,143,141,144,143,141,153,152,150,22,2
144,143,141,144,143,141,143,141,139,144,143,141,214,2
144,143,141,144,143,141,137,136,133,144,143,141,2,2
144,143,141,144,143,141,144,143,141,148,147,144,250,2
144,143,141,144,143,141,144,143,141,141,140,137,257,1
144,143,141,144,143,141,144,143,141,139,138,135,3,1
144,143,141,144,143,141,139,138,135,144,143,141,289,2
144,143,141,144,143,141,137,136,133,144,143,141,222,2
144,143,141,144,143,141,141,140,137,144,143,141,191,2
144,143,141,144,143,141,151,150,148,144,143,141,10,1
144,143,141,144,143,141,144,143,141,135,134,131,232,1
144,143,141,144,143,141,135,134,131,144,143,141,254,2
144,143,141,144,143,141,139,138,135,144,143,141,102,2
144,143,141,144,143,141,141,140,137,144,143,141,301,2
144,143,141,144,143,141,144,143,141,146,145,143,150,2
144,143,141,144,143,141,148,147,144,144,143,141,217,1
144,143,141,144,143,141,144,143,141,151,150,148,285,2
144,143,141,144,143,141,144,143,141,139,138,135,223,1
144,143,141,144,143,141,144,143,141,153,152,150,220,2
144,143,141,144,143,141,143,141,139,144,143,141,104,2
144,143,141,144,143,141,153,152,150,144,143,141,286,1
144,143,141,144,143,141,150,149,146,144,143,141,97,1
144,143,141,144,143,141,144,143,141,135,134,131,133,1
144,143,141,144,143,141,144,143,141,139,138,135,168,1
144,143,141,144,143,141,144,143,141,139,138,135,135,1
144,143,141,144,143,141,144,143,141,151,150,148,219,2
144,143,141,144,143,141,135,134,131,144,143,141,265,2
144,143,141,144,143,141,144,143,141,150,149,146,163,2
144,143,141,144,143,141,153,152,150,144,143,141,231,1
144,143,141,144,143,141,144,143,141,144,143,141,292,2
144,143,141,144,143,141,144,143,141,146,145,143,238,2
144,143,141,144,143,141,141,140,137,144,143,141,268,2
144,143,141,144,143,141,144,143,141,135,134,131,111,1
144,143,141,144,143,141,141,140,137,144,143,141,92,2
144,143,141,144,143,141,144,143,141,148,147,144,85,2
144,143,141,144,143,141,144,143,141,139,138,135,267,1
144,143,141,144,143,141,153,152,150,144,143,141,121,1
144,143,141,144,143,141,151,150,148,144,143,141,175,1
144,143,141,144,143,141,144,143,141,150,149,146,174,2
144,143,141,144,143,141,135,134,131,144,143,141,34,2
144,143,141,144,143,141,144,143,141,144,143,141,61,2
144,143,141,144,143,141,146,145,143,144,143,141,260,1
144,143,141,144,143,141,148,147,144,144,143,141,74,1
144,143,141,144,143,141,153,152,150,144,143,141,77,1
144,143,141,144,143,141,144,143,141,139,138,135,179,1
144,143,141,144,143,141,150,149,146,144,143,141,229,1
144,143,141,144,143,141,144,143,141,146,145,143,7,2
144,143,141,144,143,141,143,141,139,144,143,141,5,2
144,143,141,144,143,141,141,140,137,144,143,141,37,2
144,143,141,144,143,141,137,136,133,144,143,141,112,2
144,143,141,144,143,141,150,149,146,144,143,141,42,1
144,143,141,144,143,141,144,143,141,139,138,135,245,1
144,143,141,144,143,141,139,138,135,144,143,141,322,2
144,143,141,144,143,141,153,152,150,144,143,141,132,1
144,143,141,144,143,141,144,143,141,139,138,135,190,1
144,143,141,144,143,141,144,143,141,139,138,135,80,1
144,143,141,144,143,141,144,143,141,137,136,133,68,1
144,143,141,144,143,141,148,147,144,144,143,141,283,1
144,143,141,144,143,141,153,152,150,144,143,141,33,1
144,143,141,144,143,141,144,143,141,143,141,139,280,1
144,143,141,144,143,141,144,143,141,135,134,131,188,1
144,143,141,144,143,141,137,136,133,144,143,141,24,2
144,143,141,144,143,141,139,138,135,144,143,141,311,2
144,143,141,144,143,141,144,143,141,144,143,141,171,2
144,143,141,144,143,141,144,143,141,143,141,139,225,1
144,143,141,144,143,141,150,149,146,144,143,141,64,1
144,143,141,144,143,141,139,138,135,144,143,141,58,2
144,143,141,144,143,141,144,143,141,139,138,135,212,1
144,143,141,144,143,141,144,143,141,148,147,144,195,2
144,143,141,144,143,141,150,149,146,144,143,141,141,1
144,143,141,144,143,141,144,143,141,141,140,137,26,1
144,143,141,144,143,141,144,143,141,148,147,144,19,2
144,143,141,144,143,141,144,143,141,137,136,133,244,1
144,143,141,144,143,141,144,143,141,144,143,141,281,2
144,143,141,144,143,141,144,143,141,141,140,137,246,1
144,143,141,144,143,141,144,143,141,153,152,150,55,2
144,143,141,144,143,141,135,134,131,144,143,141,78,2
144,143,141,144,143,141,144,143,141,146,145,143,84,2
144,143,141,144,143,141,144,143,141,143,141,139,126,1
144,143,141,144,143,141,144,143,141,143,141,139,236,1
144,143,141,144,143,141,144,143,141,143,141,139,38,1
144,143,141,144,143,141,144,143,141,148,147,144,30,2
144,143,141,144,143,141,144,143,141,137,136,133,233,1
144,143,141,144,143,141,144,143,141,143,141,139,148,1
144,143,141,144,143,141,144,143,141,150,149,146,306,2
144,143,141,144,143,141,137,136,133,144,143,141,277,2
144,143,141,144,143,141,143,141,139,144,143,141,203,2
144,143,141,144,143,141,144,143,141,146,145,143,40,2
144,143,141,144,143,141,144,143,141,150,149,146,119,2
144,143,141,144,143,141,146,145,143,144,143,141,95,1
144,143,141,144,143,141,144,143,141,135,134,131,210,1
144,143,141,144,143,141,144,143,141,148,147,144,41,2
144,143,141,144,143,141,150,149,146,144,143,141,31,1
144,143,141,144,143,141,153,152,150,144,143,141,165,1
144,143,141,144,143,141,144,143,141,148,147,144,129,2
144,143,141,144,143,141,135,134,131,144,143,141,67,2
144,143,141,144,143,141,143,141,139,144,143,141,258,2
144,143,141,144,143,141,144,143,141,151,150,148,197,2
144,143,141,144,143,141,144,143,141,146,145,143,73,2
144,143,141,144,143,141,144,143,141,151,150,148,98,2
144,143,141,144,143,141,146,145,143,144,143,141,128,1
144,143,141,144,143,141,135,134,131,144,143,141,320,2
144,143,141,144,143,141,144,143,141,135,134,131,177,1
144,143,141,144,143,141,146,145,143,144,143,141,216,1
144,143,141,144,143,141,137,136,133,144,143,141,123,2
144,143,141,144,143,141,135,134,131,144,143,141,309,2
144,143,141,144,143,141,141,140,137,144,143,141,15,2
144,143,141,144,143,141,135,134,131,144,143,141,100,2
144,143,141,144,143,141,144,143,141,135,134,131,1,1
144,143,141,144,143,141,146,145,143,144,143,141,249,1
144,143,141,144,143,141,144,143,141,144,143,141,325,1
144,143,141,144,143,141,144,143,141,148,147,144,272,2
144,143,141,144,143,141,144,143,141,146,145,143,106,2
144,143,141,144,143,141,143,141,139,144,143,141,324,2
144,143,141,144,143,141,150,149,146,144,143,141,75,1
144,143,141,144,143,141,144,143,141,144,143,141,248,1
144,143,141,144,143,141,144,143,141,141,140,137,180,1
144,143,141,144,143,141,153,152,150,144,143,141,66,1
144,143,141,144,143,141,144,143,141,148,147,144,118,2
144,143,141,144,143,141,144,143,141,144,143,141,160,1
144,143,141,144,143,141,143,141,139,144,143,141,269,2
144,143,141,144,143,141,146,145,143,144,143,141,282,1
144,143,141,144,143,141,144,143,141,150,149,146,20,2
144,143,141,144,143,141,144,143,141,151,150,148,307,2
144,143,141,144,143,141,144,143,141,146,145,143,172,2
144,143,141,144,143,141,150,149,146,144,143,141,108,1
144,143,141,144,143,141,139,138,135,144,143,141,47,2
144,143,141,144,143,141,144,143,141,148,147,144,316,2
144,143,141,144,143,141,144,143,141,146,145,143,205,2
144,143,141,144,143,141,144,143,141,144,143,141,270,2
144,143,141,144,143,141,144,143,141,139,138,135,278,1
144,143,141,144,143,141,144,143,141,135,134,131,155,1
144,143,141,144,143,141,151,150,148,144,143,141,241,1
144,143,141,144,143,141,144,143,141,153,152,150,143,2
144,143,141,144,143,141,150,149,146,144,143,141,207,1
144,143,141,144,143,141,144,143,141,143,141,139,60,1
144,143,141,144,143,141,146,145,143,144,143,141,293,1
144,143,141,144,143,141,139,138,135,144,143,141,124,2
144,143,141,144,143,141,151,150,148,144,143,141,263,1
144,143,141,144,143,141,144,143,141,150,149,146,251,2
144,143,141,144,143,141,144,143,141,143,141,139,170,1
144,143,141,144,143,141,137,136,133,144,143,141,266,2
144,143,141,144,143,141,153,152,150,144,143,141,319,1
144,143,141,144,143,141,144,143,141,144,143,141,72,1
144,143,141,144,143,141,144,143,141,153,152,150,44,2
144,143,141,144,143,141,141,140,137,144,143,141,202,2
144,143,141,144,143,141,144,143,141,150,149,146,273,2
144,143,141,144,143,141,146,145,143,144,143,141,271,1
