113,112,109,113,112,109,113,112,109,108,106,104,48,1
99,98,95,113,112,109,105,104,101,113,112,109,36,2
113,112,109,113,112,109,102,101,98,113,112,109,46,2
113,112,109,113,112,109,108,106,104,113,112,109,15,2
99,98,95,113,112,109,99,98,95,113,112,109,34,2
113,112,109,99,98,95,113,112,109,113,112,109,39,2
113,112,109,99,98,95,113,112,109,110,109,106,38,1
113,112,109,99,98,95,113,112,109,108,106,104,4,1
113,112,109,125,123,121,113,112,109,125,123,121,33,2
113,112,109,125,123,121,113,112,109,99,98,95,56,1
113,112,109,113,112,109,120,119,116,113,112,109,20,1
99,98,95,113,112,109,125,123,121,113,112,109,11,1
113,112,109,99,98,95,113,112,109,118,116,114,41,2
113,112,109,99,98,95,113,112,109,105,104,101,3,1
113,112,109,113,112,109,122,121,118,113,112,109,54,1
125,123,121,113,112,109,108,106,104,113,112,109,26,2
113,112,109,99,98,95,113,112,109,120,119,116,9,2
113,112,109,99,98,95,113,112,109,125,123,121,44,2
99,98,95,113,112,109,99,98,95,113,112,109,1,2
113,112,109,113,112,109,125,123,121,113,112,109,55,1
113,112,109,125,123,121,113,112,109,102,101,98,57,1
113,112,109,113,112,109,115,114,111,113,112,109,51,1
113,112,109,125,123,121,113,112,109,120,119,116,31,2
113,112,109,99,98,95,113,112,109,102,101,98,35,1
113,112,109,113,112,109,113,112,109,113,112,109,17,2
113,112,109,99,98,95,113,112,109,115,114,111,7,2
113,112,109,113,112,109,122,121,118,113,112,109,21,1
125,123,121,113,112,109,115,114,111,113,112,109,62,1
99,98,95,113,112,109,108,106,104,113,112,109,37,2
113,112,109,99,98,95,113,112,109,118,116,114,8,2
125,123,121,113,112,109,125,123,121,113,112,109,66,1
113,112,109,113,112,109,118,116,114,113,112,109,52,1
125,123,121,113,112,109,110,109,106,113,112,109,60,2
113,112,109,125,123,121,113,112,109,118,116,114,30,2
125,123,121,113,112,109,118,116,114,113,112,109,63,1
113,112,109,125,123,121,113,112,109,105,104,101,58,1
113,112,109,113,112,109,99,98,95,113,112,109,12,2
125,123,121,113,112,109,113,112,109,113,112,109,61,1
113,112,109,125,123,121,113,112,109,102,101,98,24,1
113,112,109,113,112,109,113,112,109,105,104,101,47,1
113,112,109,113,112,109,113,112,109,110,109,106,16,1
113,112,109,113,112,109,115,114,111,113,112,109,18,1
125,123,121,113,112,109,105,104,101,113,112,109,25,2
113,112,109,125,123,121,113,112,109,115,114,111,29,2
113,112,109,99,98,95,113,112,109,113,112,109,6,2
113,112,109,125,123,121,113,112,109,122,121,118,65,2
113,112,109,113,112,109,113,112,109,99,98,95,45,1
113,112,109,113,112,109,113,112,109,105,104,101,14,1
99,98,95,113,112,109,122,121,118,113,112,109,10,1
125,123,121,113,112,109,110,109,106,113,112,109,27,2
125,123,121,113,112,109,120,119,116,113,112,109,64,1
113,112,109,113,112,109,113,112,109,125,123,121,22,2
113,112,109,113,112,109,110,109,106,113,112,109,49,2
113,112,109,113,112,109,113,112,109,120,119,116,53,2
113,112,109,99,98,95,113,112,109,122,121,118,43,2
99,98,95,113,112,109,115,114,111,113,112,109,40,1
113,112,109,113,112,109,113,112,109,118,116,114,19,2
99,98,95,113,112,109,102,101,98,113,112,109,2,2
113,112,109,113,112,109,113,112,109,102,101,98,13,1
113,112,109,99,98,95,113,112,109,120,119,116,42,2
125,123,121,113,112,109,113,112,109,113,112,109,28,1
125,123,121,113,112,109,122,121,118,113,112,109,32,1
125,123,121,113,112,109,99,98,95,113,112,109,23,2
113,112,109,99,98,95,113,112,109,110,109,106,5,1
113,112,109,113,112,109,113,112,109,113,112,109,50,1
125,123,121,113,112,109,108,106,104,113,112,109,59,2
