70,70,70,60,60,60,70,70,70,74,74,74,74,2
80,80,80,70,70,70,80,80,80,70,70,70,693,1
80,80,80,70,70,70,64,64,64,70,70,70,355,2
80,80,80,70,70,70,72,72,72,70,70,70,887,1
70,70,70,60,60,60,70,70,70,64,64,64,201,1
80,80,80,70,70,70,62,62,62,70,70,70,90,2
70,70,70,70,70,70,70,70,70,60,60,60,804,1
70,70,70,60,60,60,70,70,70,78,78,78,208,2
70,70,70,70,70,70,78,78,78,70,70,70,516,1
60,60,60,70,70,70,76,76,76,70,70,70,702,1
70,70,70,70,70,70,60,60,60,70,70,70,276,2
80,80,80,70,70,70,64,64,64,70,70,70,850,2
70,70,70,60,60,60,70,70,70,70,70,70,666,2
70,70,70,80,80,80,70,70,70,72,72,72,590,2
60,60,60,70,70,70,76,76,76,70,70,70,768,1
70,70,70,70,70,70,70,70,70,62,62,62,904,1
80,80,80,70,70,70,66,66,66,70,70,70,92,2
60,60,60,70,70,70,68,68,68,70,70,70,797,2
70,70,70,70,70,70,70,70,70,66,66,66,939,1
70,70,70,70,70,70,70,70,70,64,64,64,938,1
70,70,70,70,70,70,78,78,78,70,70,70,219,1
80,80,80,70,70,70,64,64,64,70,70,70,25,2
70,70,70,60,60,60,70,70,70,60,60,60,793,1
70,70,70,80,80,80,70,70,70,78,78,78,98,2
80,80,80,70,70,70,64,64,64,70,70,70,586,2
80,80,80,70,70,70,78,78,78,70,70,70,329,1
70,70,70,70,70,70,72,72,72,70,70,70,810,1
70,70,70,60,60,60,70,70,70,74,74,74,338,2
80,80,80,70,70,70,80,80,80,70,70,70,330,1
70,70,70,70,70,70,72,72,72,70,70,70,282,1
80,80,80,70,70,70,76,76,76,70,70,70,625,1
80,80,80,70,70,70,66,66,66,70,70,70,917,2
70,70,70,70,70,70,68,68,68,70,70,70,676,2
60,60,60,70,70,70,74,74,74,70,70,70,668,1
60,60,60,70,70,70,66,66,66,70,70,70,928,2
60,60,60,70,70,70,74,74,74,70,70,70,866,1
80,80,80,70,70,70,80,80,80,70,70,70,957,1
70,70,70,70,70,70,72,72,72,70,70,70,249,1
70,70,70,80,80,80,70,70,70,62,62,62,189,1
70,70,70,70,70,70,70,70,70,76,76,76,845,2
70,70,70,60,60,60,70,70,70,70,70,70,501,2
70,70,70,80,80,80,70,70,70,66,66,66,587,1
70,70,70,70,70,70,70,70,70,60,60,60,441,1
70,70,70,60,60,60,70,70,70,72,72,72,40,2
70,70,70,60,60,60,70,70,70,66,66,66,136,1
70,70,70,70,70,70,70,70,70,70,70,70,941,2
70,70,70,60,60,60,70,70,70,76,76,76,570,2
70,70,70,60,60,60,70,70,70,72,72,72,799,2
70,70,70,60,60,60,70,70,70,68,68,68,533,1
70,70,70,80,80,80,70,70,70,66,66,66,851,1
70,70,70,60,60,60,70,70,70,76,76,76,207,2
80,80,80,70,70,70,62,62,62,70,70,70,24,2
70,70,70,70,70,70,60,60,60,70,70,70,672,2
70,70,70,80,80,80,70,70,70,64,64,64,421,1
70,70,70,70,70,70,74,74,74,70,70,70,118,1
60,60,60,70,70,70,78,78,78,70,70,70,241,1
70,70,70,80,80,80,70,70,70,64,64,64,58,1
70,70,70,70,70,70,68,68,68,70,70,70,742,2
70,70,70,70,70,70,80,80,80,70,70,70,979,1
70,70,70,80,80,80,70,70,70,74,74,74,591,2
70,70,70,70,70,70,66,66,66,70,70,70,81,2
70,70,70,70,70,70,70,70,70,70,70,70,149,1
70,70,70,70,70,70,70,70,70,78,78,78,54,2
70,70,70,70,70,70,70,70,70,80,80,80,55,2
60,60,60,70,70,70,80,80,80,70,70,70,11,1
60,60,60,70,70,70,60,60,60,70,70,70,100,2
70,70,70,70,70,70,70,70,70,68,68,68,379,1
80,80,80,70,70,70,60,60,60,70,70,70,386,2
70,70,70,70,70,70,70,70,70,62,62,62,508,1
70,70,70,60,60,60,70,70,70,74,74,74,734,2
80,80,80,70,70,70,62,62,62,70,70,70,882,2
70,70,70,60,60,60,70,70,70,62,62,62,299,1
60,60,60,70,70,70,66,66,66,70,70,70,664,2
60,60,60,70,70,70,64,64,64,70,70,70,432,2
70,70,70,70,70,70,70,70,70,70,70,70,611,1
80,80,80,70,70,70,72,72,72,70,70,70,821,1
70,70,70,70,70,70,70,70,70,70,70,70,17,1
70,70,70,80,80,80,70,70,70,70,70,70,226,2
70,70,70,60,60,60,70,70,70,66,66,66,631,1
70,70,70,60,60,60,70,70,70,78,78,78,340,2
70,70,70,80,80,80,70,70,70,70,70,70,490,2
70,70,70,70,70,70,70,70,70,80,80,80,946,2
80,80,80,70,70,70,60,60,60,70,70,70,617,2
70,70,70,80,80,80,70,70,70,76,76,76,724,2
70,70,70,80,80,80,70,70,70,74,74,74,822,2
70,70,70,70,70,70,70,70,70,74,74,74,580,2
70,70,70,80,80,80,70,70,70,80,80,80,132,2
70,70,70,60,60,60,70,70,70,64,64,64,762,1
70,70,70,70,70,70,70,70,70,66,66,66,147,1
70,70,70,80,80,80,70,70,70,70,70,70,787,2
70,70,70,70,70,70,78,78,78,70,70,70,615,1
70,70,70,80,80,80,70,70,70,78,78,78,263,2
70,70,70,70,70,70,70,70,70,72,72,72,150,2
70,70,70,60,60,60,70,70,70,68,68,68,335,1
60,60,60,70,70,70,70,70,70,70,70,70,864,1
70,70,70,70,70,70,72,72,72,70,70,70,216,1
80,80,80,70,70,70,72,72,72,70,70,70,458,1
70,70,70,70,70,70,70,70,70,76,76,76,812,2
80,80,80,70,70,70,60,60,60,70,70,70,419,2
70,70,70,70,70,70,80,80,80,70,70,70,748,1
70,70,70,60,60,60,70,70,70,76,76,76,834,2
70,70,70,60,60,60,70,70,70,74,74,74,767,2
80,80,80,70,70,70,60,60,60,70,70,70,89,2
80,80,80,70,70,70,68,68,68,70,70,70,654,2
70,70,70,70,70,70,70,70,70,78,78,78,945,2
70,70,70,70,70,70,62,62,62,70,70,70,805,2
70,70,70,70,70,70,60,60,60,70,70,70,474,2
70,70,70,70,70,70,70,70,70,78,78,78,252,2
70,70,70,80,80,80,70,70,70,76,76,76,427,2
60,60,60,70,70,70,78,78,78,70,70,70,274,1
60,60,60,70,70,70,60,60,60,70,70,70,199,2
70,70,70,60,60,60,70,70,70,64,64,64,927,1
80,80,80,70,70,70,66,66,66,70,70,70,356,2
70,70,70,70,70,70,72,72,72,70,70,70,348,1
70,70,70,80,80,80,70,70,70,64,64,64,124,1
70,70,70,70,70,70,70,70,70,80,80,80,121,2
70,70,70,70,70,70,66,66,66,70,70,70,840,2
70,70,70,60,60,60,70,70,70,66,66,66,70,1
70,70,70,70,70,70,72,72,72,70,70,70,909,1
70,70,70,60,60,60,70,70,70,76,76,76,141,2
80,80,80,70,70,70,80,80,80,70,70,70,924,1
60,60,60,70,70,70,74,74,74,70,70,70,932,1
70,70,70,70,70,70,80,80,80,70,70,70,154,1
60,60,60,70,70,70,72,72,72,70,70,70,832,1
80,80,80,70,70,70,66,66,66,70,70,70,422,2
70,70,70,70,70,70,60,60,60,70,70,70,837,2
80,80,80,70,70,70,70,70,70,70,70,70,457,1
70,70,70,80,80,80,70,70,70,72,72,72,920,2
60,60,60,70,70,70,64,64,64,70,70,70,234,2
70,70,70,70,70,70,70,70,70,68,68,68,445,1
70,70,70,70,70,70,66,66,66,70,70,70,807,2
70,70,70,80,80,80,70,70,70,80,80,80,825,2
70,70,70,70,70,70,70,70,70,76,76,76,152,2
60,60,60,70,70,70,66,66,66,70,70,70,301,2
70,70,70,70,70,70,76,76,76,70,70,70,515,1
70,70,70,80,80,80,70,70,70,64,64,64,784,1
70,70,70,60,60,60,70,70,70,70,70,70,798,2
70,70,70,70,70,70,70,70,70,68,68,68,709,1
60,60,60,70,70,70,60,60,60,70,70,70,133,2
70,70,70,60,60,60,70,70,70,76,76,76,372,2
70,70,70,70,70,70,70,70,70,80,80,80,550,2
80,80,80,70,70,70,68,68,68,70,70,70,456,2
70,70,70,70,70,70,70,70,70,62,62,62,607,1
70,70,70,70,70,70,60,60,60,70,70,70,375,2
70,70,70,80,80,80,70,70,70,78,78,78,164,2
70,70,70,70,70,70,66,66,66,70,70,70,180,2
80,80,80,70,70,70,76,76,76,70,70,70,163,1
70,70,70,80,80,80,70,70,70,76,76,76,988,2
70,70,70,60,60,60,70,70,70,72,72,72,700,2
60,60,60,70,70,70,66,66,66,70,70,70,499,2
70,70,70,60,60,60,70,70,70,78,78,78,604,2
70,70,70,60,60,60,70,70,70,80,80,80,737,2
70,70,70,70,70,70,70,70,70,66,66,66,543,1
70,70,70,60,60,60,70,70,70,68,68,68,566,1
70,70,70,70,70,70,80,80,80,70,70,70,418,1
70,70,70,60,60,60,70,70,70,64,64,64,729,1
70,70,70,70,70,70,78,78,78,70,70,70,681,1
70,70,70,80,80,80,70,70,70,74,74,74,855,2
60,60,60,70,70,70,78,78,78,70,70,70,670,1
70,70,70,70,70,70,70,70,70,62,62,62,574,1
70,70,70,80,80,80,70,70,70,78,78,78,791,2
70,70,70,70,70,70,68,68,68,70,70,70,346,2
70,70,70,60,60,60,70,70,70,72,72,72,337,2
70,70,70,70,70,70,70,70,70,60,60,60,705,1
70,70,70,60,60,60,70,70,70,60,60,60,331,1
80,80,80,70,70,70,74,74,74,70,70,70,294,1
70,70,70,80,80,80,70,70,70,66,66,66,983,1
70,70,70,80,80,80,70,70,70,62,62,62,420,1
70,70,70,70,70,70,76,76,76,70,70,70,944,1
70,70,70,60,60,60,70,70,70,66,66,66,565,1
70,70,70,70,70,70,60,60,60,70,70,70,144,2
70,70,70,80,80,80,70,70,70,60,60,60,320,1
60,60,60,70,70,70,62,62,62,70,70,70,365,2
80,80,80,70,70,70,62,62,62,70,70,70,915,2
60,60,60,70,70,70,64,64,64,70,70,70,597,2
70,70,70,80,80,80,70,70,70,70,70,70,985,2
70,70,70,70,70,70,70,70,70,62,62,62,112,1
70,70,70,80,80,80,70,70,70,68,68,68,489,1
60,60,60,70,70,70,60,60,60,70,70,70,925,2
60,60,60,70,70,70,74,74,74,70,70,70,503,1
60,60,60,70,70,70,80,80,80,70,70,70,671,1
70,70,70,70,70,70,74,74,74,70,70,70,481,1
70,70,70,70,70,70,72,72,72,70,70,70,777,1
70,70,70,80,80,80,70,70,70,62,62,62,849,1
70,70,70,70,70,70,70,70,70,78,78,78,21,2
60,60,60,70,70,70,60,60,60,70,70,70,67,2
70,70,70,70,70,70,76,76,76,70,70,70,911,1
80,80,80,70,70,70,68,68,68,70,70,70,522,2
70,70,70,80,80,80,70,70,70,62,62,62,321,1
70,70,70,80,80,80,70,70,70,70,70,70,655,2
70,70,70,70,70,70,70,70,70,70,70,70,578,1
80,80,80,70,70,70,64,64,64,70,70,70,487,2
70,70,70,70,70,70,66,66,66,70,70,70,312,2
70,70,70,80,80,80,70,70,70,60,60,60,815,1
70,70,70,60,60,60,70,70,70,70,70,70,567,2
70,70,70,70,70,70,70,70,70,62,62,62,871,1
60,60,60,70,70,70,80,80,80,70,70,70,605,1
70,70,70,80,80,80,70,70,70,74,74,74,624,2
70,70,70,60,60,60,70,70,70,70,70,70,171,2
70,70,70,60,60,60,70,70,70,62,62,62,497,1
70,70,70,60,60,60,70,70,70,70,70,70,303,2
70,70,70,60,60,60,70,70,70,60,60,60,232,1
80,80,80,70,70,70,70,70,70,70,70,70,193,1
80,80,80,70,70,70,70,70,70,70,70,70,919,1
70,70,70,70,70,70,68,68,68,70,70,70,412,2
70,70,70,80,80,80,70,70,70,78,78,78,626,2
60,60,60,70,70,70,60,60,60,70,70,70,265,2
70,70,70,80,80,80,70,70,70,72,72,72,293,2
70,70,70,70,70,70,78,78,78,70,70,70,120,1
80,80,80,70,70,70,60,60,60,70,70,70,782,2
70,70,70,60,60,60,70,70,70,60,60,60,727,1
70,70,70,70,70,70,70,70,70,70,70,70,908,1
70,70,70,80,80,80,70,70,70,68,68,68,555,1
60,60,60,70,70,70,66,66,66,70,70,70,961,2
70,70,70,70,70,70,66,66,66,70,70,70,609,2
80,80,80,70,70,70,62,62,62,70,70,70,618,2
70,70,70,70,70,70,70,70,70,80,80,80,352,2
70,70,70,80,80,80,70,70,70,74,74,74,723,2
70,70,70,60,60,60,70,70,70,70,70,70,6,2
80,80,80,70,70,70,70,70,70,70,70,70,853,1
60,60,60,70,70,70,78,78,78,70,70,70,109,1
70,70,70,70,70,70,70,70,70,64,64,64,443,1
60,60,60,70,70,70,76,76,76,70,70,70,801,1
70,70,70,80,80,80,70,70,70,66,66,66,950,1
70,70,70,70,70,70,64,64,64,70,70,70,245,2
70,70,70,80,80,80,70,70,70,66,66,66,224,1
70,70,70,80,80,80,70,70,70,62,62,62,486,1
70,70,70,70,70,70,70,70,70,70,70,70,83,2
80,80,80,70,70,70,60,60,60,70,70,70,848,2
70,70,70,70,70,70,62,62,62,70,70,70,244,2
70,70,70,70,70,70,68,68,68,70,70,70,82,2
80,80,80,70,70,70,64,64,64,70,70,70,718,2
80,80,80,70,70,70,62,62,62,70,70,70,354,2
80,80,80,70,70,70,60,60,60,70,70,70,518,2
70,70,70,60,60,60,70,70,70,62,62,62,893,1
70,70,70,80,80,80,70,70,70,68,68,68,60,1
70,70,70,60,60,60,70,70,70,60,60,60,463,1
80,80,80,70,70,70,66,66,66,70,70,70,26,2
80,80,80,70,70,70,68,68,68,70,70,70,291,2
70,70,70,60,60,60,70,70,70,62,62,62,926,1
70,70,70,60,60,60,70,70,70,68,68,68,38,1
70,70,70,80,80,80,70,70,70,80,80,80,759,2
80,80,80,70,70,70,66,66,66,70,70,70,257,2
80,80,80,70,70,70,78,78,78,70,70,70,890,1
60,60,60,70,70,70,66,66,66,70,70,70,37,2
70,70,70,60,60,60,70,70,70,70,70,70,897,2
80,80,80,70,70,70,62,62,62,70,70,70,57,2
70,70,70,70,70,70,70,70,70,68,68,68,214,1
70,70,70,60,60,60,70,70,70,62,62,62,563,1
70,70,70,70,70,70,70,70,70,62,62,62,343,1
70,70,70,60,60,60,70,70,70,62,62,62,398,1
80,80,80,70,70,70,62,62,62,70,70,70,387,2
70,70,70,80,80,80,70,70,70,62,62,62,717,1
70,70,70,60,60,60,70,70,70,68,68,68,632,1
80,80,80,70,70,70,78,78,78,70,70,70,230,1
70,70,70,70,70,70,70,70,70,70,70,70,281,1
70,70,70,60,60,60,70,70,70,80,80,80,440,2
60,60,60,70,70,70,74,74,74,70,70,70,41,1
80,80,80,70,70,70,60,60,60,70,70,70,155,2
80,80,80,70,70,70,74,74,74,70,70,70,162,1
70,70,70,60,60,60,70,70,70,78,78,78,538,2
70,70,70,60,60,60,70,70,70,72,72,72,469,2
60,60,60,70,70,70,72,72,72,70,70,70,667,1
70,70,70,70,70,70,70,70,70,80,80,80,385,2
70,70,70,80,80,80,70,70,70,68,68,68,93,1
60,60,60,70,70,70,76,76,76,70,70,70,867,1
70,70,70,70,70,70,70,70,70,62,62,62,409,1
60,60,60,70,70,70,62,62,62,70,70,70,794,2
70,70,70,70,70,70,70,70,70,70,70,70,743,2
70,70,70,60,60,60,70,70,70,62,62,62,596,1
70,70,70,70,70,70,74,74,74,70,70,70,712,1
70,70,70,60,60,60,70,70,70,80,80,80,704,2
70,70,70,70,70,70,70,70,70,70,70,70,677,2
70,70,70,70,70,70,70,70,70,76,76,76,53,2
70,70,70,80,80,80,70,70,70,66,66,66,455,1
70,70,70,80,80,80,70,70,70,80,80,80,429,2
70,70,70,70,70,70,74,74,74,70,70,70,283,1
70,70,70,60,60,60,70,70,70,76,76,76,636,2
70,70,70,80,80,80,70,70,70,66,66,66,488,1
70,70,70,60,60,60,70,70,70,66,66,66,202,1
80,80,80,70,70,70,76,76,76,70,70,70,856,1
80,80,80,70,70,70,62,62,62,70,70,70,519,2
70,70,70,80,80,80,70,70,70,74,74,74,426,2
60,60,60,70,70,70,72,72,72,70,70,70,568,1
80,80,80,70,70,70,60,60,60,70,70,70,551,2
60,60,60,70,70,70,68,68,68,70,70,70,500,2
70,70,70,70,70,70,78,78,78,70,70,70,747,1
70,70,70,70,70,70,70,70,70,76,76,76,647,2
70,70,70,70,70,70,76,76,76,70,70,70,317,1
70,70,70,70,70,70,80,80,80,70,70,70,913,1
70,70,70,60,60,60,70,70,70,74,74,74,107,2
80,80,80,70,70,70,72,72,72,70,70,70,491,1
70,70,70,70,70,70,76,76,76,70,70,70,218,1
70,70,70,70,70,70,72,72,72,70,70,70,84,1
70,70,70,60,60,60,70,70,70,72,72,72,139,2
70,70,70,80,80,80,70,70,70,70,70,70,820,2
70,70,70,80,80,80,70,70,70,64,64,64,751,1
60,60,60,70,70,70,74,74,74,70,70,70,404,1
70,70,70,80,80,80,70,70,70,62,62,62,585,1
70,70,70,70,70,70,70,70,70,74,74,74,646,2
70,70,70,80,80,80,70,70,70,74,74,74,492,2
70,70,70,60,60,60,70,70,70,76,76,76,339,2
70,70,70,80,80,80,70,70,70,72,72,72,194,2
70,70,70,70,70,70,70,70,70,68,68,68,280,1
70,70,70,80,80,80,70,70,70,66,66,66,59,1
70,70,70,80,80,80,70,70,70,74,74,74,657,2
70,70,70,70,70,70,68,68,68,70,70,70,973,2
70,70,70,70,70,70,70,70,70,62,62,62,277,1
70,70,70,60,60,60,70,70,70,66,66,66,697,1
70,70,70,70,70,70,70,70,70,78,78,78,549,2
80,80,80,70,70,70,76,76,76,70,70,70,559,1
70,70,70,70,70,70,70,70,70,66,66,66,477,1
70,70,70,60,60,60,70,70,70,64,64,64,333,1
70,70,70,60,60,60,70,70,70,64,64,64,465,1
60,60,60,70,70,70,68,68,68,70,70,70,170,2
70,70,70,60,60,60,70,70,70,68,68,68,698,1
70,70,70,70,70,70,78,78,78,70,70,70,813,1
60,60,60,70,70,70,62,62,62,70,70,70,860,2
70,70,70,70,70,70,70,70,70,64,64,64,575,1
70,70,70,80,80,80,70,70,70,76,76,76,592,2
70,70,70,60,60,60,70,70,70,70,70,70,336,2
70,70,70,60,60,60,70,70,70,64,64,64,828,1
80,80,80,70,70,70,68,68,68,70,70,70,918,2
70,70,70,80,80,80,70,70,70,66,66,66,884,1
80,80,80,70,70,70,62,62,62,70,70,70,552,2
70,70,70,70,70,70,76,76,76,70,70,70,680,1
70,70,70,70,70,70,68,68,68,70,70,70,49,2
70,70,70,60,60,60,70,70,70,76,76,76,273,2
60,60,60,70,70,70,62,62,62,70,70,70,332,2
70,70,70,70,70,70,70,70,70,66,66,66,114,1
70,70,70,80,80,80,70,70,70,70,70,70,358,2
80,80,80,70,70,70,74,74,74,70,70,70,756,1
70,70,70,60,60,60,70,70,70,78,78,78,967,2
70,70,70,80,80,80,70,70,70,62,62,62,123,1
70,70,70,70,70,70,70,70,70,80,80,80,286,2
60,60,60,70,70,70,60,60,60,70,70,70,859,2
70,70,70,70,70,70,66,66,66,70,70,70,642,2
60,60,60,70,70,70,70,70,70,70,70,70,369,1
70,70,70,70,70,70,78,78,78,70,70,70,186,1
80,80,80,70,70,70,72,72,72,70,70,70,128,1
70,70,70,70,70,70,70,70,70,74,74,74,217,2
70,70,70,60,60,60,70,70,70,60,60,60,760,1
70,70,70,70,70,70,62,62,62,70,70,70,706,2
80,80,80,70,70,70,62,62,62,70,70,70,651,2
80,80,80,70,70,70,76,76,76,70,70,70,394,1
80,80,80,70,70,70,66,66,66,70,70,70,752,2
70,70,70,70,70,70,70,70,70,60,60,60,573,1
70,70,70,60,60,60,70,70,70,72,72,72,73,2
80,80,80,70,70,70,62,62,62,70,70,70,684,2
70,70,70,70,70,70,70,70,70,70,70,70,380,2
70,70,70,70,70,70,70,70,70,60,60,60,309,1
70,70,70,60,60,60,70,70,70,76,76,76,471,2
60,60,60,70,70,70,70,70,70,70,70,70,72,1
80,80,80,70,70,70,76,76,76,70,70,70,757,1
70,70,70,70,70,70,70,70,70,80,80,80,319,2
70,70,70,70,70,70,64,64,64,70,70,70,377,2
70,70,70,70,70,70,68,68,68,70,70,70,544,2
70,70,70,80,80,80,70,70,70,78,78,78,989,2
70,70,70,70,70,70,76,76,76,70,70,70,449,1
70,70,70,60,60,60,70,70,70,76,76,76,537,2
70,70,70,60,60,60,70,70,70,68,68,68,467,1
70,70,70,60,60,60,70,70,70,80,80,80,275,2
70,70,70,60,60,60,70,70,70,80,80,80,968,2
80,80,80,70,70,70,68,68,68,70,70,70,126,2
60,60,60,70,70,70,62,62,62,70,70,70,35,2
80,80,80,70,70,70,62,62,62,70,70,70,453,2
70,70,70,80,80,80,70,70,70,68,68,68,819,1
70,70,70,80,80,80,70,70,70,68,68,68,885,1
70,70,70,70,70,70,70,70,70,66,66,66,15,1
70,70,70,70,70,70,62,62,62,70,70,70,178,2
60,60,60,70,70,70,74,74,74,70,70,70,470,1
70,70,70,60,60,60,70,70,70,68,68,68,104,1
60,60,60,70,70,70,66,66,66,70,70,70,895,2
70,70,70,70,70,70,70,70,70,80,80,80,616,2
70,70,70,70,70,70,70,70,70,68,68,68,577,1
70,70,70,80,80,80,70,70,70,72,72,72,524,2
80,80,80,70,70,70,70,70,70,70,70,70,754,1
70,70,70,70,70,70,68,68,68,70,70,70,16,2
70,70,70,60,60,60,70,70,70,72,72,72,106,2
70,70,70,80,80,80,70,70,70,70,70,70,292,2
60,60,60,70,70,70,64,64,64,70,70,70,894,2
60,60,60,70,70,70,70,70,70,70,70,70,39,1
70,70,70,70,70,70,64,64,64,70,70,70,707,2
70,70,70,70,70,70,74,74,74,70,70,70,943,1
70,70,70,80,80,80,70,70,70,70,70,70,94,2
70,70,70,70,70,70,70,70,70,62,62,62,46,1
70,70,70,80,80,80,70,70,70,64,64,64,949,1
60,60,60,70,70,70,76,76,76,70,70,70,603,1
70,70,70,70,70,70,70,70,70,64,64,64,905,1
70,70,70,80,80,80,70,70,70,74,74,74,690,2
80,80,80,70,70,70,70,70,70,70,70,70,61,1
80,80,80,70,70,70,72,72,72,70,70,70,392,1
80,80,80,70,70,70,80,80,80,70,70,70,231,1
70,70,70,70,70,70,64,64,64,70,70,70,47,2
70,70,70,70,70,70,76,76,76,70,70,70,86,1
70,70,70,60,60,60,70,70,70,78,78,78,571,2
70,70,70,60,60,60,70,70,70,62,62,62,662,1
70,70,70,80,80,80,70,70,70,80,80,80,528,2
70,70,70,70,70,70,80,80,80,70,70,70,682,1
70,70,70,70,70,70,66,66,66,70,70,70,444,2
60,60,60,70,70,70,78,78,78,70,70,70,307,1
70,70,70,70,70,70,78,78,78,70,70,70,714,1
80,80,80,70,70,70,70,70,70,70,70,70,325,1
70,70,70,60,60,60,70,70,70,74,74,74,833,2
60,60,60,70,70,70,60,60,60,70,70,70,364,2
70,70,70,70,70,70,70,70,70,64,64,64,839,1
70,70,70,80,80,80,70,70,70,70,70,70,28,2
60,60,60,70,70,70,76,76,76,70,70,70,405,1
70,70,70,70,70,70,74,74,74,70,70,70,778,1
70,70,70,60,60,60,70,70,70,62,62,62,431,1
70,70,70,70,70,70,72,72,72,70,70,70,546,1
60,60,60,70,70,70,62,62,62,70,70,70,2,2
80,80,80,70,70,70,76,76,76,70,70,70,361,1
80,80,80,70,70,70,76,76,76,70,70,70,262,1
70,70,70,80,80,80,70,70,70,70,70,70,721,2
70,70,70,60,60,60,70,70,70,60,60,60,529,1
80,80,80,70,70,70,72,72,72,70,70,70,656,1
70,70,70,60,60,60,70,70,70,78,78,78,76,2
70,70,70,70,70,70,70,70,70,68,68,68,643,1
70,70,70,70,70,70,64,64,64,70,70,70,608,2
70,70,70,60,60,60,70,70,70,66,66,66,433,1
70,70,70,80,80,80,70,70,70,76,76,76,130,2
70,70,70,70,70,70,62,62,62,70,70,70,541,2
70,70,70,70,70,70,66,66,66,70,70,70,279,2
70,70,70,70,70,70,70,70,70,76,76,76,581,2
70,70,70,60,60,60,70,70,70,64,64,64,36,1
70,70,70,70,70,70,70,70,70,66,66,66,708,1
70,70,70,70,70,70,70,70,70,64,64,64,344,1
70,70,70,70,70,70,70,70,70,74,74,74,151,2
70,70,70,70,70,70,70,70,70,78,78,78,153,2
70,70,70,70,70,70,60,60,60,70,70,70,111,2
70,70,70,70,70,70,70,70,70,80,80,80,649,2
60,60,60,70,70,70,72,72,72,70,70,70,205,1
80,80,80,70,70,70,60,60,60,70,70,70,188,2
70,70,70,80,80,80,70,70,70,62,62,62,816,1
70,70,70,60,60,60,70,70,70,70,70,70,633,2
80,80,80,70,70,70,76,76,76,70,70,70,922,1
70,70,70,60,60,60,70,70,70,62,62,62,101,1
70,70,70,70,70,70,70,70,70,74,74,74,184,2
60,60,60,70,70,70,80,80,80,70,70,70,506,1
80,80,80,70,70,70,60,60,60,70,70,70,716,2
70,70,70,60,60,60,70,70,70,80,80,80,770,2
80,80,80,70,70,70,74,74,74,70,70,70,30,1
70,70,70,60,60,60,70,70,70,70,70,70,831,2
60,60,60,70,70,70,62,62,62,70,70,70,134,2
70,70,70,70,70,70,80,80,80,70,70,70,781,1
70,70,70,70,70,70,70,70,70,70,70,70,248,2
80,80,80,70,70,70,68,68,68,70,70,70,258,2
80,80,80,70,70,70,60,60,60,70,70,70,122,2
80,80,80,70,70,70,74,74,74,70,70,70,327,1
60,60,60,70,70,70,72,72,72,70,70,70,403,1
70,70,70,80,80,80,70,70,70,80,80,80,792,2
60,60,60,70,70,70,74,74,74,70,70,70,899,1
70,70,70,80,80,80,70,70,70,80,80,80,99,2
60,60,60,70,70,70,64,64,64,70,70,70,663,2
70,70,70,60,60,60,70,70,70,60,60,60,34,1
80,80,80,70,70,70,66,66,66,70,70,70,653,2
80,80,80,70,70,70,74,74,74,70,70,70,459,1
70,70,70,70,70,70,70,70,70,74,74,74,910,2
60,60,60,70,70,70,78,78,78,70,70,70,43,1
70,70,70,80,80,80,70,70,70,78,78,78,956,2
70,70,70,80,80,80,70,70,70,80,80,80,297,2
80,80,80,70,70,70,68,68,68,70,70,70,390,2
70,70,70,60,60,60,70,70,70,60,60,60,595,1
70,70,70,70,70,70,70,70,70,62,62,62,211,1
70,70,70,80,80,80,70,70,70,78,78,78,296,2
70,70,70,60,60,60,70,70,70,70,70,70,105,2
70,70,70,70,70,70,70,70,70,62,62,62,475,1
70,70,70,80,80,80,70,70,70,72,72,72,788,2
70,70,70,70,70,70,70,70,70,68,68,68,313,1
80,80,80,70,70,70,80,80,80,70,70,70,165,1
70,70,70,80,80,80,70,70,70,72,72,72,986,2
70,70,70,80,80,80,70,70,70,74,74,74,888,2
60,60,60,70,70,70,74,74,74,70,70,70,272,1
60,60,60,70,70,70,72,72,72,70,70,70,865,1
60,60,60,70,70,70,68,68,68,70,70,70,896,2
70,70,70,80,80,80,70,70,70,68,68,68,159,1
70,70,70,70,70,70,70,70,70,80,80,80,22,2
70,70,70,70,70,70,70,70,70,74,74,74,19,2
70,70,70,60,60,60,70,70,70,70,70,70,204,2
70,70,70,80,80,80,70,70,70,64,64,64,454,1
60,60,60,70,70,70,68,68,68,70,70,70,665,2
70,70,70,70,70,70,70,70,70,72,72,72,381,2
60,60,60,70,70,70,68,68,68,70,70,70,137,2
80,80,80,70,70,70,76,76,76,70,70,70,889,1
80,80,80,70,70,70,64,64,64,70,70,70,190,2
70,70,70,70,70,70,70,70,70,60,60,60,870,1
70,70,70,60,60,60,70,70,70,64,64,64,300,1
70,70,70,70,70,70,70,70,70,62,62,62,13,1
70,70,70,60,60,60,70,70,70,68,68,68,368,1
70,70,70,70,70,70,70,70,70,80,80,80,220,2
60,60,60,70,70,70,78,78,78,70,70,70,439,1
60,60,60,70,70,70,72,72,72,70,70,70,766,1
70,70,70,70,70,70,64,64,64,70,70,70,278,2
60,60,60,70,70,70,66,66,66,70,70,70,763,2
70,70,70,70,70,70,76,76,76,70,70,70,746,1
60,60,60,70,70,70,72,72,72,70,70,70,436,1
80,80,80,70,70,70,80,80,80,70,70,70,627,1
70,70,70,70,70,70,60,60,60,70,70,70,78,2
70,70,70,80,80,80,70,70,70,74,74,74,129,2
70,70,70,60,60,60,70,70,70,76,76,76,75,2
60,60,60,70,70,70,60,60,60,70,70,70,562,2
70,70,70,70,70,70,68,68,68,70,70,70,478,2
70,70,70,70,70,70,72,72,72,70,70,70,315,1
80,80,80,70,70,70,70,70,70,70,70,70,688,1
80,80,80,70,70,70,60,60,60,70,70,70,485,2
70,70,70,70,70,70,78,78,78,70,70,70,87,1
60,60,60,70,70,70,68,68,68,70,70,70,731,2
70,70,70,80,80,80,70,70,70,74,74,74,63,2
70,70,70,60,60,60,70,70,70,60,60,60,397,1
70,70,70,70,70,70,78,78,78,70,70,70,351,1
70,70,70,70,70,70,78,78,78,70,70,70,450,1
70,70,70,80,80,80,70,70,70,70,70,70,523,2
70,70,70,60,60,60,70,70,70,80,80,80,77,2
60,60,60,70,70,70,70,70,70,70,70,70,765,1
80,80,80,70,70,70,76,76,76,70,70,70,823,1
70,70,70,70,70,70,72,72,72,70,70,70,843,1
70,70,70,60,60,60,70,70,70,64,64,64,531,1
70,70,70,70,70,70,70,70,70,80,80,80,187,2
70,70,70,70,70,70,70,70,70,64,64,64,542,1
60,60,60,70,70,70,64,64,64,70,70,70,102,2
70,70,70,70,70,70,70,70,70,74,74,74,448,2
70,70,70,70,70,70,70,70,70,74,74,74,382,2
60,60,60,70,70,70,60,60,60,70,70,70,694,2
80,80,80,70,70,70,64,64,64,70,70,70,817,2
80,80,80,70,70,70,78,78,78,70,70,70,857,1
70,70,70,70,70,70,70,70,70,70,70,70,314,1
70,70,70,70,70,70,68,68,68,70,70,70,808,2
70,70,70,80,80,80,70,70,70,76,76,76,691,2
70,70,70,60,60,60,70,70,70,72,72,72,898,2
60,60,60,70,70,70,70,70,70,70,70,70,270,1
70,70,70,70,70,70,70,70,70,70,70,70,479,2
70,70,70,80,80,80,70,70,70,80,80,80,198,2
60,60,60,70,70,70,66,66,66,70,70,70,598,2
70,70,70,60,60,60,70,70,70,74,74,74,239,2
60,60,60,70,70,70,66,66,66,70,70,70,235,2
70,70,70,80,80,80,70,70,70,70,70,70,424,2
70,70,70,80,80,80,70,70,70,78,78,78,494,2
70,70,70,60,60,60,70,70,70,62,62,62,68,1
70,70,70,70,70,70,62,62,62,70,70,70,640,2
70,70,70,80,80,80,70,70,70,70,70,70,622,2
70,70,70,70,70,70,70,70,70,70,70,70,776,2
60,60,60,70,70,70,78,78,78,70,70,70,142,1
80,80,80,70,70,70,66,66,66,70,70,70,191,2
60,60,60,70,70,70,80,80,80,70,70,70,143,1
70,70,70,80,80,80,70,70,70,60,60,60,683,1
70,70,70,70,70,70,64,64,64,70,70,70,872,2
70,70,70,60,60,60,70,70,70,80,80,80,935,2
70,70,70,60,60,60,70,70,70,74,74,74,437,2
60,60,60,70,70,70,60,60,60,70,70,70,628,2
70,70,70,70,70,70,70,70,70,60,60,60,738,1
60,60,60,70,70,70,60,60,60,70,70,70,892,2
80,80,80,70,70,70,66,66,66,70,70,70,818,2
70,70,70,70,70,70,62,62,62,70,70,70,739,2
70,70,70,70,70,70,70,70,70,78,78,78,648,2
70,70,70,80,80,80,70,70,70,62,62,62,156,1
70,70,70,60,60,60,70,70,70,78,78,78,175,2
70,70,70,70,70,70,70,70,70,72,72,72,975,2
70,70,70,60,60,60,70,70,70,68,68,68,929,1
80,80,80,70,70,70,76,76,76,70,70,70,31,1
70,70,70,60,60,60,70,70,70,66,66,66,796,1
70,70,70,70,70,70,70,70,70,64,64,64,14,1
60,60,60,70,70,70,76,76,76,70,70,70,174,1
70,70,70,70,70,70,70,70,70,64,64,64,311,1
70,70,70,80,80,80,70,70,70,78,78,78,593,2
60,60,60,70,70,70,64,64,64,70,70,70,267,2
70,70,70,60,60,60,70,70,70,68,68,68,401,1
70,70,70,70,70,70,70,70,70,68,68,68,511,1
70,70,70,80,80,80,70,70,70,80,80,80,858,2
70,70,70,70,70,70,76,76,76,70,70,70,878,1
60,60,60,70,70,70,72,72,72,70,70,70,931,1
70,70,70,60,60,60,70,70,70,80,80,80,176,2
70,70,70,70,70,70,70,70,70,74,74,74,349,2
70,70,70,70,70,70,70,70,70,78,78,78,417,2
70,70,70,70,70,70,70,70,70,80,80,80,451,2
70,70,70,70,70,70,74,74,74,70,70,70,976,1
70,70,70,70,70,70,70,70,70,78,78,78,582,2
60,60,60,70,70,70,64,64,64,70,70,70,135,2
80,80,80,70,70,70,66,66,66,70,70,70,521,2
70,70,70,70,70,70,70,70,70,70,70,70,974,2
80,80,80,70,70,70,78,78,78,70,70,70,923,1
70,70,70,70,70,70,64,64,64,70,70,70,179,2
60,60,60,70,70,70,62,62,62,70,70,70,959,2
70,70,70,80,80,80,70,70,70,60,60,60,749,1
80,80,80,70,70,70,66,66,66,70,70,70,686,2
80,80,80,70,70,70,70,70,70,70,70,70,391,1
70,70,70,80,80,80,70,70,70,64,64,64,685,1
70,70,70,60,60,60,70,70,70,60,60,60,1,1
70,70,70,70,70,70,70,70,70,72,72,72,414,2
60,60,60,70,70,70,70,70,70,70,70,70,732,1
70,70,70,70,70,70,66,66,66,70,70,70,906,2
80,80,80,70,70,70,78,78,78,70,70,70,527,1
70,70,70,60,60,60,70,70,70,80,80,80,374,2
60,60,60,70,70,70,60,60,60,70,70,70,826,2
70,70,70,70,70,70,70,70,70,62,62,62,970,1
70,70,70,70,70,70,64,64,64,70,70,70,509,2
70,70,70,80,80,80,70,70,70,78,78,78,824,2
60,60,60,70,70,70,80,80,80,70,70,70,638,1
60,60,60,70,70,70,60,60,60,70,70,70,496,2
70,70,70,60,60,60,70,70,70,70,70,70,534,2
70,70,70,60,60,60,70,70,70,80,80,80,44,2
70,70,70,70,70,70,70,70,70,66,66,66,873,1
80,80,80,70,70,70,74,74,74,70,70,70,954,1
70,70,70,70,70,70,74,74,74,70,70,70,877,1
70,70,70,80,80,80,70,70,70,70,70,70,589,2
70,70,70,60,60,60,70,70,70,80,80,80,209,2
70,70,70,80,80,80,70,70,70,68,68,68,423,1
70,70,70,80,80,80,70,70,70,64,64,64,223,1
70,70,70,70,70,70,62,62,62,70,70,70,838,2
70,70,70,70,70,70,80,80,80,70,70,70,517,1
70,70,70,60,60,60,70,70,70,70,70,70,138,2
80,80,80,70,70,70,78,78,78,70,70,70,725,1
70,70,70,80,80,80,70,70,70,70,70,70,886,2
60,60,60,70,70,70,76,76,76,70,70,70,504,1
70,70,70,70,70,70,70,70,70,70,70,70,116,1
80,80,80,70,70,70,68,68,68,70,70,70,27,2
80,80,80,70,70,70,68,68,68,70,70,70,621,2
70,70,70,70,70,70,74,74,74,70,70,70,613,1
70,70,70,70,70,70,70,70,70,72,72,72,18,2
70,70,70,60,60,60,70,70,70,72,72,72,7,2
70,70,70,70,70,70,70,70,70,74,74,74,415,2
70,70,70,70,70,70,70,70,70,60,60,60,12,1
70,70,70,80,80,80,70,70,70,72,72,72,326,2
70,70,70,80,80,80,70,70,70,78,78,78,560,2
70,70,70,60,60,60,70,70,70,76,76,76,900,2
60,60,60,70,70,70,68,68,68,70,70,70,962,2
60,60,60,70,70,70,80,80,80,70,70,70,308,1
70,70,70,80,80,80,70,70,70,80,80,80,594,2
60,60,60,70,70,70,64,64,64,70,70,70,564,2
80,80,80,70,70,70,78,78,78,70,70,70,32,1
70,70,70,80,80,80,70,70,70,64,64,64,91,1
70,70,70,80,80,80,70,70,70,68,68,68,357,1
70,70,70,80,80,80,70,70,70,78,78,78,65,2
60,60,60,70,70,70,72,72,72,70,70,70,733,1
70,70,70,70,70,70,60,60,60,70,70,70,507,2
70,70,70,70,70,70,70,70,70,66,66,66,741,1
80,80,80,70,70,70,64,64,64,70,70,70,157,2
60,60,60,70,70,70,70,70,70,70,70,70,402,1
70,70,70,70,70,70,70,70,70,78,78,78,978,2
70,70,70,80,80,80,70,70,70,66,66,66,158,1
60,60,60,70,70,70,66,66,66,70,70,70,334,2
70,70,70,70,70,70,70,70,70,72,72,72,678,2
70,70,70,70,70,70,64,64,64,70,70,70,212,2
80,80,80,70,70,70,60,60,60,70,70,70,980,2
80,80,80,70,70,70,60,60,60,70,70,70,254,2
80,80,80,70,70,70,66,66,66,70,70,70,125,2
70,70,70,70,70,70,60,60,60,70,70,70,969,2
70,70,70,70,70,70,74,74,74,70,70,70,844,1
70,70,70,70,70,70,70,70,70,74,74,74,811,2
70,70,70,80,80,80,70,70,70,76,76,76,460,2
70,70,70,80,80,80,70,70,70,70,70,70,127,2
70,70,70,60,60,60,70,70,70,70,70,70,699,2
70,70,70,70,70,70,78,78,78,70,70,70,879,1
80,80,80,70,70,70,76,76,76,70,70,70,526,1
70,70,70,70,70,70,72,72,72,70,70,70,51,1
70,70,70,60,60,60,70,70,70,74,74,74,140,2
70,70,70,80,80,80,70,70,70,74,74,74,96,2
60,60,60,70,70,70,68,68,68,70,70,70,302,2
70,70,70,70,70,70,68,68,68,70,70,70,874,2
70,70,70,70,70,70,70,70,70,70,70,70,710,1
70,70,70,70,70,70,70,70,70,70,70,70,446,2
70,70,70,70,70,70,60,60,60,70,70,70,540,2
70,70,70,80,80,80,70,70,70,62,62,62,981,1
70,70,70,70,70,70,70,70,70,76,76,76,548,2
70,70,70,70,70,70,70,70,70,60,60,60,408,1
80,80,80,70,70,70,62,62,62,70,70,70,255,2
60,60,60,70,70,70,80,80,80,70,70,70,473,1
60,60,60,70,70,70,62,62,62,70,70,70,167,2
80,80,80,70,70,70,80,80,80,70,70,70,396,1
60,60,60,70,70,70,68,68,68,70,70,70,434,2
70,70,70,70,70,70,70,70,70,66,66,66,345,1
70,70,70,60,60,60,70,70,70,74,74,74,800,2
70,70,70,60,60,60,70,70,70,60,60,60,166,1
70,70,70,60,60,60,70,70,70,76,76,76,735,2
70,70,70,70,70,70,70,70,70,64,64,64,410,1
60,60,60,70,70,70,64,64,64,70,70,70,69,2
70,70,70,60,60,60,70,70,70,80,80,80,539,2
60,60,60,70,70,70,60,60,60,70,70,70,958,2
80,80,80,70,70,70,74,74,74,70,70,70,558,1
70,70,70,70,70,70,78,78,78,70,70,70,846,1
70,70,70,70,70,70,62,62,62,70,70,70,772,2
70,70,70,80,80,80,70,70,70,64,64,64,520,1
70,70,70,60,60,60,70,70,70,68,68,68,764,1
60,60,60,70,70,70,76,76,76,70,70,70,9,1
80,80,80,70,70,70,78,78,78,70,70,70,659,1
70,70,70,80,80,80,70,70,70,76,76,76,493,2
70,70,70,80,80,80,70,70,70,60,60,60,56,1
70,70,70,70,70,70,70,70,70,74,74,74,250,2
60,60,60,70,70,70,66,66,66,70,70,70,169,2
70,70,70,80,80,80,70,70,70,68,68,68,588,1
70,70,70,70,70,70,70,70,70,76,76,76,779,2
80,80,80,70,70,70,68,68,68,70,70,70,786,2
80,80,80,70,70,70,74,74,74,70,70,70,525,1
70,70,70,80,80,80,70,70,70,60,60,60,914,1
70,70,70,70,70,70,64,64,64,70,70,70,740,2
70,70,70,60,60,60,70,70,70,76,76,76,438,2
70,70,70,70,70,70,70,70,70,72,72,72,942,2
60,60,60,70,70,70,64,64,64,70,70,70,498,2
70,70,70,70,70,70,70,70,70,66,66,66,378,1
70,70,70,70,70,70,62,62,62,70,70,70,79,2
70,70,70,80,80,80,70,70,70,78,78,78,692,2
70,70,70,80,80,80,70,70,70,66,66,66,323,1
60,60,60,70,70,70,80,80,80,70,70,70,902,1
60,60,60,70,70,70,78,78,78,70,70,70,901,1
70,70,70,80,80,80,70,70,70,72,72,72,623,2
70,70,70,70,70,70,72,72,72,70,70,70,480,1
70,70,70,70,70,70,70,70,70,60,60,60,903,1
70,70,70,80,80,80,70,70,70,80,80,80,363,2
70,70,70,70,70,70,60,60,60,70,70,70,936,2
70,70,70,70,70,70,70,70,70,66,66,66,774,1
70,70,70,60,60,60,70,70,70,66,66,66,862,1
70,70,70,80,80,80,70,70,70,68,68,68,687,1
60,60,60,70,70,70,62,62,62,70,70,70,530,2
70,70,70,70,70,70,70,70,70,80,80,80,847,2
70,70,70,60,60,60,70,70,70,78,78,78,406,2
70,70,70,60,60,60,70,70,70,66,66,66,829,1
80,80,80,70,70,70,60,60,60,70,70,70,947,2
60,60,60,70,70,70,76,76,76,70,70,70,240,1
70,70,70,70,70,70,62,62,62,70,70,70,145,2
70,70,70,70,70,70,70,70,70,80,80,80,88,2
70,70,70,60,60,60,70,70,70,76,76,76,42,2
70,70,70,80,80,80,70,70,70,78,78,78,461,2
60,60,60,70,70,70,60,60,60,70,70,70,430,2
70,70,70,70,70,70,70,70,70,80,80,80,880,2
70,70,70,70,70,70,70,70,70,64,64,64,80,1
60,60,60,70,70,70,80,80,80,70,70,70,407,1
80,80,80,70,70,70,74,74,74,70,70,70,789,1
60,60,60,70,70,70,78,78,78,70,70,70,736,1
60,60,60,70,70,70,74,74,74,70,70,70,965,1
80,80,80,70,70,70,72,72,72,70,70,70,260,1
60,60,60,70,70,70,62,62,62,70,70,70,266,2
70,70,70,60,60,60,70,70,70,74,74,74,569,2
80,80,80,70,70,70,62,62,62,70,70,70,783,2
70,70,70,70,70,70,70,70,70,72,72,72,447,2
80,80,80,70,70,70,64,64,64,70,70,70,619,2
70,70,70,70,70,70,70,70,70,72,72,72,183,2
60,60,60,70,70,70,68,68,68,70,70,70,863,2
70,70,70,60,60,60,70,70,70,64,64,64,696,1
60,60,60,70,70,70,64,64,64,70,70,70,168,2
70,70,70,80,80,80,70,70,70,70,70,70,259,2
60,60,60,70,70,70,74,74,74,70,70,70,701,1
60,60,60,70,70,70,64,64,64,70,70,70,960,2
70,70,70,70,70,70,70,70,70,72,72,72,645,2
60,60,60,70,70,70,80,80,80,70,70,70,242,1
70,70,70,80,80,80,70,70,70,66,66,66,389,1
70,70,70,70,70,70,66,66,66,70,70,70,972,2
70,70,70,60,60,60,70,70,70,64,64,64,861,1
70,70,70,70,70,70,70,70,70,72,72,72,579,2
70,70,70,60,60,60,70,70,70,70,70,70,435,2
70,70,70,70,70,70,66,66,66,70,70,70,48,2
70,70,70,60,60,60,70,70,70,66,66,66,268,1
70,70,70,70,70,70,70,70,70,74,74,74,679,2
80,80,80,70,70,70,76,76,76,70,70,70,196,1
70,70,70,60,60,60,70,70,70,80,80,80,341,2
60,60,60,70,70,70,74,74,74,70,70,70,635,1
80,80,80,70,70,70,60,60,60,70,70,70,584,2
70,70,70,80,80,80,70,70,70,64,64,64,322,1
70,70,70,70,70,70,70,70,70,74,74,74,316,2
70,70,70,70,70,70,80,80,80,70,70,70,715,1
80,80,80,70,70,70,70,70,70,70,70,70,556,1
70,70,70,70,70,70,64,64,64,70,70,70,476,2
70,70,70,80,80,80,70,70,70,74,74,74,360,2
60,60,60,70,70,70,62,62,62,70,70,70,629,2
70,70,70,60,60,60,70,70,70,76,76,76,966,2
60,60,60,70,70,70,78,78,78,70,70,70,472,1
70,70,70,70,70,70,64,64,64,70,70,70,806,2
60,60,60,70,70,70,78,78,78,70,70,70,637,1
60,60,60,70,70,70,60,60,60,70,70,70,298,2
70,70,70,80,80,80,70,70,70,64,64,64,553,1
80,80,80,70,70,70,72,72,72,70,70,70,755,1
70,70,70,80,80,80,70,70,70,76,76,76,97,2
70,70,70,60,60,60,70,70,70,64,64,64,399,1
80,80,80,70,70,70,76,76,76,70,70,70,955,1
70,70,70,70,70,70,68,68,68,70,70,70,841,2
70,70,70,60,60,60,70,70,70,76,76,76,108,2
80,80,80,70,70,70,72,72,72,70,70,70,854,1
70,70,70,80,80,80,70,70,70,80,80,80,462,2
60,60,60,70,70,70,66,66,66,70,70,70,730,2
70,70,70,80,80,80,70,70,70,66,66,66,290,1
70,70,70,70,70,70,70,70,70,66,66,66,675,1
70,70,70,60,60,60,70,70,70,72,72,72,370,2
70,70,70,70,70,70,70,70,70,76,76,76,185,2
70,70,70,60,60,60,70,70,70,78,78,78,835,2
70,70,70,70,70,70,64,64,64,70,70,70,146,2
70,70,70,70,70,70,70,70,70,66,66,66,246,1
60,60,60,70,70,70,80,80,80,70,70,70,869,1
70,70,70,60,60,60,70,70,70,72,72,72,304,2
80,80,80,70,70,70,60,60,60,70,70,70,287,2
70,70,70,70,70,70,70,70,70,70,70,70,875,1
70,70,70,80,80,80,70,70,70,68,68,68,225,1
70,70,70,70,70,70,68,68,68,70,70,70,940,2
80,80,80,70,70,70,70,70,70,70,70,70,160,1
80,80,80,70,70,70,68,68,68,70,70,70,852,2
70,70,70,70,70,70,66,66,66,70,70,70,576,2
70,70,70,60,60,60,70,70,70,62,62,62,233,1
70,70,70,80,80,80,70,70,70,78,78,78,428,2
70,70,70,70,70,70,70,70,70,62,62,62,937,1
60,60,60,70,70,70,60,60,60,70,70,70,661,2
60,60,60,70,70,70,76,76,76,70,70,70,933,1
80,80,80,70,70,70,76,76,76,70,70,70,328,1
60,60,60,70,70,70,74,74,74,70,70,70,206,1
70,70,70,80,80,80,70,70,70,60,60,60,23,1
60,60,60,70,70,70,62,62,62,70,70,70,200,2
80,80,80,70,70,70,66,66,66,70,70,70,620,2
70,70,70,70,70,70,70,70,70,60,60,60,606,1
70,70,70,60,60,60,70,70,70,68,68,68,5,1
70,70,70,60,60,60,70,70,70,76,76,76,669,2
60,60,60,70,70,70,70,70,70,70,70,70,468,1
70,70,70,70,70,70,70,70,70,80,80,80,253,2
70,70,70,60,60,60,70,70,70,70,70,70,963,2
70,70,70,80,80,80,70,70,70,78,78,78,131,2
60,60,60,70,70,70,72,72,72,70,70,70,535,1
70,70,70,70,70,70,70,70,70,70,70,70,347,1
70,70,70,70,70,70,70,70,70,78,78,78,912,2
70,70,70,70,70,70,66,66,66,70,70,70,411,2
70,70,70,70,70,70,66,66,66,70,70,70,510,2
70,70,70,80,80,80,70,70,70,80,80,80,660,2
80,80,80,70,70,70,74,74,74,70,70,70,393,1
70,70,70,70,70,70,70,70,70,70,70,70,512,1
70,70,70,80,80,80,70,70,70,76,76,76,658,2
70,70,70,80,80,80,70,70,70,76,76,76,790,2
70,70,70,60,60,60,70,70,70,66,66,66,367,1
70,70,70,70,70,70,70,70,70,70,70,70,644,1
70,70,70,80,80,80,70,70,70,80,80,80,891,2
70,70,70,70,70,70,60,60,60,70,70,70,177,2
70,70,70,80,80,80,70,70,70,78,78,78,395,2
70,70,70,70,70,70,62,62,62,70,70,70,310,2
80,80,80,70,70,70,68,68,68,70,70,70,753,2
70,70,70,80,80,80,70,70,70,64,64,64,388,1
80,80,80,70,70,70,62,62,62,70,70,70,750,2
70,70,70,70,70,70,60,60,60,70,70,70,639,2
70,70,70,80,80,80,70,70,70,72,72,72,161,2
60,60,60,70,70,70,72,72,72,70,70,70,634,1
70,70,70,70,70,70,70,70,70,74,74,74,514,2
70,70,70,70,70,70,78,78,78,70,70,70,285,1
70,70,70,80,80,80,70,70,70,70,70,70,952,2
70,70,70,80,80,80,70,70,70,72,72,72,722,2
70,70,70,70,70,70,70,70,70,68,68,68,610,1
60,60,60,70,70,70,66,66,66,70,70,70,532,2
70,70,70,70,70,70,70,70,70,68,68,68,148,1
60,60,60,70,70,70,74,74,74,70,70,70,8,1
80,80,80,70,70,70,64,64,64,70,70,70,289,2
80,80,80,70,70,70,64,64,64,70,70,70,883,2
60,60,60,70,70,70,70,70,70,70,70,70,237,1
70,70,70,70,70,70,70,70,70,60,60,60,243,1
70,70,70,60,60,60,70,70,70,70,70,70,930,2
70,70,70,60,60,60,70,70,70,70,70,70,600,2
70,70,70,60,60,60,70,70,70,78,78,78,769,2
80,80,80,70,70,70,72,72,72,70,70,70,62,1
70,70,70,70,70,70,78,78,78,70,70,70,384,1
70,70,70,70,70,70,70,70,70,76,76,76,20,2
80,80,80,70,70,70,80,80,80,70,70,70,33,1
70,70,70,70,70,70,70,70,70,78,78,78,483,2
70,70,70,70,70,70,70,70,70,74,74,74,745,2
80,80,80,70,70,70,72,72,72,70,70,70,953,1
70,70,70,60,60,60,70,70,70,68,68,68,203,1
70,70,70,70,70,70,70,70,70,70,70,70,182,2
70,70,70,70,70,70,70,70,70,70,70,70,50,2
70,70,70,80,80,80,70,70,70,72,72,72,689,2
70,70,70,70,70,70,70,70,70,76,76,76,284,2
60,60,60,70,70,70,80,80,80,70,70,70,110,1
80,80,80,70,70,70,68,68,68,70,70,70,951,2
70,70,70,60,60,60,70,70,70,64,64,64,3,1
70,70,70,80,80,80,70,70,70,76,76,76,229,2
80,80,80,70,70,70,74,74,74,70,70,70,228,1
70,70,70,70,70,70,68,68,68,70,70,70,775,2
60,60,60,70,70,70,80,80,80,70,70,70,836,1
60,60,60,70,70,70,78,78,78,70,70,70,703,1
70,70,70,70,70,70,70,70,70,64,64,64,971,1
70,70,70,70,70,70,80,80,80,70,70,70,814,1
70,70,70,70,70,70,70,70,70,70,70,70,215,1
80,80,80,70,70,70,74,74,74,70,70,70,261,1
70,70,70,70,70,70,70,70,70,74,74,74,52,2
70,70,70,60,60,60,70,70,70,62,62,62,761,1
70,70,70,60,60,60,70,70,70,72,72,72,964,2
70,70,70,70,70,70,70,70,70,60,60,60,210,1
70,70,70,80,80,80,70,70,70,74,74,74,987,2
70,70,70,60,60,60,70,70,70,68,68,68,599,1
70,70,70,80,80,80,70,70,70,78,78,78,758,2
80,80,80,70,70,70,68,68,68,70,70,70,984,2
70,70,70,80,80,80,70,70,70,64,64,64,256,1
70,70,70,70,70,70,70,70,70,64,64,64,674,1
70,70,70,70,70,70,70,70,70,72,72,72,612,2
70,70,70,60,60,60,70,70,70,64,64,64,366,1
80,80,80,70,70,70,80,80,80,70,70,70,264,1
70,70,70,60,60,60,70,70,70,68,68,68,71,1
70,70,70,70,70,70,68,68,68,70,70,70,907,2
70,70,70,70,70,70,70,70,70,76,76,76,977,2
70,70,70,70,70,70,68,68,68,70,70,70,247,2
60,60,60,70,70,70,74,74,74,70,70,70,371,1
60,60,60,70,70,70,64,64,64,70,70,70,630,2
70,70,70,80,80,80,70,70,70,68,68,68,720,1
70,70,70,80,80,80,70,70,70,62,62,62,948,1
70,70,70,70,70,70,76,76,76,70,70,70,383,1
70,70,70,70,70,70,64,64,64,70,70,70,113,2
70,70,70,80,80,80,70,70,70,60,60,60,881,1
60,60,60,70,70,70,68,68,68,70,70,70,236,2
60,60,60,70,70,70,66,66,66,70,70,70,103,2
70,70,70,80,80,80,70,70,70,64,64,64,652,1
70,70,70,80,80,80,70,70,70,66,66,66,554,1
70,70,70,60,60,60,70,70,70,78,78,78,505,2
70,70,70,60,60,60,70,70,70,72,72,72,601,2
70,70,70,70,70,70,74,74,74,70,70,70,85,1
70,70,70,70,70,70,76,76,76,70,70,70,713,1
70,70,70,70,70,70,76,76,76,70,70,70,251,1
70,70,70,60,60,60,70,70,70,72,72,72,172,2
70,70,70,70,70,70,64,64,64,70,70,70,773,2
70,70,70,60,60,60,70,70,70,62,62,62,695,1
60,60,60,70,70,70,76,76,76,70,70,70,306,1
70,70,70,70,70,70,62,62,62,70,70,70,376,2
70,70,70,70,70,70,70,70,70,76,76,76,119,2
70,70,70,70,70,70,70,70,70,66,66,66,213,1
80,80,80,70,70,70,68,68,68,70,70,70,324,2
70,70,70,80,80,80,70,70,70,72,72,72,557,2
70,70,70,80,80,80,70,70,70,80,80,80,495,2
70,70,70,80,80,80,70,70,70,80,80,80,726,2
60,60,60,70,70,70,62,62,62,70,70,70,728,2
70,70,70,70,70,70,72,72,72,70,70,70,876,1
70,70,70,80,80,80,70,70,70,80,80,80,66,2
80,80,80,70,70,70,68,68,68,70,70,70,192,2
80,80,80,70,70,70,72,72,72,70,70,70,359,1
70,70,70,60,60,60,70,70,70,62,62,62,827,1
70,70,70,70,70,70,70,70,70,60,60,60,771,1
70,70,70,80,80,80,70,70,70,76,76,76,64,2
60,60,60,70,70,70,72,72,72,70,70,70,271,1
70,70,70,70,70,70,70,70,70,70,70,70,809,2
60,60,60,70,70,70,74,74,74,70,70,70,305,1
60,60,60,70,70,70,74,74,74,70,70,70,173,1
70,70,70,60,60,60,70,70,70,80,80,80,572,2
60,60,60,70,70,70,72,72,72,70,70,70,238,1
60,60,60,70,70,70,80,80,80,70,70,70,803,1
70,70,70,80,80,80,70,70,70,72,72,72,425,2
70,70,70,70,70,70,70,70,70,60,60,60,342,1
70,70,70,70,70,70,80,80,80,70,70,70,583,1
70,70,70,70,70,70,70,70,70,70,70,70,545,2
80,80,80,70,70,70,72,72,72,70,70,70,29,1
70,70,70,80,80,80,70,70,70,60,60,60,353,1
70,70,70,70,70,70,70,70,70,64,64,64,641,1
70,70,70,70,70,70,76,76,76,70,70,70,350,1
70,70,70,70,70,70,68,68,68,70,70,70,181,2
70,70,70,70,70,70,70,70,70,78,78,78,780,2
70,70,70,70,70,70,70,70,70,76,76,76,614,2
70,70,70,60,60,60,70,70,70,74,74,74,536,2
70,70,70,60,60,60,70,70,70,68,68,68,269,1
80,80,80,70,70,70,74,74,74,70,70,70,921,1
80,80,80,70,70,70,64,64,64,70,70,70,982,2
80,80,80,70,70,70,72,72,72,70,70,70,227,1
70,70,70,70,70,70,72,72,72,70,70,70,513,1
70,70,70,60,60,60,70,70,70,78,78,78,868,2
70,70,70,70,70,70,70,70,70,62,62,62,442,1
70,70,70,80,80,80,70,70,70,74,74,74,195,2
70,70,70,80,80,80,70,70,70,60,60,60,650,1
80,80,80,70,70,70,80,80,80,70,70,70,561,1
70,70,70,70,70,70,74,74,74,70,70,70,547,1
60,60,60,70,70,70,66,66,66,70,70,70,466,2
70,70,70,80,80,80,70,70,70,64,64,64,916,1
70,70,70,70,70,70,70,70,70,70,70,70,842,1
80,80,80,70,70,70,62,62,62,70,70,70,222,2
70,70,70,70,70,70,70,70,70,62,62,62,673,1
70,70,70,60,60,60,70,70,70,68,68,68,830,1
60,60,60,70,70,70,62,62,62,70,70,70,464,2
70,70,70,80,80,80,70,70,70,66,66,66,785,1
60,60,60,70,70,70,72,72,72,70,70,70,502,1
70,70,70,80,80,80,70,70,70,72,72,72,95,2
70,70,70,60,60,60,70,70,70,66,66,66,4,1
80,80,80,70,70,70,62,62,62,70,70,70,288,2
70,70,70,80,80,80,70,70,70,80,80,80,990,2
70,70,70,70,70,70,70,70,70,72,72,72,117,2
70,70,70,60,60,60,70,70,70,64,64,64,795,1
70,70,70,80,80,80,70,70,70,76,76,76,295,2
70,70,70,60,60,60,70,70,70,78,78,78,802,2
70,70,70,70,70,70,70,70,70,60,60,60,45,1
60,60,60,70,70,70,78,78,78,70,70,70,934,1
70,70,70,70,70,70,70,70,70,76,76,76,416,2
70,70,70,70,70,70,70,70,70,70,70,70,413,2
70,70,70,70,70,70,72,72,72,70,70,70,711,1
70,70,70,70,70,70,80,80,80,70,70,70,484,1
70,70,70,80,80,80,70,70,70,60,60,60,452,1
70,70,70,70,70,70,70,70,70,72,72,72,744,2
70,70,70,70,70,70,78,78,78,70,70,70,318,1
70,70,70,80,80,80,70,70,70,66,66,66,719,1
80,80,80,70,70,70,78,78,78,70,70,70,362,1
70,70,70,70,70,70,68,68,68,70,70,70,115,2
70,70,70,60,60,60,70,70,70,78,78,78,373,2
70,70,70,80,80,80,70,70,70,60,60,60,221,1
70,70,70,60,60,60,70,70,70,78,78,78,10,2
70,70,70,80,80,80,70,70,70,78,78,78,197,2
60,60,60,70,70,70,74,74,74,70,70,70,602,1
70,70,70,70,70,70,70,70,70,76,76,76,482,2
60,60,60,70,70,70,66,66,66,70,70,70,400,2
