144,143,141,135,134,131,144,143,141,148,147,144,74,2
153,152,150,144,143,141,153,152,150,144,143,141,693,1
153,152,150,144,143,141,139,138,135,144,143,141,355,2
153,152,150,144,143,141,146,145,143,144,143,141,887,1
144,143,141,135,134,131,144,143,141,139,138,135,201,1
153,152,150,144,143,141,137,136,133,144,143,141,90,2
144,143,141,144,143,141,144,143,141,135,134,131,804,1
144,143,141,135,134,131,144,143,141,151,150,148,208,2
144,143,141,144,143,141,151,150,148,144,143,141,516,1
135,134,131,144,143,141,150,149,146,144,143,141,702,1
144,143,141,144,143,141,135,134,131,144,143,141,276,2
153,152,150,144,143,141,139,138,135,144,143,141,850,2
144,143,141,135,134,131,144,143,141,144,143,141,666,2
144,143,141,153,152,150,144,143,141,146,145,143,590,2
135,134,131,144,143,141,150,149,146,144,143,141,768,1
144,143,141,144,143,141,144,143,141,137,136,133,904,1
153,152,150,144,143,141,141,140,137,144,143,141,92,2
135,134,131,144,143,141,143,141,139,144,143,141,797,2
144,143,141,144,143,141,144,143,141,141,140,137,939,1
144,143,141,144,143,141,144,143,141,139,138,135,938,1
144,143,141,144,143,141,151,150,148,144,143,141,219,1
153,152,150,144,143,141,139,138,135,144,143,141,25,2
144,143,141,135,134,131,144,143,141,135,134,131,793,1
144,143,141,153,152,150,144,143,141,151,150,148,98,2
153,152,150,144,143,141,139,138,135,144,143,141,586,2
153,152,150,144,143,141,151,150,148,144,143,141,329,1
144,143,141,144,143,141,146,145,143,144,143,141,810,1
144,143,141,135,134,131,144,143,141,148,147,144,338,2
153,152,150,144,143,141,153,152,150,144,143,141,330,1
144,143,141,144,143,141,146,145,143,144,143,141,282,1
153,152,150,144,143,141,150,149,146,144,143,141,625,1
153,152,150,144,143,141,141,140,137,144,143,141,917,2
144,143,141,144,143,141,143,141,139,144,143,141,676,2
135,134,131,144,143,141,148,147,144,144,143,141,668,1
135,134,131,144,143,141,141,140,137,144,143,141,928,2
135,134,131,144,143,141,148,147,144,144,143,141,866,1
153,152,150,144,143,141,153,152,150,144,143,141,957,1
144,143,141,144,143,141,146,145,143,144,143,141,249,1
144,143,141,153,152,150,144,143,141,137,136,133,189,1
144,143,141,144,143,141,144,143,141,150,149,146,845,2
144,143,141,135,134,131,144,143,141,144,143,141,501,2
144,143,141,153,152,150,144,143,141,141,140,137,587,1
144,143,141,144,143,141,144,143,141,135,134,131,441,1
144,143,141,135,134,131,144,143,141,146,145,143,40,2
144,143,141,135,134,131,144,143,141,141,140,137,136,1
144,143,141,144,143,141,144,143,141,144,143,141,941,2
144,143,141,135,134,131,144,143,141,150,149,146,570,2
144,143,141,135,134,131,144,143,141,146,145,143,799,2
144,143,141,135,134,131,144,143,141,143,141,139,533,1
144,143,141,153,152,150,144,143,141,141,140,137,851,1
144,143,141,135,134,131,144,143,141,150,149,146,207,2
153,152,150,144,143,141,137,136,133,144,143,141,24,2
144,143,141,144,143,141,135,134,131,144,143,141,672,2
144,143,141,153,152,150,144,143,141,139,138,135,421,1
144,143,141,144,143,141,148,147,144,144,143,141,118,1
135,134,131,144,143,141,151,150,148,144,143,141,241,1
144,143,141,153,152,150,144,143,141,139,138,135,58,1
144,143,141,144,143,141,143,141,139,144,143,141,742,2
144,143,141,144,143,141,153,152,150,144,143,141,979,1
144,143,141,153,152,150,144,143,141,148,147,144,591,2
144,143,141,144,143,141,141,140,137,144,143,141,81,2
144,143,141,144,143,141,144,143,141,144,143,141,149,1
144,143,141,144,143,141,144,143,141,151,150,148,54,2
144,143,141,144,143,141,144,143,141,153,152,150,55,2
135,134,131,144,143,141,153,152,150,144,143,141,11,1
135,134,131,144,143,141,135,134,131,144,143,141,100,2
144,143,141,144,143,141,144,143,141,143,141,139,379,1
153,152,150,144,143,141,135,134,131,144,143,141,386,2
144,143,141,144,143,141,144,143,141,137,136,133,508,1
144,143,141,135,134,131,144,143,141,148,147,144,734,2
153,152,150,144,143,141,137,136,133,144,143,141,882,2
144,143,141,135,134,131,144,143,141,137,136,133,299,1
135,134,131,144,143,141,141,140,137,144,143,141,664,2
135,134,131,144,143,141,139,138,135,144,143,141,432,2
144,143,141,144,143,141,144,143,141,144,143,141,611,1
153,152,150,144,143,141,146,145,143,144,143,141,821,1
144,143,141,144,143,141,144,143,141,144,143,141,17,1
144,143,141,153,152,150,144,143,141,144,143,141,226,2
144,143,141,135,134,131,144,143,141,141,140,137,631,1
144,143,141,135,134,131,144,143,141,151,150,148,340,2
144,143,141,153,152,150,144,143,141,144,143,141,490,2
144,143,141,144,143,141,144,143,141,153,152,150,946,2
153,152,150,144,143,141,135,134,131,144,143,141,617,2
144,143,141,153,152,150,144,143,141,150,149,146,724,2
144,143,141,153,152,150,144,143,141,148,147,144,822,2
144,143,141,144,143,141,144,143,141,148,147,144,580,2
144,143,141,153,152,150,144,143,141,153,152,150,132,2
144,143,141,135,134,131,144,143,141,139,138,135,762,1
144,143,141,144,143,141,144,143,141,141,140,137,147,1
144,143,141,153,152,150,144,143,141,144,143,141,787,2
144,143,141,144,143,141,151,150,148,144,143,141,615,1
144,143,141,153,152,150,144,143,141,151,150,148,263,2
144,143,141,144,143,141,144,143,141,146,145,143,150,2
144,143,141,135,134,131,144,143,141,143,141,139,335,1
135,134,131,144,143,141,144,143,141,144,143,141,864,1
144,143,141,144,143,141,146,145,143,144,143,141,216,1
153,152,150,144,143,141,146,145,143,144,143,141,458,1
144,143,141,144,143,141,144,143,141,150,149,146,812,2
153,152,150,144,143,141,135,134,131,144,143,141,419,2
144,143,141,144,143,141,153,152,150,144,143,141,748,1
144,143,141,135,134,131,144,143,141,150,149,146,834,2
144,143,141,135,134,131,144,143,141,148,147,144,767,2
153,152,150,144,143,141,135,134,131,144,143,141,89,2
153,152,150,144,143,141,143,141,139,144,143,141,654,2
144,143,141,144,143,141,144,143,141,151,150,148,945,2
144,143,141,144,143,141,137,136,133,144,143,141,805,2
144,143,141,144,143,141,135,134,131,144,143,141,474,2
144,143,141,144,143,141,144,143,141,151,150,148,252,2
144,143,141,153,152,150,144,143,141,150,149,146,427,2
135,134,131,144,143,141,151,150,148,144,143,141,274,1
135,134,131,144,143,141,135,134,131,144,143,141,199,2
144,143,141,135,134,131,144,143,141,139,138,135,927,1
153,152,150,144,143,141,141,140,137,144,143,141,356,2
144,143,141,144,143,141,146,145,143,144,143,141,348,1
144,143,141,153,152,150,144,143,141,139,138,135,124,1
144,143,141,144,143,141,144,143,141,153,152,150,121,2
144,143,141,144,143,141,141,140,137,144,143,141,840,2
144,143,141,135,134,131,144,143,141,141,140,137,70,1
144,143,141,144,143,141,146,145,143,144,143,141,909,1
144,143,141,135,134,131,144,143,141,150,149,146,141,2
153,152,150,144,143,141,153,152,150,144,143,141,924,1
135,134,131,144,143,141,148,147,144,144,143,141,932,1
144,143,141,144,143,141,153,152,150,144,143,141,154,1
135,134,131,144,143,141,146,145,143,144,143,141,832,1
153,152,150,144,143,141,141,140,137,144,143,141,422,2
144,143,141,144,143,141,135,134,131,144,143,141,837,2
153,152,150,144,143,141,144,143,141,144,143,141,457,1
144,143,141,153,152,150,144,143,141,146,145,143,920,2
135,134,131,144,143,141,139,138,135,144,143,141,234,2
144,143,141,144,143,141,144,143,141,143,141,139,445,1
144,143,141,144,143,141,141,140,137,144,143,141,807,2
144,143,141,153,152,150,144,143,141,153,152,150,825,2
144,143,141,144,143,141,144,143,141,150,149,146,152,2
135,134,131,144,143,141,141,140,137,144,143,141,301,2
144,143,141,144,143,141,150,149,146,144,143,141,515,1
144,143,141,153,152,150,144,143,141,139,138,135,784,1
144,143,141,135,134,131,144,143,141,144,143,141,798,2
144,143,141,144,143,141,144,143,141,143,141,139,709,1
135,134,131,144,143,141,135,134,131,144,143,141,133,2
144,143,141,135,134,131,144,143,141,150,149,146,372,2
144,143,141,144,143,141,144,143,141,153,152,150,550,2
153,152,150,144,143,141,143,141,139,144,143,141,456,2
144,143,141,144,143,141,144,143,141,137,136,133,607,1
144,143,141,144,143,141,135,134,131,144,143,141,375,2
144,143,141,153,152,150,144,143,141,151,150,148,164,2
144,143,141,144,143,141,141,140,137,144,143,141,180,2
153,152,150,144,143,141,150,149,146,144,143,141,163,1
144,143,141,153,152,150,144,143,141,150,149,146,988,2
144,143,141,135,134,131,144,143,141,146,145,143,700,2
135,134,131,144,143,141,141,140,137,144,143,141,499,2
144,143,141,135,134,131,144,143,141,151,150,148,604,2
144,143,141,135,134,131,144,143,141,153,152,150,737,2
144,143,141,144,143,141,144,143,141,141,140,137,543,1
144,143,141,135,134,131,144,143,141,143,141,139,566,1
144,143,141,144,143,141,153,152,150,144,143,141,418,1
144,143,141,135,134,131,144,143,141,139,138,135,729,1
144,143,141,144,143,141,151,150,148,144,143,141,681,1
144,143,141,153,152,150,144,143,141,148,147,144,855,2
135,134,131,144,143,141,151,150,148,144,143,141,670,1
144,143,141,144,143,141,144,143,141,137,136,133,574,1
144,143,141,153,152,150,144,143,141,151,150,148,791,2
144,143,141,144,143,141,143,141,139,144,143,141,346,2
144,143,141,135,134,131,144,143,141,146,145,143,337,2
144,143,141,144,143,141,144,143,141,135,134,131,705,1
144,143,141,135,134,131,144,143,141,135,134,131,331,1
153,152,150,144,143,141,148,147,144,144,143,141,294,1
144,143,141,153,152,150,144,143,141,141,140,137,983,1
144,143,141,153,152,150,144,143,141,137,136,133,420,1
144,143,141,144,143,141,150,149,146,144,143,141,944,1
144,143,141,135,134,131,144,143,141,141,140,137,565,1
144,143,141,144,143,141,135,134,131,144,143,141,144,2
144,143,141,153,152,150,144,143,141,135,134,131,320,1
135,134,131,144,143,141,137,136,133,144,143,141,365,2
153,152,150,144,143,141,137,136,133,144,143,141,915,2
135,134,131,144,143,141,139,138,135,144,143,141,597,2
144,143,141,153,152,150,144,143,141,144,143,141,985,2
144,143,141,144,143,141,144,143,141,137,136,133,112,1
144,143,141,153,152,150,144,143,141,143,141,139,489,1
135,134,131,144,143,141,135,134,131,144,143,141,925,2
135,134,131,144,143,141,148,147,144,144,143,141,503,1
135,134,131,144,143,141,153,152,150,144,143,141,671,1
144,143,141,144,143,141,148,147,144,144,143,141,481,1
144,143,141,144,143,141,146,145,143,144,143,141,777,1
144,143,141,153,152,150,144,143,141,137,136,133,849,1
144,143,141,144,143,141,144,143,141,151,150,148,21,2
135,134,131,144,143,141,135,134,131,144,143,141,67,2
144,143,141,144,143,141,150,149,146,144,143,141,911,1
153,152,150,144,143,141,143,141,139,144,143,141,522,2
144,143,141,153,152,150,144,143,141,137,136,133,321,1
144,143,141,153,152,150,144,143,141,144,143,141,655,2
144,143,141,144,143,141,144,143,141,144,143,141,578,1
153,152,150,144,143,141,139,138,135,144,143,141,487,2
144,143,141,144,143,141,141,140,137,144,143,141,312,2
144,143,141,153,152,150,144,143,141,135,134,131,815,1
144,143,141,135,134,131,144,143,141,144,143,141,567,2
144,143,141,144,143,141,144,143,141,137,136,133,871,1
135,134,131,144,143,141,153,152,150,144,143,141,605,1
144,143,141,153,152,150,144,143,141,148,147,144,624,2
144,143,141,135,134,131,144,143,141,144,143,141,171,2
144,143,141,135,134,131,144,143,141,137,136,133,497,1
144,143,141,135,134,131,144,143,141,144,143,141,303,2
144,143,141,135,134,131,144,143,141,135,134,131,232,1
153,152,150,144,143,141,144,143,141,144,143,141,193,1
153,152,150,144,143,141,144,143,141,144,143,141,919,1
144,143,141,144,143,141,143,141,139,144,143,141,412,2
144,143,141,153,152,150,144,143,141,151,150,148,626,2
135,134,131,144,143,141,135,134,131,144,143,141,265,2
144,143,141,153,152,150,144,143,141,146,145,143,293,2
144,143,141,144,143,141,151,150,148,144,143,141,120,1
153,152,150,144,143,141,135,134,131,144,143,141,782,2
144,143,141,135,134,131,144,143,141,135,134,131,727,1
144,143,141,144,143,141,144,143,141,144,143,141,908,1
144,143,141,153,152,150,144,143,141,143,141,139,555,1
135,134,131,144,143,141,141,140,137,144,143,141,961,2
144,143,141,144,143,141,141,140,137,144,143,141,609,2
153,152,150,144,143,141,137,136,133,144,143,141,618,2
144,143,141,144,143,141,144,143,141,153,152,150,352,2
144,143,141,153,152,150,144,143,141,148,147,144,723,2
144,143,141,135,134,131,144,143,141,144,143,141,6,2
153,152,150,144,143,141,144,143,141,144,143,141,853,1
135,134,131,144,143,141,151,150,148,144,143,141,109,1
144,143,141,144,143,141,144,143,141,139,138,135,443,1
135,134,131,144,143,141,150,149,146,144,143,141,801,1
144,143,141,153,152,150,144,143,141,141,140,137,950,1
144,143,141,144,143,141,139,138,135,144,143,141,245,2
144,143,141,153,152,150,144,143,141,141,140,137,224,1
144,143,141,153,152,150,144,143,141,137,136,133,486,1
144,143,141,144,143,141,144,143,141,144,143,141,83,2
153,152,150,144,143,141,135,134,131,144,143,141,848,2
144,143,141,144,143,141,137,136,133,144,143,141,244,2
144,143,141,144,143,141,143,141,139,144,143,141,82,2
153,152,150,144,143,141,139,138,135,144,143,141,718,2
153,152,150,144,143,141,137,136,133,144,143,141,354,2
153,152,150,144,143,141,135,134,131,144,143,141,518,2
144,143,141,135,134,131,144,143,141,137,136,133,893,1
144,143,141,153,152,150,144,143,141,143,141,139,60,1
144,143,141,135,134,131,144,143,141,135,134,131,463,1
153,152,150,144,143,141,141,140,137,144,143,141,26,2
153,152,150,144,143,141,143,141,139,144,143,141,291,2
144,143,141,135,134,131,144,143,141,137,136,133,926,1
144,143,141,135,134,131,144,143,141,143,141,139,38,1
144,143,141,153,152,150,144,143,141,153,152,150,759,2
153,152,150,144,143,141,141,140,137,144,143,141,257,2
153,152,150,144,143,141,151,150,148,144,143,141,890,1
135,134,131,144,143,141,141,140,137,144,143,141,37,2
144,143,141,135,134,131,144,143,141,144,143,141,897,2
153,152,150,144,143,141,137,136,133,144,143,141,57,2
144,143,141,144,143,141,144,143,141,143,141,139,214,1
144,143,141,135,134,131,144,143,141,137,136,133,563,1
144,143,141,144,143,141,144,143,141,137,136,133,343,1
144,143,141,135,134,131,144,143,141,137,136,133,398,1
153,152,150,144,143,141,137,136,133,144,143,141,387,2
144,143,141,153,152,150,144,143,141,137,136,133,717,1
144,143,141,135,134,131,144,143,141,143,141,139,632,1
153,152,150,144,143,141,151,150,148,144,143,141,230,1
144,143,141,144,143,141,144,143,141,144,143,141,281,1
144,143,141,135,134,131,144,143,141,153,152,150,440,2
135,134,131,144,143,141,148,147,144,144,143,141,41,1
153,152,150,144,143,141,135,134,131,144,143,141,155,2
153,152,150,144,143,141,148,147,144,144,143,141,162,1
144,143,141,135,134,131,144,143,141,151,150,148,538,2
144,143,141,135,134,131,144,143,141,146,145,143,469,2
135,134,131,144,143,141,146,145,143,144,143,141,667,1
144,143,141,144,143,141,144,143,141,153,152,150,385,2
144,143,141,153,152,150,144,143,141,143,141,139,93,1
135,134,131,144,143,141,150,149,146,144,143,141,867,1
144,143,141,144,143,141,144,143,141,137,136,133,409,1
135,134,131,144,143,141,137,136,133,144,143,141,794,2
144,143,141,144,143,141,144,143,141,144,143,141,743,2
144,143,141,135,134,131,144,143,141,137,136,133,596,1
144,143,141,144,143,141,148,147,144,144,143,141,712,1
144,143,141,135,134,131,144,143,141,153,152,150,704,2
144,143,141,144,143,141,144,143,141,144,143,141,677,2
144,143,141,144,143,141,144,143,141,150,149,146,53,2
144,143,141,153,152,150,144,143,141,141,140,137,455,1
144,143,141,153,152,150,144,143,141,153,152,150,429,2
144,143,141,144,143,141,148,147,144,144,143,141,283,1
144,143,141,135,134,131,144,143,141,150,149,146,636,2
144,143,141,153,152,150,144,143,141,141,140,137,488,1
144,143,141,135,134,131,144,143,141,141,140,137,202,1
153,152,150,144,143,141,150,149,146,144,143,141,856,1
153,152,150,144,143,141,137,136,133,144,143,141,519,2
144,143,141,153,152,150,144,143,141,148,147,144,426,2
135,134,131,144,143,141,146,145,143,144,143,141,568,1
153,152,150,144,143,141,135,134,131,144,143,141,551,2
135,134,131,144,143,141,143,141,139,144,143,141,500,2
144,143,141,144,143,141,151,150,148,144,143,141,747,1
144,143,141,144,143,141,144,143,141,150,149,146,647,2
144,143,141,144,143,141,150,149,146,144,143,141,317,1
144,143,141,144,143,141,153,152,150,144,143,141,913,1
144,143,141,135,134,131,144,143,141,148,147,144,107,2
153,152,150,144,143,141,146,145,143,144,143,141,491,1
144,143,141,144,143,141,150,149,146,144,143,141,218,1
144,143,141,144,143,141,146,145,143,144,143,141,84,1
144,143,141,135,134,131,144,143,141,146,145,143,139,2
144,143,141,153,152,150,144,143,141,144,143,141,820,2
144,143,141,153,152,150,144,143,141,139,138,135,751,1
135,134,131,144,143,141,148,147,144,144,143,141,404,1
144,143,141,153,152,150,144,143,141,137,136,133,585,1
144,143,141,144,143,141,144,143,141,148,147,144,646,2
144,143,141,153,152,150,144,143,141,148,147,144,492,2
144,143,141,135,134,131,144,143,141,150,149,146,339,2
144,143,141,153,152,150,144,143,141,146,145,143,194,2
144,143,141,144,143,141,144,143,141,143,141,139,280,1
144,143,141,153,152,150,144,143,141,141,140,137,59,1
144,143,141,153,152,150,144,143,141,148,147,144,657,2
144,143,141,144,143,141,143,141,139,144,143,141,973,2
144,143,141,144,143,141,144,143,141,137,136,133,277,1
144,143,141,135,134,131,144,143,141,141,140,137,697,1
144,143,141,144,143,141,144,143,141,151,150,148,549,2
153,152,150,144,143,141,150,149,146,144,143,141,559,1
144,143,141,144,143,141,144,143,141,141,140,137,477,1
144,143,141,135,134,131,144,143,141,139,138,135,333,1
144,143,141,135,134,131,144,143,141,139,138,135,465,1
135,134,131,144,143,141,143,141,139,144,143,141,170,2
144,143,141,135,134,131,144,143,141,143,141,139,698,1
144,143,141,144,143,141,151,150,148,144,143,141,813,1
135,134,131,144,143,141,137,136,133,144,143,141,860,2
144,143,141,144,143,141,144,143,141,139,138,135,575,1
144,143,141,153,152,150,144,143,141,150,149,146,592,2
144,143,141,135,134,131,144,143,141,144,143,141,336,2
144,143,141,135,134,131,144,143,141,139,138,135,828,1
153,152,150,144,143,141,143,141,139,144,143,141,918,2
144,143,141,153,152,150,144,143,141,141,140,137,884,1
153,152,150,144,143,141,137,136,133,144,143,141,552,2
144,143,141,144,143,141,150,149,146,144,143,141,680,1
144,143,141,144,143,141,143,141,139,144,143,141,49,2
144,143,141,135,134,131,144,143,141,150,149,146,273,2
135,134,131,144,143,141,137,136,133,144,143,141,332,2
144,143,141,144,143,141,144,143,141,141,140,137,114,1
144,143,141,153,152,150,144,143,141,144,143,141,358,2
153,152,150,144,143,141,148,147,144,144,143,141,756,1
144,143,141,135,134,131,144,143,141,151,150,148,967,2
144,143,141,153,152,150,144,143,141,137,136,133,123,1
144,143,141,144,143,141,144,143,141,153,152,150,286,2
135,134,131,144,143,141,135,134,131,144,143,141,859,2
144,143,141,144,143,141,141,140,137,144,143,141,642,2
135,134,131,144,143,141,144,143,141,144,143,141,369,1
144,143,141,144,143,141,151,150,148,144,143,141,186,1
153,152,150,144,143,141,146,145,143,144,143,141,128,1
144,143,141,144,143,141,144,143,141,148,147,144,217,2
144,143,141,135,134,131,144,143,141,135,134,131,760,1
144,143,141,144,143,141,137,136,133,144,143,141,706,2
153,152,150,144,143,141,137,136,133,144,143,141,651,2
153,152,150,144,143,141,150,149,146,144,143,141,394,1
153,152,150,144,143,141,141,140,137,144,143,141,752,2
144,143,141,144,143,141,144,143,141,135,134,131,573,1
144,143,141,135,134,131,144,143,141,146,145,143,73,2
153,152,150,144,143,141,137,136,133,144,143,141,684,2
144,143,141,144,143,141,144,143,141,144,143,141,380,2
144,143,141,144,143,141,144,143,141,135,134,131,309,1
144,143,141,135,134,131,144,143,141,150,149,146,471,2
135,134,131,144,143,141,144,143,141,144,143,141,72,1
153,152,150,144,143,141,150,149,146,144,143,141,757,1
144,143,141,144,143,141,144,143,141,153,152,150,319,2
144,143,141,144,143,141,139,138,135,144,143,141,377,2
144,143,141,144,143,141,143,141,139,144,143,141,544,2
144,143,141,153,152,150,144,143,141,151,150,148,989,2
144,143,141,144,143,141,150,149,146,144,143,141,449,1
144,143,141,135,134,131,144,143,141,150,149,146,537,2
144,143,141,135,134,131,144,143,141,143,141,139,467,1
144,143,141,135,134,131,144,143,141,153,152,150,275,2
144,143,141,135,134,131,144,143,141,153,152,150,968,2
153,152,150,144,143,141,143,141,139,144,143,141,126,2
135,134,131,144,143,141,137,136,133,144,143,141,35,2
153,152,150,144,143,141,137,136,133,144,143,141,453,2
144,143,141,153,152,150,144,143,141,143,141,139,819,1
144,143,141,153,152,150,144,143,141,143,141,139,885,1
144,143,141,144,143,141,144,143,141,141,140,137,15,1
144,143,141,144,143,141,137,136,133,144,143,141,178,2
135,134,131,144,143,141,148,147,144,144,143,141,470,1
144,143,141,135,134,131,144,143,141,143,141,139,104,1
135,134,131,144,143,141,141,140,137,144,143,141,895,2
144,143,141,144,143,141,144,143,141,153,152,150,616,2
144,143,141,144,143,141,144,143,141,143,141,139,577,1
144,143,141,153,152,150,144,143,141,146,145,143,524,2
153,152,150,144,143,141,144,143,141,144,143,141,754,1
144,143,141,144,143,141,143,141,139,144,143,141,16,2
144,143,141,135,134,131,144,143,141,146,145,143,106,2
144,143,141,153,152,150,144,143,141,144,143,141,292,2
135,134,131,144,143,141,139,138,135,144,143,141,894,2
135,134,131,144,143,141,144,143,141,144,143,141,39,1
144,143,141,144,143,141,139,138,135,144,143,141,707,2
144,143,141,144,143,141,148,147,144,144,143,141,943,1
144,143,141,153,152,150,144,143,141,144,143,141,94,2
144,143,141,144,143,141,144,143,141,137,136,133,46,1
144,143,141,153,152,150,144,143,141,139,138,135,949,1
135,134,131,144,143,141,150,149,146,144,143,141,603,1
144,143,141,144,143,141,144,143,141,139,138,135,905,1
144,143,141,153,152,150,144,143,141,148,147,144,690,2
153,152,150,144,143,141,144,143,141,144,143,141,61,1
153,152,150,144,143,141,146,145,143,144,143,141,392,1
153,152,150,144,143,141,153,152,150,144,143,141,231,1
144,143,141,144,143,141,139,138,135,144,143,141,47,2
144,143,141,144,143,141,150,149,146,144,143,141,86,1
144,143,141,135,134,131,144,143,141,151,150,148,571,2
144,143,141,135,134,131,144,143,141,137,136,133,662,1
144,143,141,153,152,150,144,143,141,153,152,150,528,2
144,143,141,144,143,141,153,152,150,144,143,141,682,1
144,143,141,144,143,141,141,140,137,144,143,141,444,2
135,134,131,144,143,141,151,150,148,144,143,141,307,1
144,143,141,144,143,141,151,150,148,144,143,141,714,1
153,152,150,144,143,141,144,143,141,144,143,141,325,1
144,143,141,135,134,131,144,143,141,148,147,144,833,2
135,134,131,144,143,141,135,134,131,144,143,141,364,2
144,143,141,144,143,141,144,143,141,139,138,135,839,1
144,143,141,153,152,150,144,143,141,144,143,141,28,2
135,134,131,144,143,141,150,149,146,144,143,141,405,1
144,143,141,144,143,141,148,147,144,144,143,141,778,1
144,143,141,135,134,131,144,143,141,137,136,133,431,1
144,143,141,144,143,141,146,145,143,144,143,141,546,1
135,134,131,144,143,141,137,136,133,144,143,141,2,2
153,152,150,144,143,141,150,149,146,144,143,141,361,1
153,152,150,144,143,141,150,149,146,144,143,141,262,1
144,143,141,153,152,150,144,143,141,144,143,141,721,2
144,143,141,135,134,131,144,143,141,135,134,131,529,1
153,152,150,144,143,141,146,145,143,144,143,141,656,1
144,143,141,135,134,131,144,143,141,151,150,148,76,2
144,143,141,144,143,141,144,143,141,143,141,139,643,1
144,143,141,144,143,141,139,138,135,144,143,141,608,2
144,143,141,135,134,131,144,143,141,141,140,137,433,1
144,143,141,153,152,150,144,143,141,150,149,146,130,2
144,143,141,144,143,141,137,136,133,144,143,141,541,2
144,143,141,144,143,141,141,140,137,144,143,141,279,2
144,143,141,144,143,141,144,143,141,150,149,146,581,2
144,143,141,135,134,131,144,143,141,139,138,135,36,1
144,143,141,144,143,141,144,143,141,141,140,137,708,1
144,143,141,144,143,141,144,143,141,139,138,135,344,1
144,143,141,144,143,141,144,143,141,148,147,144,151,2
144,143,141,144,143,141,144,143,141,151,150,148,153,2
144,143,141,144,143,141,135,134,131,144,143,141,111,2
144,143,141,144,143,141,144,143,141,153,152,150,649,2
135,134,131,144,143,141,146,145,143,144,143,141,205,1
153,152,150,144,143,141,135,134,131,144,143,141,188,2
144,143,141,153,152,150,144,143,141,137,136,133,816,1
144,143,141,135,134,131,144,143,141,144,143,141,633,2
153,152,150,144,143,141,150,149,146,144,143,141,922,1
144,143,141,135,134,131,144,143,141,137,136,133,101,1
144,143,141,144,143,141,144,143,141,148,147,144,184,2
135,134,131,144,143,141,153,152,150,144,143,141,506,1
153,152,150,144,143,141,135,134,131,144,143,141,716,2
144,143,141,135,134,131,144,143,141,153,152,150,770,2
153,152,150,144,143,141,148,147,144,144,143,141,30,1
144,143,141,135,134,131,144,143,141,144,143,141,831,2
135,134,131,144,143,141,137,136,133,144,143,141,134,2
144,143,141,144,143,141,153,152,150,144,143,141,781,1
144,143,141,144,143,141,144,143,141,144,143,141,248,2
153,152,150,144,143,141,143,141,139,144,143,141,258,2
153,152,150,144,143,141,135,134,131,144,143,141,122,2
153,152,150,144,143,141,148,147,144,144,143,141,327,1
135,134,131,144,143,141,146,145,143,144,143,141,403,1
144,143,141,153,152,150,144,143,141,153,152,150,792,2
135,134,131,144,143,141,148,147,144,144,143,141,899,1
144,143,141,153,152,150,144,143,141,153,152,150,99,2
135,134,131,144,143,141,139,138,135,144,143,141,663,2
144,143,141,135,134,131,144,143,141,135,134,131,34,1
153,152,150,144,143,141,141,140,137,144,143,141,653,2
153,152,150,144,143,141,148,147,144,144,143,141,459,1
144,143,141,144,143,141,144,143,141,148,147,144,910,2
135,134,131,144,143,141,151,150,148,144,143,141,43,1
144,143,141,153,152,150,144,143,141,151,150,148,956,2
144,143,141,153,152,150,144,143,141,153,152,150,297,2
153,152,150,144,143,141,143,141,139,144,143,141,390,2
144,143,141,135,134,131,144,143,141,135,134,131,595,1
144,143,141,144,143,141,144,143,141,137,136,133,211,1
144,143,141,153,152,150,144,143,141,151,150,148,296,2
144,143,141,135,134,131,144,143,141,144,143,141,105,2
144,143,141,144,143,141,144,143,141,137,136,133,475,1
144,143,141,153,152,150,144,143,141,146,145,143,788,2
144,143,141,144,143,141,144,143,141,143,141,139,313,1
153,152,150,144,143,141,153,152,150,144,143,141,165,1
144,143,141,153,152,150,144,143,141,146,145,143,986,2
144,143,141,153,152,150,144,143,141,148,147,144,888,2
135,134,131,144,143,141,148,147,144,144,143,141,272,1
135,134,131,144,143,141,146,145,143,144,143,141,865,1
135,134,131,144,143,141,143,141,139,144,143,141,896,2
144,143,141,153,152,150,144,143,141,143,141,139,159,1
144,143,141,144,143,141,144,143,141,153,152,150,22,2
144,143,141,144,143,141,144,143,141,148,147,144,19,2
144,143,141,135,134,131,144,143,141,144,143,141,204,2
144,143,141,153,152,150,144,143,141,139,138,135,454,1
135,134,131,144,143,141,143,141,139,144,143,141,665,2
144,143,141,144,143,141,144,143,141,146,145,143,381,2
135,134,131,144,143,141,143,141,139,144,143,141,137,2
153,152,150,144,143,141,150,149,146,144,143,141,889,1
153,152,150,144,143,141,139,138,135,144,143,141,190,2
144,143,141,144,143,141,144,143,141,135,134,131,870,1
144,143,141,135,134,131,144,143,141,139,138,135,300,1
144,143,141,144,143,141,144,143,141,137,136,133,13,1
144,143,141,135,134,131,144,143,141,143,141,139,368,1
144,143,141,144,143,141,144,143,141,153,152,150,220,2
135,134,131,144,143,141,151,150,148,144,143,141,439,1
135,134,131,144,143,141,146,145,143,144,143,141,766,1
144,143,141,144,143,141,139,138,135,144,143,141,278,2
135,134,131,144,143,141,141,140,137,144,143,141,763,2
144,143,141,144,143,141,150,149,146,144,143,141,746,1
135,134,131,144,143,141,146,145,143,144,143,141,436,1
153,152,150,144,143,141,153,152,150,144,143,141,627,1
144,143,141,144,143,141,135,134,131,144,143,141,78,2
144,143,141,153,152,150,144,143,141,148,147,144,129,2
144,143,141,135,134,131,144,143,141,150,149,146,75,2
135,134,131,144,143,141,135,134,131,144,143,141,562,2
144,143,141,144,143,141,143,141,139,144,143,141,478,2
144,143,141,144,143,141,146,145,143,144,143,141,315,1
153,152,150,144,143,141,144,143,141,144,143,141,688,1
153,152,150,144,143,141,135,134,131,144,143,141,485,2
144,143,141,144,143,141,151,150,148,144,143,141,87,1
135,134,131,144,143,141,143,141,139,144,143,141,731,2
144,143,141,153,152,150,144,143,141,148,147,144,63,2
144,143,141,135,134,131,144,143,141,135,134,131,397,1
144,143,141,144,143,141,151,150,148,144,143,141,351,1
144,143,141,144,143,141,151,150,148,144,143,141,450,1
144,143,141,153,152,150,144,143,141,144,143,141,523,2
144,143,141,135,134,131,144,143,141,153,152,150,77,2
135,134,131,144,143,141,144,143,141,144,143,141,765,1
153,152,150,144,143,141,150,149,146,144,143,141,823,1
144,143,141,144,143,141,146,145,143,144,143,141,843,1
144,143,141,135,134,131,144,143,141,139,138,135,531,1
144,143,141,144,143,141,144,143,141,153,152,150,187,2
144,143,141,144,143,141,144,143,141,139,138,135,542,1
135,134,131,144,143,141,139,138,135,144,143,141,102,2
144,143,141,144,143,141,144,143,141,148,147,144,448,2
144,143,141,144,143,141,144,143,141,148,147,144,382,2
135,134,131,144,143,141,135,134,131,144,143,141,694,2
153,152,150,144,143,141,139,138,135,144,143,141,817,2
153,152,150,144,143,141,151,150,148,144,143,141,857,1
144,143,141,144,143,141,144,143,141,144,143,141,314,1
144,143,141,144,143,141,143,141,139,144,143,141,808,2
144,143,141,153,152,150,144,143,141,150,149,146,691,2
144,143,141,135,134,131,144,143,141,146,145,143,898,2
135,134,131,144,143,141,144,143,141,144,143,141,270,1
144,143,141,144,143,141,144,143,141,144,143,141,479,2
144,143,141,153,152,150,144,143,141,153,152,150,198,2
135,134,131,144,143,141,141,140,137,144,143,141,598,2
144,143,141,135,134,131,144,143,141,148,147,144,239,2
135,134,131,144,143,141,141,140,137,144,143,141,235,2
144,143,141,153,152,150,144,143,141,144,143,141,424,2
144,143,141,153,152,150,144,143,141,151,150,148,494,2
144,143,141,135,134,131,144,143,141,137,136,133,68,1
144,143,141,144,143,141,137,136,133,144,143,141,640,2
144,143,141,153,152,150,144,143,141,144,143,141,622,2
144,143,141,144,143,141,144,143,141,144,143,141,776,2
135,134,131,144,143,141,151,150,148,144,143,141,142,1
153,152,150,144,143,141,141,140,137,144,143,141,191,2
135,134,131,144,143,141,153,152,150,144,143,141,143,1
144,143,141,153,152,150,144,143,141,135,134,131,683,1
144,143,141,144,143,141,139,138,135,144,143,141,872,2
144,143,141,135,134,131,144,143,141,153,152,150,935,2
144,143,141,135,134,131,144,143,141,148,147,144,437,2
135,134,131,144,143,141,135,134,131,144,143,141,628,2
144,143,141,144,143,141,144,143,141,135,134,131,738,1
135,134,131,144,143,141,135,134,131,144,143,141,892,2
153,152,150,144,143,141,141,140,137,144,143,141,818,2
144,143,141,144,143,141,137,136,133,144,143,141,739,2
144,143,141,144,143,141,144,143,141,151,150,148,648,2
144,143,141,153,152,150,144,143,141,137,136,133,156,1
144,143,141,135,134,131,144,143,141,151,150,148,175,2
144,143,141,144,143,141,144,143,141,146,145,143,975,2
144,143,141,135,134,131,144,143,141,143,141,139,929,1
153,152,150,144,143,141,150,149,146,144,143,141,31,1
144,143,141,135,134,131,144,143,141,141,140,137,796,1
144,143,141,144,143,141,144,143,141,139,138,135,14,1
135,134,131,144,143,141,150,149,146,144,143,141,174,1
144,143,141,144,143,141,144,143,141,139,138,135,311,1
144,143,141,153,152,150,144,143,141,151,150,148,593,2
135,134,131,144,143,141,139,138,135,144,143,141,267,2
144,143,141,135,134,131,144,143,141,143,141,139,401,1
144,143,141,144,143,141,144,143,141,143,141,139,511,1
144,143,141,153,152,150,144,143,141,153,152,150,858,2
144,143,141,144,143,141,150,149,146,144,143,141,878,1
135,134,131,144,143,141,146,145,143,144,143,141,931,1
144,143,141,135,134,131,144,143,141,153,152,150,176,2
144,143,141,144,143,141,144,143,141,148,147,144,349,2
144,143,141,144,143,141,144,143,141,151,150,148,417,2
144,143,141,144,143,141,144,143,141,153,152,150,451,2
144,143,141,144,143,141,148,147,144,144,143,141,976,1
144,143,141,144,143,141,144,143,141,151,150,148,582,2
135,134,131,144,143,141,139,138,135,144,143,141,135,2
153,152,150,144,143,141,141,140,137,144,143,141,521,2
144,143,141,144,143,141,144,143,141,144,143,141,974,2
153,152,150,144,143,141,151,150,148,144,143,141,923,1
144,143,141,144,143,141,139,138,135,144,143,141,179,2
135,134,131,144,143,141,137,136,133,144,143,141,959,2
144,143,141,153,152,150,144,143,141,135,134,131,749,1
153,152,150,144,143,141,141,140,137,144,143,141,686,2
153,152,150,144,143,141,144,143,141,144,143,141,391,1
144,143,141,153,152,150,144,143,141,139,138,135,685,1
144,143,141,135,134,131,144,143,141,135,134,131,1,1
144,143,141,144,143,141,144,143,141,146,145,143,414,2
135,134,131,144,143,141,144,143,141,144,143,141,732,1
144,143,141,144,143,141,141,140,137,144,143,141,906,2
153,152,150,144,143,141,151,150,148,144,143,141,527,1
144,143,141,135,134,131,144,143,141,153,152,150,374,2
135,134,131,144,143,141,135,134,131,144,143,141,826,2
144,143,141,144,143,141,144,143,141,137,136,133,970,1
144,143,141,144,143,141,139,138,135,144,143,141,509,2
144,143,141,153,152,150,144,143,141,151,150,148,824,2
135,134,131,144,143,141,153,152,150,144,143,141,638,1
135,134,131,144,143,141,135,134,131,144,143,141,496,2
144,143,141,135,134,131,144,143,141,144,143,141,534,2
144,143,141,135,134,131,144,143,141,153,152,150,44,2
144,143,141,144,143,141,144,143,141,141,140,137,873,1
153,152,150,144,143,141,148,147,144,144,143,141,954,1
144,143,141,144,143,141,148,147,144,144,143,141,877,1
144,143,141,153,152,150,144,143,141,144,143,141,589,2
144,143,141,135,134,131,144,143,141,153,152,150,209,2
144,143,141,153,152,150,144,143,141,143,141,139,423,1
144,143,141,153,152,150,144,143,141,139,138,135,223,1
144,143,141,144,143,141,137,136,133,144,143,141,838,2
144,143,141,144,143,141,153,152,150,144,143,141,517,1
144,143,141,135,134,131,144,143,141,144,143,141,138,2
153,152,150,144,143,141,151,150,148,144,143,141,725,1
144,143,141,153,152,150,144,143,141,144,143,141,886,2
135,134,131,144,143,141,150,149,146,144,143,141,504,1
144,143,141,144,143,141,144,143,141,144,143,141,116,1
153,152,150,144,143,141,143,141,139,144,143,141,27,2
153,152,150,144,143,141,143,141,139,144,143,141,621,2
144,143,141,144,143,141,148,147,144,144,143,141,613,1
144,143,141,144,143,141,144,143,141,146,145,143,18,2
144,143,141,135,134,131,144,143,141,146,145,143,7,2
144,143,141,144,143,141,144,143,141,148,147,144,415,2
144,143,141,144,143,141,144,143,141,135,134,131,12,1
144,143,141,153,152,150,144,143,141,146,145,143,326,2
144,143,141,153,152,150,144,143,141,151,150,148,560,2
144,143,141,135,134,131,144,143,141,150,149,146,900,2
135,134,131,144,143,141,143,141,139,144,143,141,962,2
135,134,131,144,143,141,153,152,150,144,143,141,308,1
144,143,141,153,152,150,144,143,141,153,152,150,594,2
135,134,131,144,143,141,139,138,135,144,143,141,564,2
153,152,150,144,143,141,151,150,148,144,143,141,32,1
144,143,141,153,152,150,144,143,141,139,138,135,91,1
144,143,141,153,152,150,144,143,141,143,141,139,357,1
144,143,141,153,152,150,144,143,141,151,150,148,65,2
135,134,131,144,143,141,146,145,143,144,143,141,733,1
144,143,141,144,143,141,135,134,131,144,143,141,507,2
144,143,141,144,143,141,144,143,141,141,140,137,741,1
153,152,150,144,143,141,139,138,135,144,143,141,157,2
135,134,131,144,143,141,144,143,141,144,143,141,402,1
144,143,141,144,143,141,144,143,141,151,150,148,978,2
144,143,141,153,152,150,144,143,141,141,140,137,158,1
135,134,131,144,143,141,141,140,137,144,143,141,334,2
144,143,141,144,143,141,144,143,141,146,145,143,678,2
144,143,141,144,143,141,139,138,135,144,143,141,212,2
153,152,150,144,143,141,135,134,131,144,143,141,980,2
153,152,150,144,143,141,135,134,131,144,143,141,254,2
153,152,150,144,143,141,141,140,137,144,143,141,125,2
144,143,141,144,143,141,135,134,131,144,143,141,969,2
144,143,141,144,143,141,148,147,144,144,143,141,844,1
144,143,141,144,143,141,144,143,141,148,147,144,811,2
144,143,141,153,152,150,144,143,141,150,149,146,460,2
144,143,141,153,152,150,144,143,141,144,143,141,127,2
144,143,141,135,134,131,144,143,141,144,143,141,699,2
144,143,141,144,143,141,151,150,148,144,143,141,879,1
153,152,150,144,143,141,150,149,146,144,143,141,526,1
144,143,141,144,143,141,146,145,143,144,143,141,51,1
144,143,141,135,134,131,144,143,141,148,147,144,140,2
144,143,141,153,152,150,144,143,141,148,147,144,96,2
135,134,131,144,143,141,143,141,139,144,143,141,302,2
144,143,141,144,143,141,143,141,139,144,143,141,874,2
144,143,141,144,143,141,144,143,141,144,143,141,710,1
144,143,141,144,143,141,144,143,141,144,143,141,446,2
144,143,141,144,143,141,135,134,131,144,143,141,540,2
144,143,141,153,152,150,144,143,141,137,136,133,981,1
144,143,141,144,143,141,144,143,141,150,149,146,548,2
144,143,141,144,143,141,144,143,141,135,134,131,408,1
153,152,150,144,143,141,137,136,133,144,143,141,255,2
135,134,131,144,143,141,153,152,150,144,143,141,473,1
135,134,131,144,143,141,137,136,133,144,143,141,167,2
153,152,150,144,143,141,153,152,150,144,143,141,396,1
135,134,131,144,143,141,143,141,139,144,143,141,434,2
144,143,141,144,143,141,144,143,141,141,140,137,345,1
144,143,141,135,134,131,144,143,141,148,147,144,800,2
144,143,141,135,134,131,144,143,141,135,134,131,166,1
144,143,141,135,134,131,144,143,141,150,149,146,735,2
144,143,141,144,143,141,144,143,141,139,138,135,410,1
135,134,131,144,143,141,139,138,135,144,143,141,69,2
144,143,141,135,134,131,144,143,141,153,152,150,539,2
135,134,131,144,143,141,135,134,131,144,143,141,958,2
153,152,150,144,143,141,148,147,144,144,143,141,558,1
144,143,141,144,143,141,151,150,148,144,143,141,846,1
144,143,141,144,143,141,137,136,133,144,143,141,772,2
144,143,141,153,152,150,144,143,141,139,138,135,520,1
144,143,141,135,134,131,144,143,141,143,141,139,764,1
135,134,131,144,143,141,150,149,146,144,143,141,9,1
153,152,150,144,143,141,151,150,148,144,143,141,659,1
144,143,141,153,152,150,144,143,141,150,149,146,493,2
144,143,141,153,152,150,144,143,141,135,134,131,56,1
144,143,141,144,143,141,144,143,141,148,147,144,250,2
135,134,131,144,143,141,141,140,137,144,143,141,169,2
144,143,141,153,152,150,144,143,141,143,141,139,588,1
144,143,141,144,143,141,144,143,141,150,149,146,779,2
153,152,150,144,143,141,143,141,139,144,143,141,786,2
153,152,150,144,143,141,148,147,144,144,143,141,525,1
144,143,141,153,152,150,144,143,141,135,134,131,914,1
144,143,141,144,143,141,139,138,135,144,143,141,740,2
144,143,141,135,134,131,144,143,141,150,149,146,438,2
144,143,141,144,143,141,144,143,141,146,145,143,942,2
135,134,131,144,143,141,139,138,135,144,143,141,498,2
144,143,141,144,143,141,144,143,141,141,140,137,378,1
144,143,141,144,143,141,137,136,133,144,143,141,79,2
144,143,141,153,152,150,144,143,141,151,150,148,692,2
144,143,141,153,152,150,144,143,141,141,140,137,323,1
135,134,131,144,143,141,153,152,150,144,143,141,902,1
135,134,131,144,143,141,151,150,148,144,143,141,901,1
144,143,141,153,152,150,144,143,141,146,145,143,623,2
144,143,141,144,143,141,146,145,143,144,143,141,480,1
144,143,141,144,143,141,144,143,141,135,134,131,903,1
144,143,141,153,152,150,144,143,141,153,152,150,363,2
144,143,141,144,143,141,135,134,131,144,143,141,936,2
144,143,141,144,143,141,144,143,141,141,140,137,774,1
144,143,141,135,134,131,144,143,141,141,140,137,862,1
144,143,141,153,152,150,144,143,141,143,141,139,687,1
135,134,131,144,143,141,137,136,133,144,143,141,530,2
144,143,141,144,143,141,144,143,141,153,152,150,847,2
144,143,141,135,134,131,144,143,141,151,150,148,406,2
144,143,141,135,134,131,144,143,141,141,140,137,829,1
153,152,150,144,143,141,135,134,131,144,143,141,947,2
135,134,131,144,143,141,150,149,146,144,143,141,240,1
144,143,141,144,143,141,137,136,133,144,143,141,145,2
144,143,141,144,143,141,144,143,141,153,152,150,88,2
144,143,141,135,134,131,144,143,141,150,149,146,42,2
144,143,141,153,152,150,144,143,141,151,150,148,461,2
135,134,131,144,143,141,135,134,131,144,143,141,430,2
144,143,141,144,143,141,144,143,141,153,152,150,880,2
144,143,141,144,143,141,144,143,141,139,138,135,80,1
135,134,131,144,143,141,153,152,150,144,143,141,407,1
153,152,150,144,143,141,148,147,144,144,143,141,789,1
135,134,131,144,143,141,151,150,148,144,143,141,736,1
135,134,131,144,143,141,148,147,144,144,143,141,965,1
153,152,150,144,143,141,146,145,143,144,143,141,260,1
135,134,131,144,143,141,137,136,133,144,143,141,266,2
144,143,141,135,134,131,144,143,141,148,147,144,569,2
153,152,150,144,143,141,137,136,133,144,143,141,783,2
144,143,141,144,143,141,144,143,141,146,145,143,447,2
153,152,150,144,143,141,139,138,135,144,143,141,619,2
144,143,141,144,143,141,144,143,141,146,145,143,183,2
135,134,131,144,143,141,143,141,139,144,143,141,863,2
144,143,141,135,134,131,144,143,141,139,138,135,696,1
135,134,131,144,143,141,139,138,135,144,143,141,168,2
144,143,141,153,152,150,144,143,141,144,143,141,259,2
135,134,131,144,143,141,148,147,144,144,143,141,701,1
135,134,131,144,143,141,139,138,135,144,143,141,960,2
144,143,141,144,143,141,144,143,141,146,145,143,645,2
135,134,131,144,143,141,153,152,150,144,143,141,242,1
144,143,141,153,152,150,144,143,141,141,140,137,389,1
144,143,141,144,143,141,141,140,137,144,143,141,972,2
144,143,141,135,134,131,144,143,141,139,138,135,861,1
144,143,141,144,143,141,144,143,141,146,145,143,579,2
144,143,141,135,134,131,144,143,141,144,143,141,435,2
144,143,141,144,143,141,141,140,137,144,143,141,48,2
144,143,141,135,134,131,144,143,141,141,140,137,268,1
144,143,141,144,143,141,144,143,141,148,147,144,679,2
153,152,150,144,143,141,150,149,146,144,143,141,196,1
144,143,141,135,134,131,144,143,141,153,152,150,341,2
135,134,131,144,143,141,148,147,144,144,143,141,635,1
153,152,150,144,143,141,135,134,131,144,143,141,584,2
144,143,141,153,152,150,144,143,141,139,138,135,322,1
144,143,141,144,143,141,144,143,141,148,147,144,316,2
144,143,141,144,143,141,153,152,150,144,143,141,715,1
153,152,150,144,143,141,144,143,141,144,143,141,556,1
144,143,141,144,143,141,139,138,135,144,143,141,476,2
144,143,141,153,152,150,144,143,141,148,147,144,360,2
135,134,131,144,143,141,137,136,133,144,143,141,629,2
144,143,141,135,134,131,144,143,141,150,149,146,966,2
135,134,131,144,143,141,151,150,148,144,143,141,472,1
144,143,141,144,143,141,139,138,135,144,143,141,806,2
135,134,131,144,143,141,151,150,148,144,143,141,637,1
135,134,131,144,143,141,135,134,131,144,143,141,298,2
144,143,141,153,152,150,144,143,141,139,138,135,553,1
153,152,150,144,143,141,146,145,143,144,143,141,755,1
144,143,141,153,152,150,144,143,141,150,149,146,97,2
144,143,141,135,134,131,144,143,141,139,138,135,399,1
153,152,150,144,143,141,150,149,146,144,143,141,955,1
144,143,141,144,143,141,143,141,139,144,143,141,841,2
144,143,141,135,134,131,144,143,141,150,149,146,108,2
153,152,150,144,143,141,146,145,143,144,143,141,854,1
144,143,141,153,152,150,144,143,141,153,152,150,462,2
135,134,131,144,143,141,141,140,137,144,143,141,730,2
144,143,141,153,152,150,144,143,141,141,140,137,290,1
144,143,141,144,143,141,144,143,141,141,140,137,675,1
144,143,141,135,134,131,144,143,141,146,145,143,370,2
144,143,141,144,143,141,144,143,141,150,149,146,185,2
144,143,141,135,134,131,144,143,141,151,150,148,835,2
144,143,141,144,143,141,139,138,135,144,143,141,146,2
144,143,141,144,143,141,144,143,141,141,140,137,246,1
135,134,131,144,143,141,153,152,150,144,143,141,869,1
144,143,141,135,134,131,144,143,141,146,145,143,304,2
153,152,150,144,143,141,135,134,131,144,143,141,287,2
144,143,141,144,143,141,144,143,141,144,143,141,875,1
144,143,141,153,152,150,144,143,141,143,141,139,225,1
144,143,141,144,143,141,143,141,139,144,143,141,940,2
153,152,150,144,143,141,144,143,141,144,143,141,160,1
153,152,150,144,143,141,143,141,139,144,143,141,852,2
144,143,141,144,143,141,141,140,137,144,143,141,576,2
144,143,141,135,134,131,144,143,141,137,136,133,233,1
144,143,141,153,152,150,144,143,141,151,150,148,428,2
144,143,141,144,143,141,144,143,141,137,136,133,937,1
135,134,131,144,143,141,135,134,131,144,143,141,661,2
135,134,131,144,143,141,150,149,146,144,143,141,933,1
153,152,150,144,143,141,150,149,146,144,143,141,328,1
135,134,131,144,143,141,148,147,144,144,143,141,206,1
144,143,141,153,152,150,144,143,141,135,134,131,23,1
135,134,131,144,143,141,137,136,133,144,143,141,200,2
153,152,150,144,143,141,141,140,137,144,143,141,620,2
144,143,141,144,143,141,144,143,141,135,134,131,606,1
144,143,141,135,134,131,144,143,141,143,141,139,5,1
144,143,141,135,134,131,144,143,141,150,149,146,669,2
135,134,131,144,143,141,144,143,141,144,143,141,468,1
144,143,141,144,143,141,144,143,141,153,152,150,253,2
144,143,141,135,134,131,144,143,141,144,143,141,963,2
144,143,141,153,152,150,144,143,141,151,150,148,131,2
135,134,131,144,143,141,146,145,143,144,143,141,535,1
144,143,141,144,143,141,144,143,141,144,143,141,347,1
144,143,141,144,143,141,144,143,141,151,150,148,912,2
144,143,141,144,143,141,141,140,137,144,143,141,411,2
144,143,141,144,143,141,141,140,137,144,143,141,510,2
144,143,141,153,152,150,144,143,141,153,152,150,660,2
153,152,150,144,143,141,148,147,144,144,143,141,393,1
144,143,141,144,143,141,144,143,141,144,143,141,512,1
144,143,141,153,152,150,144,143,141,150,149,146,658,2
144,143,141,153,152,150,144,143,141,150,149,146,790,2
144,143,141,135,134,131,144,143,141,141,140,137,367,1
144,143,141,144,143,141,144,143,141,144,143,141,644,1
144,143,141,153,152,150,144,143,141,153,152,150,891,2
144,143,141,144,143,141,135,134,131,144,143,141,177,2
144,143,141,153,152,150,144,143,141,151,150,148,395,2
144,143,141,144,143,141,137,136,133,144,143,141,310,2
153,152,150,144,143,141,143,141,139,144,143,141,753,2
144,143,141,153,152,150,144,143,141,139,138,135,388,1
153,152,150,144,143,141,137,136,133,144,143,141,750,2
144,143,141,144,143,141,135,134,131,144,143,141,639,2
144,143,141,153,152,150,144,143,141,146,145,143,161,2
135,134,131,144,143,141,146,145,143,144,143,141,634,1
144,143,141,144,143,141,144,143,141,148,147,144,514,2
144,143,141,144,143,141,151,150,148,144,143,141,285,1
144,143,141,153,152,150,144,143,141,144,143,141,952,2
144,143,141,153,152,150,144,143,141,146,145,143,722,2
144,143,141,144,143,141,144,143,141,143,141,139,610,1
135,134,131,144,143,141,141,140,137,144,143,141,532,2
144,143,141,144,143,141,144,143,141,143,141,139,148,1
135,134,131,144,143,141,148,147,144,144,143,141,8,1
153,152,150,144,143,141,139,138,135,144,143,141,289,2
153,152,150,144,143,141,139,138,135,144,143,141,883,2
135,134,131,144,143,141,144,143,141,144,143,141,237,1
144,143,141,144,143,141,144,143,141,135,134,131,243,1
144,143,141,135,134,131,144,143,141,144,143,141,930,2
144,143,141,135,134,131,144,143,141,144,143,141,600,2
144,143,141,135,134,131,144,143,141,151,150,148,769,2
153,152,150,144,143,141,146,145,143,144,143,141,62,1
144,143,141,144,143,141,151,150,148,144,143,141,384,1
144,143,141,144,143,141,144,143,141,150,149,146,20,2
153,152,150,144,143,141,153,152,150,144,143,141,33,1
144,143,141,144,143,141,144,143,141,151,150,148,483,2
144,143,141,144,143,141,144,143,141,148,147,144,745,2
153,152,150,144,143,141,146,145,143,144,143,141,953,1
144,143,141,135,134,131,144,143,141,143,141,139,203,1
144,143,141,144,143,141,144,143,141,144,143,141,182,2
144,143,141,144,143,141,144,143,141,144,143,141,50,2
144,143,141,153,152,150,144,143,141,146,145,143,689,2
144,143,141,144,143,141,144,143,141,150,149,146,284,2
135,134,131,144,143,141,153,152,150,144,143,141,110,1
153,152,150,144,143,141,143,141,139,144,143,141,951,2
144,143,141,135,134,131,144,143,141,139,138,135,3,1
144,143,141,153,152,150,144,143,141,150,149,146,229,2
153,152,150,144,143,141,148,147,144,144,143,141,228,1
144,143,141,144,143,141,143,141,139,144,143,141,775,2
135,134,131,144,143,141,153,152,150,144,143,141,836,1
135,134,131,144,143,141,151,150,148,144,143,141,703,1
144,143,141,144,143,141,144,143,141,139,138,135,971,1
144,143,141,144,143,141,153,152,150,144,143,141,814,1
144,143,141,144,143,141,144,143,141,144,143,141,215,1
153,152,150,144,143,141,148,147,144,144,143,141,261,1
144,143,141,144,143,141,144,143,141,148,147,144,52,2
144,143,141,135,134,131,144,143,141,137,136,133,761,1
144,143,141,135,134,131,144,143,141,146,145,143,964,2
144,143,141,144,143,141,144,143,141,135,134,131,210,1
144,143,141,153,152,150,144,143,141,148,147,144,987,2
144,143,141,135,134,131,144,143,141,143,141,139,599,1
144,143,141,153,152,150,144,143,141,151,150,148,758,2
153,152,150,144,143,141,143,141,139,144,143,141,984,2
144,143,141,153,152,150,144,143,141,139,138,135,256,1
144,143,141,144,143,141,144,143,141,139,138,135,674,1
144,143,141,144,143,141,144,143,141,146,145,143,612,2
144,143,141,135,134,131,144,143,141,139,138,135,366,1
153,152,150,144,143,141,153,152,150,144,143,141,264,1
144,143,141,135,134,131,144,143,141,143,141,139,71,1
144,143,141,144,143,141,143,141,139,144,143,141,907,2
144,143,141,144,143,141,144,143,141,150,149,146,977,2
144,143,141,144,143,141,143,141,139,144,143,141,247,2
135,134,131,144,143,141,148,147,144,144,143,141,371,1
135,134,131,144,143,141,139,138,135,144,143,141,630,2
144,143,141,153,152,150,144,143,141,143,141,139,720,1
144,143,141,153,152,150,144,143,141,137,136,133,948,1
144,143,141,144,143,141,150,149,146,144,143,141,383,1
144,143,141,144,143,141,139,138,135,144,143,141,113,2
144,143,141,153,152,150,144,143,141,135,134,131,881,1
135,134,131,144,143,141,143,141,139,144,143,141,236,2
135,134,131,144,143,141,141,140,137,144,143,141,103,2
144,143,141,153,152,150,144,143,141,139,138,135,652,1
144,143,141,153,152,150,144,143,141,141,140,137,554,1
144,143,141,135,134,131,144,143,141,151,150,148,505,2
144,143,141,135,134,131,144,143,141,146,145,143,601,2
144,143,141,144,143,141,148,147,144,144,143,141,85,1
144,143,141,144,143,141,150,149,146,144,143,141,713,1
144,143,141,144,143,141,150,149,146,144,143,141,251,1
144,143,141,135,134,131,144,143,141,146,145,143,172,2
144,143,141,144,143,141,139,138,135,144,143,141,773,2
144,143,141,135,134,131,144,143,141,137,136,133,695,1
135,134,131,144,143,141,150,149,146,144,143,141,306,1
144,143,141,144,143,141,137,136,133,144,143,141,376,2
144,143,141,144,143,141,144,143,141,150,149,146,119,2
144,143,141,144,143,141,144,143,141,141,140,137,213,1
153,152,150,144,143,141,143,141,139,144,143,141,324,2
144,143,141,153,152,150,144,143,141,146,145,143,557,2
144,143,141,153,152,150,144,143,141,153,152,150,495,2
144,143,141,153,152,150,144,143,141,153,152,150,726,2
135,134,131,144,143,141,137,136,133,144,143,141,728,2
144,143,141,144,143,141,146,145,143,144,143,141,876,1
144,143,141,153,152,150,144,143,141,153,152,150,66,2
153,152,150,144,143,141,143,141,139,144,143,141,192,2
153,152,150,144,143,141,146,145,143,144,143,141,359,1
144,143,141,135,134,131,144,143,141,137,136,133,827,1
144,143,141,144,143,141,144,143,141,135,134,131,771,1
144,143,141,153,152,150,144,143,141,150,149,146,64,2
135,134,131,144,143,141,146,145,143,144,143,141,271,1
144,143,141,144,143,141,144,143,141,144,143,141,809,2
135,134,131,144,143,141,148,147,144,144,143,141,305,1
135,134,131,144,143,141,148,147,144,144,143,141,173,1
144,143,141,135,134,131,144,143,141,153,152,150,572,2
135,134,131,144,143,141,146,145,143,144,143,141,238,1
135,134,131,144,143,141,153,152,150,144,143,141,803,1
144,143,141,153,152,150,144,143,141,146,145,143,425,2
144,143,141,144,143,141,144,143,141,135,134,131,342,1
144,143,141,144,143,141,153,152,150,144,143,141,583,1
144,143,141,144,143,141,144,143,141,144,143,141,545,2
153,152,150,144,143,141,146,145,143,144,143,141,29,1
144,143,141,153,152,150,144,143,141,135,134,131,353,1
144,143,141,144,143,141,144,143,141,139,138,135,641,1
144,143,141,144,143,141,150,149,146,144,143,141,350,1
144,143,141,144,143,141,143,141,139,144,143,141,181,2
144,143,141,144,143,141,144,143,141,151,150,148,780,2
144,143,141,144,143,141,144,143,141,150,149,146,614,2
144,143,141,135,134,131,144,143,141,148,147,144,536,2
144,143,141,135,134,131,144,143,141,143,141,139,269,1
153,152,150,144,143,141,148,147,144,144,143,141,921,1
153,152,150,144,143,141,139,138,135,144,143,141,982,2
153,152,150,144,143,141,146,145,143,144,143,141,227,1
144,143,141,144,143,141,146,145,143,144,143,141,513,1
144,143,141,135,134,131,144,143,141,151,150,148,868,2
144,143,141,144,143,141,144,143,141,137,136,133,442,1
144,143,141,153,152,150,144,143,141,148,147,144,195,2
144,143,141,153,152,150,144,143,141,135,134,131,650,1
153,152,150,144,143,141,153,152,150,144,143,141,561,1
144,143,141,144,143,141,148,147,144,144,143,141,547,1
135,134,131,144,143,141,141,140,137,144,143,141,466,2
144,143,141,153,152,150,144,143,141,139,138,135,916,1
144,143,141,144,143,141,144,143,141,144,143,141,842,1
153,152,150,144,143,141,137,136,133,144,143,141,222,2
144,143,141,144,143,141,144,143,141,137,136,133,673,1
144,143,141,135,134,131,144,143,141,143,141,139,830,1
135,134,131,144,143,141,137,136,133,144,143,141,464,2
144,143,141,153,152,150,144,143,141,141,140,137,785,1
135,134,131,144,143,141,146,145,143,144,143,141,502,1
144,143,141,153,152,150,144,143,141,146,145,143,95,2
144,143,141,135,134,131,144,143,141,141,140,137,4,1
153,152,150,144,143,141,137,136,133,144,143,141,288,2
144,143,141,153,152,150,144,143,141,153,152,150,990,2
144,143,141,144,143,141,144,143,141,146,145,143,117,2
144,143,141,135,134,131,144,143,141,139,138,135,795,1
144,143,141,153,152,150,144,143,141,150,149,146,295,2
144,143,141,135,134,131,144,143,141,151,150,148,802,2
144,143,141,144,143,141,144,143,141,135,134,131,45,1
135,134,131,144,143,141,151,150,148,144,143,141,934,1
144,143,141,144,143,141,144,143,141,150,149,146,416,2
144,143,141,144,143,141,144,143,141,144,143,141,413,2
144,143,141,144,143,141,146,145,143,144,143,141,711,1
144,143,141,144,143,141,153,152,150,144,143,141,484,1
144,143,141,153,152,150,144,143,141,135,134,131,452,1
144,143,141,144,143,141,144,143,141,146,145,143,744,2
144,143,141,144,143,141,151,150,148,144,143,141,318,1
144,143,141,153,152,150,144,143,141,141,140,137,719,1
153,152,150,144,143,141,151,150,148,144,143,141,362,1
144,143,141,144,143,141,143,141,139,144,143,141,115,2
144,143,141,135,134,131,144,143,141,151,150,148,373,2
144,143,141,153,152,150,144,143,141,135,134,131,221,1
144,143,141,135,134,131,144,143,141,151,150,148,10,2
144,143,141,153,152,150,144,143,141,151,150,148,197,2
135,134,131,144,143,141,148,147,144,144,143,141,602,1
144,143,141,144,143,141,144,143,141,150,149,146,482,2
135,134,131,144,143,141,141,140,137,144,143,141,400,2
