70,70,70,70,70,70,60,60,60,70,70,70,144,2
70,70,70,70,70,70,70,70,70,70,70,70,83,1
70,70,70,70,70,70,66,66,66,70,70,70,48,2
70,70,70,70,70,70,70,70,70,74,74,74,316,2
70,70,70,70,70,70,70,70,70,76,76,76,97,2
70,70,70,70,70,70,70,70,70,80,80,80,308,2
70,70,70,70,70,70,62,62,62,70,70,70,189,2
70,70,70,70,70,70,70,70,70,70,70,70,259,2
70,70,70,70,70,70,70,70,70,80,80,80,33,2
70,70,70,70,70,70,70,70,70,72,72,72,304,2
70,70,70,70,70,70,60,60,60,70,70,70,45,2
70,70,70,70,70,70,70,70,70,72,72,72,139,2
70,70,70,70,70,70,80,80,80,70,70,70,165,1
70,70,70,70,70,70,70,70,70,68,68,68,104,1
70,70,70,70,70,70,70,70,70,68,68,68,159,1
70,70,70,70,70,70,70,70,70,70,70,70,325,2
70,70,70,70,70,70,64,64,64,70,70,70,14,2
70,70,70,70,70,70,70,70,70,78,78,78,21,2
70,70,70,70,70,70,78,78,78,70,70,70,263,1
70,70,70,70,70,70,70,70,70,68,68,68,170,1
70,70,70,70,70,70,70,70,70,60,60,60,177,1
70,70,70,70,70,70,62,62,62,70,70,70,123,2
70,70,70,70,70,70,64,64,64,70,70,70,245,2
70,70,70,70,70,70,80,80,80,70,70,70,319,1
70,70,70,70,70,70,70,70,70,66,66,66,136,1
70,70,70,70,70,70,70,70,70,68,68,68,181,1
70,70,70,70,70,70,60,60,60,70,70,70,111,2
70,70,70,70,70,70,78,78,78,70,70,70,329,1
70,70,70,70,70,70,70,70,70,64,64,64,289,1
70,70,70,70,70,70,70,70,70,76,76,76,240,2
70,70,70,70,70,70,72,72,72,70,70,70,172,1
70,70,70,70,70,70,70,70,70,74,74,74,96,2
70,70,70,70,70,70,70,70,70,72,72,72,7,2
70,70,70,70,70,70,66,66,66,70,70,70,246,2
70,70,70,70,70,70,70,70,70,74,74,74,272,2
70,70,70,70,70,70,70,70,70,76,76,76,9,2
70,70,70,70,70,70,78,78,78,70,70,70,307,1
70,70,70,70,70,70,70,70,70,78,78,78,153,2
70,70,70,70,70,70,70,70,70,74,74,74,52,2
70,70,70,70,70,70,66,66,66,70,70,70,37,2
70,70,70,70,70,70,70,70,70,60,60,60,199,1
70,70,70,70,70,70,70,70,70,78,78,78,142,2
70,70,70,70,70,70,78,78,78,70,70,70,43,1
70,70,70,70,70,70,70,70,70,74,74,74,184,2
70,70,70,70,70,70,70,70,70,64,64,64,311,1
70,70,70,70,70,70,80,80,80,70,70,70,297,1
70,70,70,70,70,70,64,64,64,70,70,70,190,2
70,70,70,70,70,70,70,70,70,66,66,66,224,1
70,70,70,70,70,70,70,70,70,72,72,72,216,2
70,70,70,70,70,70,70,70,70,68,68,68,93,1
70,70,70,70,70,70,78,78,78,70,70,70,230,1
70,70,70,70,70,70,60,60,60,70,70,70,221,2
70,70,70,70,70,70,76,76,76,70,70,70,328,1
70,70,70,70,70,70,70,70,70,70,70,70,237,1
70,70,70,70,70,70,62,62,62,70,70,70,79,2
70,70,70,70,70,70,70,70,70,78,78,78,274,2
70,70,70,70,70,70,70,70,70,68,68,68,247,1
70,70,70,70,70,70,70,70,70,70,70,70,281,2
70,70,70,70,70,70,70,70,70,78,78,78,285,2
70,70,70,70,70,70,70,70,70,64,64,64,267,1
70,70,70,70,70,70,70,70,70,72,72,72,282,2
70,70,70,70,70,70,62,62,62,70,70,70,222,2
70,70,70,70,70,70,70,70,70,60,60,60,23,1
70,70,70,70,70,70,70,70,70,64,64,64,69,1
70,70,70,70,70,70,70,70,70,70,70,70,72,1
70,70,70,70,70,70,70,70,70,74,74,74,305,2
70,70,70,70,70,70,68,68,68,70,70,70,214,2
70,70,70,70,70,70,68,68,68,70,70,70,38,2
70,70,70,70,70,70,66,66,66,70,70,70,158,2
70,70,70,70,70,70,66,66,66,70,70,70,268,2
70,70,70,70,70,70,70,70,70,74,74,74,140,2
70,70,70,70,70,70,60,60,60,70,70,70,210,2
70,70,70,70,70,70,70,70,70,70,70,70,17,1
70,70,70,70,70,70,70,70,70,68,68,68,16,1
70,70,70,70,70,70,70,70,70,72,72,72,150,2
70,70,70,70,70,70,70,70,70,74,74,74,261,2
70,70,70,70,70,70,70,70,70,70,70,70,193,2
70,70,70,70,70,70,70,70,70,66,66,66,103,1
70,70,70,70,70,70,74,74,74,70,70,70,294,1
70,70,70,70,70,70,66,66,66,70,70,70,301,2
70,70,70,70,70,70,66,66,66,70,70,70,202,2
70,70,70,70,70,70,70,70,70,68,68,68,236,1
70,70,70,70,70,70,80,80,80,70,70,70,121,1
70,70,70,70,70,70,70,70,70,64,64,64,3,1
70,70,70,70,70,70,70,70,70,70,70,70,303,2
70,70,70,70,70,70,72,72,72,70,70,70,238,1
70,70,70,70,70,70,70,70,70,66,66,66,235,1
70,70,70,70,70,70,68,68,68,70,70,70,280,2
70,70,70,70,70,70,70,70,70,66,66,66,213,1
70,70,70,70,70,70,70,70,70,62,62,62,277,1
70,70,70,70,70,70,76,76,76,70,70,70,207,1
70,70,70,70,70,70,78,78,78,70,70,70,296,1
70,70,70,70,70,70,70,70,70,66,66,66,92,1
70,70,70,70,70,70,70,70,70,76,76,76,20,2
70,70,70,70,70,70,70,70,70,72,72,72,227,2
70,70,70,70,70,70,70,70,70,64,64,64,58,1
70,70,70,70,70,70,62,62,62,70,70,70,134,2
70,70,70,70,70,70,66,66,66,70,70,70,323,2
70,70,70,70,70,70,70,70,70,70,70,70,105,1
70,70,70,70,70,70,80,80,80,70,70,70,132,1
70,70,70,70,70,70,70,70,70,80,80,80,275,2
70,70,70,70,70,70,70,70,70,68,68,68,313,1
70,70,70,70,70,70,70,70,70,78,78,78,175,2
70,70,70,70,70,70,70,70,70,60,60,60,155,1
70,70,70,70,70,70,76,76,76,70,70,70,53,1
70,70,70,70,70,70,62,62,62,70,70,70,200,2
70,70,70,70,70,70,70,70,70,74,74,74,129,2
70,70,70,70,70,70,70,70,70,70,70,70,160,1
70,70,70,70,70,70,70,70,70,80,80,80,66,2
70,70,70,70,70,70,70,70,70,74,74,74,173,2
70,70,70,70,70,70,80,80,80,70,70,70,22,1
70,70,70,70,70,70,80,80,80,70,70,70,143,1
70,70,70,70,70,70,70,70,70,74,74,74,107,2
70,70,70,70,70,70,70,70,70,72,72,72,326,2
70,70,70,70,70,70,70,70,70,80,80,80,220,2
70,70,70,70,70,70,66,66,66,70,70,70,59,2
70,70,70,70,70,70,70,70,70,70,70,70,138,2
70,70,70,70,70,70,70,70,70,72,72,72,271,2
70,70,70,70,70,70,72,72,72,70,70,70,95,1
70,70,70,70,70,70,78,78,78,70,70,70,241,1
70,70,70,70,70,70,76,76,76,70,70,70,218,1
70,70,70,70,70,70,70,70,70,64,64,64,168,1
70,70,70,70,70,70,70,70,70,72,72,72,194,2
70,70,70,70,70,70,70,70,70,62,62,62,145,1
70,70,70,70,70,70,66,66,66,70,70,70,114,2
70,70,70,70,70,70,70,70,70,66,66,66,147,1
70,70,70,70,70,70,70,70,70,76,76,76,152,2
70,70,70,70,70,70,68,68,68,70,70,70,137,2
70,70,70,70,70,70,70,70,70,74,74,74,162,2
70,70,70,70,70,70,62,62,62,70,70,70,244,2
70,70,70,70,70,70,74,74,74,70,70,70,19,1
70,70,70,70,70,70,76,76,76,70,70,70,273,1
70,70,70,70,70,70,70,70,70,62,62,62,156,1
70,70,70,70,70,70,70,70,70,64,64,64,256,1
70,70,70,70,70,70,70,70,70,72,72,72,73,2
70,70,70,70,70,70,70,70,70,60,60,60,34,1
70,70,70,70,70,70,64,64,64,70,70,70,322,2
70,70,70,70,70,70,74,74,74,70,70,70,283,1
70,70,70,70,70,70,76,76,76,70,70,70,163,1
70,70,70,70,70,70,80,80,80,70,70,70,176,1
70,70,70,70,70,70,78,78,78,70,70,70,197,1
70,70,70,70,70,70,70,70,70,64,64,64,36,1
70,70,70,70,70,70,64,64,64,70,70,70,201,2
70,70,70,70,70,70,70,70,70,66,66,66,4,1
70,70,70,70,70,70,70,70,70,80,80,80,77,2
70,70,70,70,70,70,70,70,70,78,78,78,120,2
70,70,70,70,70,70,76,76,76,70,70,70,229,1
70,70,70,70,70,70,70,70,70,70,70,70,39,2
70,70,70,70,70,70,70,70,70,62,62,62,310,1
70,70,70,70,70,70,62,62,62,70,70,70,35,2
70,70,70,70,70,70,70,70,70,72,72,72,183,2
70,70,70,70,70,70,70,70,70,70,70,70,171,1
70,70,70,70,70,70,78,78,78,70,70,70,208,1
70,70,70,70,70,70,62,62,62,70,70,70,13,2
70,70,70,70,70,70,68,68,68,70,70,70,192,2
70,70,70,70,70,70,68,68,68,70,70,70,291,2
70,70,70,70,70,70,70,70,70,68,68,68,71,1
70,70,70,70,70,70,76,76,76,70,70,70,306,1
70,70,70,70,70,70,72,72,72,70,70,70,293,1
70,70,70,70,70,70,70,70,70,80,80,80,99,2
70,70,70,70,70,70,70,70,70,76,76,76,86,2
70,70,70,70,70,70,70,70,70,72,72,72,40,2
70,70,70,70,70,70,72,72,72,70,70,70,84,1
70,70,70,70,70,70,70,70,70,80,80,80,11,2
70,70,70,70,70,70,70,70,70,70,70,70,204,2
70,70,70,70,70,70,66,66,66,70,70,70,81,2
70,70,70,70,70,70,70,70,70,74,74,74,228,2
70,70,70,70,70,70,70,70,70,70,70,70,50,2
70,70,70,70,70,70,70,70,70,70,70,70,28,1
70,70,70,70,70,70,70,70,70,72,72,72,106,2
70,70,70,70,70,70,62,62,62,70,70,70,2,2
70,70,70,70,70,70,80,80,80,70,70,70,198,1
70,70,70,70,70,70,80,80,80,70,70,70,110,1
70,70,70,70,70,70,60,60,60,70,70,70,12,2
70,70,70,70,70,70,62,62,62,70,70,70,178,2
70,70,70,70,70,70,72,72,72,70,70,70,117,1
70,70,70,70,70,70,80,80,80,70,70,70,44,1
70,70,70,70,70,70,62,62,62,70,70,70,112,2
70,70,70,70,70,70,70,70,70,78,78,78,186,2
70,70,70,70,70,70,70,70,70,60,60,60,122,1
70,70,70,70,70,70,70,70,70,78,78,78,109,2
70,70,70,70,70,70,60,60,60,70,70,70,166,2
70,70,70,70,70,70,70,70,70,74,74,74,8,2
70,70,70,70,70,70,70,70,70,70,70,70,94,2
70,70,70,70,70,70,70,70,70,72,72,72,260,2
70,70,70,70,70,70,70,70,70,70,70,70,127,1
70,70,70,70,70,70,70,70,70,78,78,78,10,2
70,70,70,70,70,70,70,70,70,64,64,64,80,1
70,70,70,70,70,70,72,72,72,70,70,70,315,1
70,70,70,70,70,70,70,70,70,60,60,60,298,1
70,70,70,70,70,70,68,68,68,70,70,70,60,2
70,70,70,70,70,70,70,70,70,70,70,70,292,2
70,70,70,70,70,70,70,70,70,78,78,78,76,2
70,70,70,70,70,70,62,62,62,70,70,70,299,2
70,70,70,70,70,70,70,70,70,68,68,68,115,1
70,70,70,70,70,70,70,70,70,70,70,70,248,1
70,70,70,70,70,70,70,70,70,62,62,62,90,1
70,70,70,70,70,70,70,70,70,60,60,60,287,1
70,70,70,70,70,70,66,66,66,70,70,70,125,2
70,70,70,70,70,70,76,76,76,70,70,70,185,1
70,70,70,70,70,70,76,76,76,70,70,70,251,1
70,70,70,70,70,70,76,76,76,70,70,70,284,1
70,70,70,70,70,70,70,70,70,76,76,76,262,2
70,70,70,70,70,70,78,78,78,70,70,70,164,1
70,70,70,70,70,70,62,62,62,70,70,70,68,2
70,70,70,70,70,70,64,64,64,70,70,70,47,2
70,70,70,70,70,70,70,70,70,80,80,80,209,2
70,70,70,70,70,70,62,62,62,70,70,70,101,2
70,70,70,70,70,70,74,74,74,70,70,70,151,1
70,70,70,70,70,70,70,70,70,66,66,66,257,1
70,70,70,70,70,70,70,70,70,70,70,70,226,2
70,70,70,70,70,70,70,70,70,70,70,70,215,2
70,70,70,70,70,70,74,74,74,70,70,70,239,1
70,70,70,70,70,70,70,70,70,60,60,60,67,1
70,70,70,70,70,70,70,70,70,68,68,68,324,1
70,70,70,70,70,70,68,68,68,70,70,70,82,2
70,70,70,70,70,70,76,76,76,70,70,70,174,1
70,70,70,70,70,70,70,70,70,80,80,80,55,2
70,70,70,70,70,70,70,70,70,72,72,72,249,2
70,70,70,70,70,70,70,70,70,60,60,60,309,1
70,70,70,70,70,70,68,68,68,70,70,70,27,2
70,70,70,70,70,70,70,70,70,62,62,62,255,1
70,70,70,70,70,70,70,70,70,80,80,80,154,2
70,70,70,70,70,70,64,64,64,70,70,70,179,2
70,70,70,70,70,70,68,68,68,70,70,70,269,2
70,70,70,70,70,70,78,78,78,70,70,70,54,1
70,70,70,70,70,70,70,70,70,78,78,78,318,2
70,70,70,70,70,70,68,68,68,70,70,70,302,2
70,70,70,70,70,70,74,74,74,70,70,70,250,1
70,70,70,70,70,70,76,76,76,70,70,70,119,1
70,70,70,70,70,70,70,70,70,80,80,80,253,2
70,70,70,70,70,70,70,70,70,72,72,72,161,2
70,70,70,70,70,70,60,60,60,70,70,70,133,2
70,70,70,70,70,70,70,70,70,72,72,72,29,2
70,70,70,70,70,70,70,70,70,72,72,72,51,2
70,70,70,70,70,70,70,70,70,76,76,76,42,2
70,70,70,70,70,70,70,70,70,76,76,76,141,2
70,70,70,70,70,70,66,66,66,70,70,70,26,2
70,70,70,70,70,70,70,70,70,80,80,80,286,2
70,70,70,70,70,70,74,74,74,70,70,70,217,1
70,70,70,70,70,70,68,68,68,70,70,70,5,2
70,70,70,70,70,70,78,78,78,70,70,70,98,1
70,70,70,70,70,70,70,70,70,78,78,78,65,2
70,70,70,70,70,70,70,70,70,66,66,66,290,1
70,70,70,70,70,70,60,60,60,70,70,70,188,2
70,70,70,70,70,70,60,60,60,70,70,70,320,2
70,70,70,70,70,70,70,70,70,72,72,72,205,2
70,70,70,70,70,70,68,68,68,70,70,70,49,2
70,70,70,70,70,70,62,62,62,70,70,70,211,2
70,70,70,70,70,70,74,74,74,70,70,70,195,1
70,70,70,70,70,70,70,70,70,74,74,74,63,2
70,70,70,70,70,70,70,70,70,76,76,76,108,2
70,70,70,70,70,70,68,68,68,70,70,70,225,2
70,70,70,70,70,70,70,70,70,60,60,60,56,1
70,70,70,70,70,70,70,70,70,64,64,64,25,1
70,70,70,70,70,70,70,70,70,60,60,60,254,1
70,70,70,70,70,70,76,76,76,70,70,70,130,1
70,70,70,70,70,70,70,70,70,74,74,74,206,2
70,70,70,70,70,70,70,70,70,70,70,70,61,1
70,70,70,70,70,70,62,62,62,70,70,70,288,2
70,70,70,70,70,70,70,70,70,74,74,74,30,2
70,70,70,70,70,70,70,70,70,70,70,70,270,1
70,70,70,70,70,70,78,78,78,70,70,70,32,1
70,70,70,70,70,70,64,64,64,70,70,70,102,2
70,70,70,70,70,70,70,70,70,70,70,70,6,2
70,70,70,70,70,70,70,70,70,74,74,74,118,2
70,70,70,70,70,70,76,76,76,70,70,70,317,1
70,70,70,70,70,70,80,80,80,70,70,70,330,1
70,70,70,70,70,70,70,70,70,80,80,80,88,2
70,70,70,70,70,70,70,70,70,62,62,62,167,1
70,70,70,70,70,70,70,70,70,68,68,68,258,1
70,70,70,70,70,70,70,70,70,80,80,80,242,2
70,70,70,70,70,70,70,70,70,64,64,64,223,1
70,70,70,70,70,70,70,70,70,76,76,76,75,2
70,70,70,70,70,70,72,72,72,70,70,70,128,1
70,70,70,70,70,70,70,70,70,60,60,60,265,1
70,70,70,70,70,70,70,70,70,78,78,78,252,2
70,70,70,70,70,70,70,70,70,64,64,64,135,1
70,70,70,70,70,70,72,72,72,70,70,70,62,1
70,70,70,70,70,70,70,70,70,70,70,70,149,2
70,70,70,70,70,70,70,70,70,70,70,70,116,2
70,70,70,70,70,70,76,76,76,70,70,70,31,1
70,70,70,70,70,70,70,70,70,72,72,72,18,2
70,70,70,70,70,70,70,70,70,60,60,60,243,1
70,70,70,70,70,70,70,70,70,70,70,70,314,2
70,70,70,70,70,70,66,66,66,70,70,70,191,2
70,70,70,70,70,70,66,66,66,70,70,70,279,2
70,70,70,70,70,70,70,70,70,68,68,68,148,1
70,70,70,70,70,70,66,66,66,70,70,70,15,2
70,70,70,70,70,70,74,74,74,70,70,70,74,1
70,70,70,70,70,70,70,70,70,80,80,80,264,2
70,70,70,70,70,70,70,70,70,62,62,62,57,1
70,70,70,70,70,70,64,64,64,70,70,70,113,2
70,70,70,70,70,70,66,66,66,70,70,70,70,2
70,70,70,70,70,70,70,70,70,62,62,62,266,1
70,70,70,70,70,70,70,70,70,66,66,66,180,1
70,70,70,70,70,70,70,70,70,80,80,80,187,2
70,70,70,70,70,70,70,70,70,64,64,64,212,1
70,70,70,70,70,70,74,74,74,70,70,70,41,1
70,70,70,70,70,70,70,70,70,60,60,60,100,1
70,70,70,70,70,70,64,64,64,70,70,70,300,2
70,70,70,70,70,70,70,70,70,76,76,76,64,2
70,70,70,70,70,70,78,78,78,70,70,70,87,1
70,70,70,70,70,70,66,66,66,70,70,70,312,2
70,70,70,70,70,70,74,74,74,70,70,70,85,1
70,70,70,70,70,70,70,70,70,68,68,68,126,1
70,70,70,70,70,70,64,64,64,70,70,70,124,2
70,70,70,70,70,70,68,68,68,70,70,70,203,2
70,70,70,70,70,70,70,70,70,76,76,76,295,2
70,70,70,70,70,70,64,64,64,70,70,70,146,2
70,70,70,70,70,70,60,60,60,70,70,70,78,2
70,70,70,70,70,70,70,70,70,60,60,60,232,1
70,70,70,70,70,70,70,70,70,60,60,60,276,1
70,70,70,70,70,70,62,62,62,70,70,70,46,2
70,70,70,70,70,70,70,70,70,60,60,60,1,1
70,70,70,70,70,70,70,70,70,76,76,76,196,2
70,70,70,70,70,70,70,70,70,70,70,70,182,1
70,70,70,70,70,70,70,70,70,60,60,60,89,1
70,70,70,70,70,70,70,70,70,62,62,62,233,1
70,70,70,70,70,70,70,70,70,64,64,64,157,1
70,70,70,70,70,70,62,62,62,70,70,70,321,2
70,70,70,70,70,70,70,70,70,64,64,64,234,1
70,70,70,70,70,70,74,74,74,70,70,70,327,1
70,70,70,70,70,70,70,70,70,80,80,80,231,2
70,70,70,70,70,70,78,78,78,70,70,70,219,1
70,70,70,70,70,70,66,66,66,70,70,70,169,2
70,70,70,70,70,70,70,70,70,64,64,64,278,1
70,70,70,70,70,70,70,70,70,64,64,64,91,1
70,70,70,70,70,70,70,70,70,62,62,62,24,1
70,70,70,70,70,70,70,70,70,78,78,78,131,2
