161,160,158,169,168,166,170,169,167,169,168,166,931,1
169,168,166,161,160,158,169,168,166,163,162,160,332,1
176,175,173,169,168,166,163,162,160,169,168,166,618,2
169,168,166,176,175,173,169,168,166,167,166,164,885,1
169,168,166,169,168,166,169,168,166,161,160,158,540,1
169,168,166,176,175,173,169,168,166,167,166,164,456,1
161,160,158,169,168,166,173,172,170,169,168,166,966,1
161,160,158,169,168,166,167,166,164,169,168,166,797,2
169,168,166,161,160,158,169,168,166,164,163,161,366,1
176,175,173,169,168,166,170,169,167,169,168,166,920,1
169,168,166,176,175,173,169,168,166,161,160,158,452,1
161,160,158,169,168,166,176,175,173,169,168,166,704,1
169,168,166,161,160,158,169,168,166,176,175,173,869,2
176,175,173,169,168,166,173,172,170,169,168,166,658,1
161,160,158,169,168,166,169,168,166,169,168,166,105,1
169,168,166,169,168,166,173,172,170,169,168,166,548,1
176,175,173,169,168,166,161,160,158,169,168,166,518,2
169,168,166,176,175,173,169,168,166,173,172,170,724,2
161,160,158,169,168,166,176,175,173,169,168,166,275,1
161,160,158,169,168,166,164,163,161,169,168,166,300,2
176,175,173,169,168,166,169,168,166,169,168,166,556,1
169,168,166,176,175,173,169,168,166,176,175,173,297,2
169,168,166,169,168,166,176,175,173,169,168,166,814,1
169,168,166,176,175,173,169,168,166,161,160,158,287,1
169,168,166,176,175,173,169,168,166,169,168,166,193,2
176,175,173,169,168,166,166,165,163,169,168,166,323,2
169,168,166,176,175,173,169,168,166,170,169,167,557,2
169,168,166,176,175,173,169,168,166,169,168,166,787,2
161,160,158,169,168,166,161,160,158,169,168,166,397,2
161,160,158,169,168,166,164,163,161,169,168,166,102,2
169,168,166,176,175,173,169,168,166,164,163,161,421,1
169,168,166,169,168,166,169,168,166,169,168,166,809,1
169,168,166,161,160,158,169,168,166,176,175,173,44,2
169,168,166,161,160,158,169,168,166,173,172,170,735,2
176,175,173,169,168,166,176,175,173,169,168,166,264,1
169,168,166,161,160,158,169,168,166,166,165,163,862,1
169,168,166,161,160,158,169,168,166,169,168,166,534,2
169,168,166,176,175,173,169,168,166,167,166,164,93,1
169,168,166,161,160,158,169,168,166,173,172,170,603,2
161,160,158,169,168,166,161,160,158,169,168,166,859,2
176,175,173,169,168,166,166,165,163,169,168,166,719,2
161,160,158,169,168,166,173,172,170,169,168,166,867,1
176,175,173,169,168,166,176,175,173,169,168,166,891,1
169,168,166,169,168,166,169,168,166,163,162,160,409,1
161,160,158,169,168,166,173,172,170,169,168,166,273,1
169,168,166,169,168,166,169,168,166,161,160,158,309,1
176,175,173,169,168,166,163,162,160,169,168,166,156,2
161,160,158,169,168,166,172,171,169,169,168,166,668,1
161,160,158,169,168,166,175,174,172,169,168,166,604,1
161,160,158,169,168,166,170,169,167,169,168,166,271,1
169,168,166,161,160,158,169,168,166,173,172,170,75,2
169,168,166,169,168,166,166,165,163,169,168,166,906,2
169,168,166,161,160,158,169,168,166,161,160,158,1,1
176,175,173,169,168,166,167,166,164,169,168,166,720,2
169,168,166,169,168,166,176,175,173,169,168,166,748,1
169,168,166,169,168,166,167,166,164,169,168,166,643,2
169,168,166,176,175,173,169,168,166,169,168,166,226,2
176,175,173,169,168,166,170,169,167,169,168,166,194,1
161,160,158,169,168,166,172,171,169,169,168,166,272,1
169,168,166,176,175,173,169,168,166,170,169,167,986,2
169,168,166,169,168,166,170,169,167,169,168,166,579,1
169,168,166,161,160,158,169,168,166,175,174,172,538,2
176,175,173,169,168,166,167,166,164,169,168,166,588,2
161,160,158,169,168,166,169,168,166,169,168,166,501,1
176,175,173,169,168,166,169,168,166,169,168,166,391,1
169,168,166,161,160,158,169,168,166,163,162,160,827,1
169,168,166,169,168,166,169,168,166,161,160,158,243,1
169,168,166,161,160,158,169,168,166,161,160,158,628,1
176,175,173,169,168,166,170,169,167,169,168,166,458,1
169,168,166,161,160,158,169,168,166,176,175,173,440,2
176,175,173,169,168,166,163,162,160,169,168,166,849,2
169,168,166,169,168,166,169,168,166,161,160,158,45,1
161,160,158,169,168,166,172,171,169,169,168,166,833,1
176,175,173,169,168,166,172,171,169,169,168,166,63,1
161,160,158,169,168,166,167,166,164,169,168,166,236,2
176,175,173,169,168,166,173,172,170,169,168,166,163,1
169,168,166,161,160,158,169,168,166,166,165,163,367,1
176,175,173,169,168,166,173,172,170,169,168,166,592,1
169,168,166,169,168,166,169,168,166,164,163,161,443,1
169,168,166,161,160,158,169,168,166,175,174,172,934,2
176,175,173,169,168,166,167,166,164,169,168,166,621,2
176,175,173,169,168,166,175,174,172,169,168,166,131,1
169,168,166,169,168,166,169,168,166,167,166,164,841,1
169,168,166,169,168,166,169,168,166,161,160,158,903,1
169,168,166,176,175,173,169,168,166,175,174,172,857,2
169,168,166,161,160,158,169,168,166,161,160,158,298,1
169,168,166,169,168,166,172,171,169,169,168,166,250,1
169,168,166,176,175,173,169,168,166,176,175,173,132,2
169,168,166,169,168,166,169,168,166,173,172,170,317,2
169,168,166,161,160,158,169,168,166,166,165,163,70,1
169,168,166,169,168,166,169,168,166,173,172,170,152,2
169,168,166,169,168,166,169,168,166,175,174,172,318,2
169,168,166,176,175,173,169,168,166,163,162,160,387,1
169,168,166,176,175,173,169,168,166,167,166,164,357,1
169,168,166,176,175,173,169,168,166,164,163,161,124,1
169,168,166,161,160,158,169,168,166,167,166,164,302,1
176,175,173,169,168,166,164,163,161,169,168,166,850,2
161,160,158,169,168,166,166,165,163,169,168,166,829,2
169,168,166,176,175,173,169,168,166,167,166,164,159,1
169,168,166,161,160,158,169,168,166,173,172,170,669,2
161,160,158,169,168,166,164,163,161,169,168,166,36,2
169,168,166,169,168,166,164,163,161,169,168,166,377,2
161,160,158,169,168,166,167,166,164,169,168,166,731,2
169,168,166,176,175,173,169,168,166,164,163,161,454,1
169,168,166,169,168,166,169,168,166,176,175,173,682,2
176,175,173,169,168,166,176,175,173,169,168,166,198,1
176,175,173,169,168,166,163,162,160,169,168,166,915,2
176,175,173,169,168,166,161,160,158,169,168,166,551,2
161,160,158,169,168,166,161,160,158,169,168,166,661,2
161,160,158,169,168,166,169,168,166,169,168,166,336,1
169,168,166,169,168,166,169,168,166,169,168,166,446,1
169,168,166,169,168,166,164,163,161,169,168,166,839,2
176,175,173,169,168,166,161,160,158,169,168,166,320,2
169,168,166,169,168,166,173,172,170,169,168,166,119,1
169,168,166,169,168,166,176,175,173,169,168,166,583,1
161,160,158,169,168,166,161,160,158,169,168,166,496,2
169,168,166,176,175,173,169,168,166,173,172,170,691,2
169,168,166,169,168,166,169,168,166,163,162,160,574,1
169,168,166,169,168,166,176,175,173,169,168,166,253,1
169,168,166,169,168,166,176,175,173,169,168,166,319,1
161,160,158,169,168,166,164,163,161,169,168,166,696,2
176,175,173,169,168,166,167,166,164,169,168,166,126,2
169,168,166,176,175,173,169,168,166,175,174,172,164,2
161,160,158,169,168,166,173,172,170,169,168,166,702,1
169,168,166,161,160,158,169,168,166,164,163,161,795,1
169,168,166,161,160,158,169,168,166,173,172,170,570,2
169,168,166,161,160,158,169,168,166,170,169,167,898,2
176,175,173,169,168,166,166,165,163,169,168,166,356,2
176,175,173,169,168,166,169,168,166,169,168,166,358,1
169,168,166,169,168,166,169,168,166,173,172,170,680,2
169,168,166,169,168,166,169,168,166,164,163,161,146,1
169,168,166,169,168,166,169,168,166,170,169,167,480,2
169,168,166,176,175,173,169,168,166,161,160,158,914,1
161,160,158,169,168,166,170,169,167,169,168,166,73,1
169,168,166,169,168,166,169,168,166,173,172,170,746,2
169,168,166,169,168,166,169,168,166,161,160,158,276,1
169,168,166,169,168,166,169,168,166,169,168,166,842,2
169,168,166,169,168,166,163,162,160,169,168,166,541,2
176,175,173,169,168,166,169,168,166,169,168,166,457,1
176,175,173,169,168,166,175,174,172,169,168,166,725,1
169,168,166,161,160,158,169,168,166,167,166,164,401,1
169,168,166,169,168,166,169,168,166,170,169,167,18,2
169,168,166,176,175,173,169,168,166,163,162,160,816,1
169,168,166,161,160,158,169,168,166,166,165,163,928,1
161,160,158,169,168,166,163,162,160,169,168,166,2,2
161,160,158,169,168,166,173,172,170,169,168,166,537,1
169,168,166,169,168,166,169,168,166,172,171,169,481,2
169,168,166,161,160,158,169,168,166,166,165,163,730,1
169,168,166,176,175,173,169,168,166,176,175,173,924,2
176,175,173,169,168,166,175,174,172,169,168,166,494,1
176,175,173,169,168,166,164,163,161,169,168,166,355,2
169,168,166,169,168,166,169,168,166,161,160,158,606,1
169,168,166,169,168,166,173,172,170,169,168,166,86,1
161,160,158,169,168,166,173,172,170,169,168,166,141,1
169,168,166,169,168,166,164,163,161,169,168,166,47,2
169,168,166,169,168,166,169,168,166,169,168,166,974,1
176,175,173,169,168,166,169,168,166,169,168,166,94,1
161,160,158,169,168,166,169,168,166,169,168,166,6,1
161,160,158,169,168,166,164,163,161,169,168,166,564,2
169,168,166,169,168,166,175,174,172,169,168,166,450,1
169,168,166,176,175,173,169,168,166,170,169,167,359,2
169,168,166,161,160,158,169,168,166,164,163,161,135,1
169,168,166,176,175,173,169,168,166,176,175,173,396,2
176,175,173,169,168,166,170,169,167,169,168,166,590,1
169,168,166,169,168,166,169,168,166,170,169,167,282,2
169,168,166,169,168,166,169,168,166,169,168,166,149,2
161,160,158,169,168,166,175,174,172,169,168,166,406,1
176,175,173,169,168,166,163,162,160,169,168,166,24,2
169,168,166,161,160,158,169,168,166,166,165,163,598,1
169,168,166,169,168,166,164,163,161,169,168,166,905,2
169,168,166,176,175,173,169,168,166,175,174,172,626,2
169,168,166,169,168,166,169,168,166,166,165,163,741,1
169,168,166,169,168,166,169,168,166,163,162,160,343,1
169,168,166,176,175,173,169,168,166,163,162,160,552,1
169,168,166,169,168,166,169,168,166,163,162,160,805,1
169,168,166,169,168,166,169,168,166,169,168,166,677,2
161,160,158,169,168,166,172,171,169,169,168,166,701,1
161,160,158,169,168,166,164,163,161,169,168,166,267,2
169,168,166,169,168,166,175,174,172,169,168,166,54,1
169,168,166,169,168,166,175,174,172,169,168,166,813,1
176,175,173,169,168,166,164,163,161,169,168,166,91,2
169,168,166,169,168,166,161,160,158,169,168,166,804,2
169,168,166,161,160,158,169,168,166,166,165,163,37,1
169,168,166,161,160,158,169,168,166,170,169,167,667,2
169,168,166,169,168,166,169,168,166,170,169,167,810,2
176,175,173,169,168,166,173,172,170,169,168,166,922,1
161,160,158,169,168,166,164,163,161,169,168,166,3,2
176,175,173,169,168,166,167,166,164,169,168,166,654,2
169,168,166,161,160,158,169,168,166,172,171,169,965,2
169,168,166,161,160,158,169,168,166,169,168,166,765,2
169,168,166,169,168,166,169,168,166,164,163,161,938,1
176,175,173,169,168,166,161,160,158,169,168,166,254,2
169,168,166,161,160,158,169,168,166,172,171,169,536,2
169,168,166,169,168,166,173,172,170,169,168,166,53,1
169,168,166,169,168,166,176,175,173,169,168,166,880,1
169,168,166,169,168,166,164,163,161,169,168,166,971,2
169,168,166,176,175,173,169,168,166,170,169,167,260,2
169,168,166,169,168,166,169,168,166,167,166,164,181,1
169,168,166,161,160,158,169,168,166,163,162,160,299,1
169,168,166,169,168,166,169,168,166,166,165,163,873,1
169,168,166,169,168,166,172,171,169,169,168,166,712,1
161,160,158,169,168,166,175,174,172,169,168,166,571,1
161,160,158,169,168,166,170,169,167,169,168,166,469,1
169,168,166,161,160,158,169,168,166,173,172,170,405,2
169,168,166,169,168,166,172,171,169,169,168,166,85,1
169,168,166,169,168,166,169,168,166,170,169,167,447,2
169,168,166,169,168,166,169,168,166,169,168,166,347,2
169,168,166,161,160,158,169,168,166,170,169,167,106,2
176,175,173,169,168,166,163,162,160,169,168,166,717,2
169,168,166,169,168,166,173,172,170,169,168,166,713,1
169,168,166,169,168,166,163,162,160,169,168,166,937,2
169,168,166,169,168,166,170,169,167,169,168,166,117,1
176,175,173,169,168,166,161,160,158,169,168,166,617,2
169,168,166,169,168,166,176,175,173,169,168,166,55,1
169,168,166,176,175,173,169,168,166,176,175,173,66,2
176,175,173,169,168,166,164,163,161,169,168,166,784,2
176,175,173,169,168,166,163,162,160,169,168,166,90,2
169,168,166,169,168,166,164,163,161,169,168,166,641,2
169,168,166,176,175,173,169,168,166,166,165,163,224,1
169,168,166,169,168,166,169,168,166,166,165,163,576,1
169,168,166,176,175,173,169,168,166,175,174,172,824,2
169,168,166,169,168,166,172,171,169,169,168,166,151,1
169,168,166,176,175,173,169,168,166,172,171,169,459,2
169,168,166,176,175,173,169,168,166,163,162,160,222,1
169,168,166,161,160,158,169,168,166,161,160,158,199,1
176,175,173,169,168,166,172,171,169,169,168,166,657,1
169,168,166,169,168,166,169,168,166,161,160,158,573,1
176,175,173,169,168,166,175,174,172,169,168,166,560,1
161,160,158,169,168,166,175,174,172,169,168,166,637,1
176,175,173,169,168,166,166,165,163,169,168,166,983,2
169,168,166,169,168,166,169,168,166,167,166,164,280,1
169,168,166,161,160,158,169,168,166,176,175,173,935,2
169,168,166,169,168,166,170,169,167,169,168,166,381,1
169,168,166,161,160,158,169,168,166,167,166,164,104,1
169,168,166,176,175,173,169,168,166,161,160,158,122,1
176,175,173,169,168,166,167,166,164,169,168,166,324,2
161,160,158,169,168,166,175,174,172,169,168,166,868,1
169,168,166,161,160,158,169,168,166,173,172,170,339,2
176,175,173,169,168,166,164,163,161,169,168,166,487,2
176,175,173,169,168,166,164,163,161,169,168,166,223,2
169,168,166,176,175,173,169,168,166,172,171,169,360,2
169,168,166,176,175,173,169,168,166,173,172,170,361,2
176,175,173,169,168,166,176,175,173,169,168,166,561,1
169,168,166,169,168,166,169,168,166,173,172,170,449,2
161,160,158,169,168,166,175,174,172,169,168,166,439,1
169,168,166,169,168,166,176,175,173,169,168,166,418,1
169,168,166,176,175,173,169,168,166,163,162,160,57,1
169,168,166,169,168,166,169,168,166,172,171,169,118,2
176,175,173,169,168,166,166,165,163,169,168,166,653,2
169,168,166,161,160,158,169,168,166,161,160,158,430,1
161,160,158,169,168,166,170,169,167,169,168,166,502,1
169,168,166,176,175,173,169,168,166,176,175,173,693,2
161,160,158,169,168,166,161,160,158,169,168,166,958,2
169,168,166,161,160,158,169,168,166,169,168,166,303,2
169,168,166,161,160,158,169,168,166,173,172,170,372,2
176,175,173,169,168,166,175,174,172,169,168,166,362,1
176,175,173,169,168,166,166,165,163,169,168,166,488,2
169,168,166,169,168,166,169,168,166,164,163,161,245,1
169,168,166,176,175,173,169,168,166,176,175,173,957,2
161,160,158,169,168,166,167,166,164,169,168,166,170,2
161,160,158,169,168,166,176,175,173,169,168,166,671,1
169,168,166,169,168,166,169,168,166,173,172,170,416,2
169,168,166,169,168,166,175,174,172,169,168,166,516,1
169,168,166,169,168,166,169,168,166,169,168,166,479,2
169,168,166,169,168,166,169,168,166,169,168,166,743,2
169,168,166,169,168,166,175,174,172,169,168,166,285,1
161,160,158,169,168,166,161,160,158,169,168,166,826,2
169,168,166,169,168,166,163,162,160,169,168,166,508,2
169,168,166,176,175,173,169,168,166,172,171,169,525,2
169,168,166,169,168,166,175,174,172,169,168,166,945,1
161,160,158,169,168,166,172,171,169,169,168,166,140,1
169,168,166,161,160,158,169,168,166,167,166,164,566,1
161,160,158,169,168,166,164,163,161,169,168,166,828,2
176,175,173,169,168,166,175,174,172,169,168,166,197,1
176,175,173,169,168,166,173,172,170,169,168,166,889,1
169,168,166,169,168,166,166,165,163,169,168,166,675,2
169,168,166,169,168,166,175,174,172,169,168,166,252,1
169,168,166,169,168,166,169,168,166,172,171,169,811,2
169,168,166,176,175,173,169,168,166,176,175,173,165,2
169,168,166,169,168,166,176,175,173,169,168,166,979,1
169,168,166,176,175,173,169,168,166,170,169,167,656,2
176,175,173,169,168,166,169,168,166,169,168,166,28,1
176,175,173,169,168,166,163,162,160,169,168,166,453,2
169,168,166,169,168,166,172,171,169,169,168,166,184,1
169,168,166,169,168,166,172,171,169,169,168,166,283,1
169,168,166,169,168,166,163,162,160,169,168,166,706,2
169,168,166,169,168,166,169,168,166,173,172,170,515,2
169,168,166,169,168,166,169,168,166,169,168,166,545,2
169,168,166,161,160,158,169,168,166,172,171,169,41,2
161,160,158,169,168,166,175,174,172,169,168,166,769,1
169,168,166,161,160,158,169,168,166,172,171,169,734,2
169,168,166,169,168,166,169,168,166,166,165,163,180,1
161,160,158,169,168,166,173,172,170,169,168,166,9,1
169,168,166,161,160,158,169,168,166,173,172,170,504,2
169,168,166,176,175,173,169,168,166,163,162,160,981,1
161,160,158,169,168,166,163,162,160,169,168,166,497,2
169,168,166,161,160,158,169,168,166,170,169,167,832,2
169,168,166,169,168,166,176,175,173,169,168,166,286,1
169,168,166,169,168,166,175,174,172,169,168,166,87,1
169,168,166,169,168,166,176,175,173,169,168,166,22,1
169,168,166,169,168,166,169,168,166,164,163,161,872,1
176,175,173,169,168,166,167,166,164,169,168,166,819,2
169,168,166,169,168,166,169,168,166,175,174,172,417,2
169,168,166,161,160,158,169,168,166,166,165,163,763,1
161,160,158,169,168,166,163,162,160,169,168,166,35,2
169,168,166,176,175,173,169,168,166,169,168,166,721,2
176,175,173,169,168,166,167,166,164,169,168,166,918,2
169,168,166,169,168,166,169,168,166,164,163,161,311,1
176,175,173,169,168,166,161,160,158,169,168,166,89,2
169,168,166,169,168,166,169,168,166,170,169,167,777,2
169,168,166,169,168,166,167,166,164,169,168,166,610,2
169,168,166,169,168,166,167,166,164,169,168,166,907,2
169,168,166,169,168,166,169,168,166,170,169,167,612,2
176,175,173,169,168,166,176,175,173,169,168,166,231,1
169,168,166,169,168,166,169,168,166,166,165,163,411,1
169,168,166,169,168,166,169,168,166,175,174,172,153,2
169,168,166,176,175,173,169,168,166,164,163,161,256,1
169,168,166,169,168,166,169,168,166,164,163,161,707,1
169,168,166,176,175,173,169,168,166,169,168,166,589,2
161,160,158,169,168,166,172,171,169,169,168,166,239,1
169,168,166,176,175,173,169,168,166,166,165,163,422,1
169,168,166,169,168,166,169,168,166,176,175,173,121,2
161,160,158,169,168,166,164,163,161,169,168,166,729,2
169,168,166,161,160,158,169,168,166,163,162,160,167,1
169,168,166,169,168,166,167,166,164,169,168,166,973,2
169,168,166,161,160,158,169,168,166,173,172,170,834,2
161,160,158,169,168,166,175,174,172,169,168,166,43,1
176,175,173,169,168,166,163,162,160,169,168,166,519,2
169,168,166,169,168,166,169,168,166,163,162,160,112,1
161,160,158,169,168,166,161,160,158,169,168,166,265,2
176,175,173,169,168,166,161,160,158,169,168,166,881,2
161,160,158,169,168,166,176,175,173,169,168,166,176,1
169,168,166,176,175,173,169,168,166,172,171,169,195,2
169,168,166,169,168,166,169,168,166,175,174,172,714,2
176,175,173,169,168,166,176,175,173,169,168,166,825,1
169,168,166,169,168,166,169,168,166,164,163,161,509,1
169,168,166,169,168,166,169,168,166,166,165,163,708,1
176,175,173,169,168,166,167,166,164,169,168,166,489,2
169,168,166,161,160,158,169,168,166,167,166,164,71,1
161,160,158,169,168,166,169,168,166,169,168,166,468,1
176,175,173,169,168,166,170,169,167,169,168,166,755,1
169,168,166,176,175,173,169,168,166,172,171,169,690,2
161,160,158,169,168,166,173,172,170,169,168,166,174,1
176,175,173,169,168,166,169,168,166,169,168,166,61,1
161,160,158,169,168,166,164,163,161,169,168,166,234,2
169,168,166,161,160,158,169,168,166,176,175,173,968,2
169,168,166,161,160,158,169,168,166,170,169,167,7,2
169,168,166,169,168,166,169,168,166,161,160,158,78,1
176,175,173,169,168,166,166,165,163,169,168,166,158,2
169,168,166,176,175,173,169,168,166,167,166,164,786,1
169,168,166,176,175,173,169,168,166,163,162,160,882,1
169,168,166,176,175,173,169,168,166,166,165,163,785,1
169,168,166,169,168,166,169,168,166,166,165,163,939,1
161,160,158,169,168,166,166,165,163,169,168,166,664,2
169,168,166,169,168,166,169,168,166,175,174,172,978,2
161,160,158,169,168,166,173,172,170,169,168,166,900,1
161,160,158,169,168,166,164,163,161,169,168,166,927,2
169,168,166,161,160,158,169,168,166,176,175,173,572,2
169,168,166,176,175,173,169,168,166,163,162,160,585,1
169,168,166,169,168,166,164,163,161,169,168,166,542,2
169,168,166,176,175,173,169,168,166,176,175,173,594,2
169,168,166,161,160,158,169,168,166,167,166,164,368,1
169,168,166,169,168,166,164,163,161,169,168,166,773,2
161,160,158,169,168,166,176,175,173,169,168,166,836,1
169,168,166,169,168,166,176,175,173,169,168,166,649,1
169,168,166,169,168,166,169,168,166,173,172,170,647,2
169,168,166,169,168,166,169,168,166,169,168,166,116,1
169,168,166,169,168,166,169,168,166,172,171,169,745,2
176,175,173,169,168,166,172,171,169,169,168,166,261,1
169,168,166,169,168,166,167,166,164,169,168,166,478,2
169,168,166,169,168,166,169,168,166,167,166,164,577,1
161,160,158,169,168,166,163,162,160,169,168,166,233,2
169,168,166,169,168,166,176,175,173,169,168,166,616,1
169,168,166,161,160,158,169,168,166,166,165,163,235,1
169,168,166,176,175,173,169,168,166,167,166,164,60,1
161,160,158,169,168,166,161,160,158,169,168,166,694,2
169,168,166,161,160,158,169,168,166,176,175,173,77,2
169,168,166,169,168,166,169,168,166,170,169,167,975,2
169,168,166,169,168,166,164,163,161,169,168,166,278,2
169,168,166,161,160,158,169,168,166,176,175,173,638,2
169,168,166,169,168,166,169,168,166,173,172,170,218,2
169,168,166,169,168,166,169,168,166,166,165,163,510,1
169,168,166,169,168,166,169,168,166,175,174,172,846,2
161,160,158,169,168,166,163,162,160,169,168,166,101,2
169,168,166,176,175,173,169,168,166,164,163,161,982,1
169,168,166,161,160,158,169,168,166,169,168,166,798,2
161,160,158,169,168,166,176,175,173,169,168,166,605,1
176,175,173,169,168,166,164,163,161,169,168,166,190,2
176,175,173,169,168,166,170,169,167,169,168,166,95,1
169,168,166,169,168,166,169,168,166,175,174,172,21,2
161,160,158,169,168,166,169,168,166,169,168,166,600,1
176,175,173,169,168,166,167,166,164,169,168,166,258,2
169,168,166,176,175,173,169,168,166,166,165,163,521,1
169,168,166,176,175,173,169,168,166,164,163,161,388,1
169,168,166,176,175,173,169,168,166,164,163,161,289,1
169,168,166,169,168,166,163,162,160,169,168,166,970,2
169,168,166,161,160,158,169,168,166,176,175,173,770,2
161,160,158,169,168,166,167,166,164,169,168,166,962,2
176,175,173,169,168,166,161,160,158,169,168,166,650,2
169,168,166,169,168,166,169,168,166,175,174,172,549,2
169,168,166,161,160,158,169,168,166,172,171,169,932,2
169,168,166,169,168,166,169,168,166,172,171,169,844,2
169,168,166,161,160,158,169,168,166,170,169,167,40,2
169,168,166,176,175,173,169,168,166,161,160,158,716,1
169,168,166,176,175,173,169,168,166,164,163,161,520,1
169,168,166,176,175,173,169,168,166,169,168,166,490,2
161,160,158,169,168,166,175,174,172,169,168,166,76,1
169,168,166,161,160,158,169,168,166,163,162,160,662,1
169,168,166,169,168,166,164,163,161,169,168,166,476,2
169,168,166,169,168,166,172,171,169,169,168,166,415,1
169,168,166,161,160,158,169,168,166,172,171,169,899,2
169,168,166,169,168,166,169,168,166,169,168,166,281,1
169,168,166,176,175,173,169,168,166,175,174,172,758,2
169,168,166,169,168,166,169,168,166,170,169,167,348,2
169,168,166,161,160,158,169,168,166,161,160,158,166,1
169,168,166,169,168,166,169,168,166,175,174,172,384,2
169,168,166,169,168,166,169,168,166,169,168,166,17,1
161,160,158,169,168,166,172,171,169,169,168,166,800,1
161,160,158,169,168,166,172,171,169,169,168,166,107,1
169,168,166,169,168,166,169,168,166,163,162,160,145,1
169,168,166,169,168,166,176,175,173,169,168,166,88,1
169,168,166,176,175,173,169,168,166,170,169,167,425,2
161,160,158,169,168,166,172,171,169,169,168,166,8,1
161,160,158,169,168,166,166,165,163,169,168,166,433,2
176,175,173,169,168,166,166,165,163,169,168,166,92,2
169,168,166,161,160,158,169,168,166,163,162,160,563,1
176,175,173,169,168,166,167,166,164,169,168,166,225,2
161,160,158,169,168,166,175,174,172,169,168,166,967,1
169,168,166,176,175,173,169,168,166,173,172,170,229,2
169,168,166,161,160,158,169,168,166,176,175,173,209,2
169,168,166,169,168,166,169,168,166,169,168,166,875,1
161,160,158,169,168,166,161,160,158,169,168,166,925,2
169,168,166,176,175,173,169,168,166,166,165,163,752,1
169,168,166,161,160,158,169,168,166,167,166,164,434,1
161,160,158,169,168,166,167,166,164,169,168,166,137,2
169,168,166,161,160,158,169,168,166,169,168,166,204,2
169,168,166,176,175,173,169,168,166,173,172,170,460,2
176,175,173,169,168,166,169,168,166,169,168,166,853,1
169,168,166,169,168,166,169,168,166,166,165,163,15,1
169,168,166,161,160,158,169,168,166,167,166,164,269,1
176,175,173,169,168,166,172,171,169,169,168,166,591,1
169,168,166,161,160,158,169,168,166,166,165,163,268,1
169,168,166,169,168,166,169,168,166,170,169,167,645,2
169,168,166,169,168,166,172,171,169,169,168,166,52,1
161,160,158,169,168,166,175,174,172,169,168,166,10,1
176,175,173,169,168,166,163,162,160,169,168,166,651,2
169,168,166,161,160,158,169,168,166,169,168,166,732,2
176,175,173,169,168,166,170,169,167,169,168,166,689,1
169,168,166,169,168,166,169,168,166,166,165,163,378,1
169,168,166,169,168,166,172,171,169,169,168,166,349,1
176,175,173,169,168,166,167,166,164,169,168,166,291,2
169,168,166,161,160,158,169,168,166,175,174,172,307,2
176,175,173,169,168,166,166,165,163,169,168,166,26,2
161,160,158,169,168,166,172,171,169,169,168,166,206,1
169,168,166,169,168,166,169,168,166,176,175,173,484,2
176,175,173,169,168,166,173,172,170,169,168,166,955,1
169,168,166,169,168,166,169,168,166,163,162,160,739,1
176,175,173,169,168,166,166,165,163,169,168,166,620,2
169,168,166,169,168,166,172,171,169,169,168,166,943,1
169,168,166,176,175,173,169,168,166,176,175,173,99,2
169,168,166,169,168,166,163,162,160,169,168,166,211,2
169,168,166,176,175,173,169,168,166,166,165,163,455,1
169,168,166,176,175,173,169,168,166,173,172,170,64,2
161,160,158,169,168,166,175,174,172,169,168,166,703,1
169,168,166,169,168,166,169,168,166,166,165,163,147,1
161,160,158,169,168,166,169,168,166,169,168,166,699,1
169,168,166,161,160,158,169,168,166,163,162,160,761,1
169,168,166,169,168,166,169,168,166,169,168,166,314,1
169,168,166,169,168,166,169,168,166,169,168,166,710,2
176,175,173,169,168,166,173,172,170,169,168,166,394,1
176,175,173,169,168,166,173,172,170,169,168,166,196,1
161,160,158,169,168,166,161,160,158,169,168,166,364,2
169,168,166,161,160,158,169,168,166,175,174,172,142,2
161,160,158,169,168,166,164,163,161,169,168,166,894,2
169,168,166,169,168,166,169,168,166,176,175,173,154,2
169,168,166,169,168,166,161,160,158,169,168,166,441,2
169,168,166,169,168,166,169,168,166,176,175,173,715,2
169,168,166,169,168,166,169,168,166,172,171,169,514,2
176,175,173,169,168,166,166,165,163,169,168,166,884,2
169,168,166,169,168,166,170,169,167,169,168,166,513,1
169,168,166,176,175,173,169,168,166,164,163,161,949,1
169,168,166,161,160,158,169,168,166,166,165,163,565,1
169,168,166,176,175,173,169,168,166,176,175,173,462,2
169,168,166,176,175,173,169,168,166,161,160,158,419,1
169,168,166,169,168,166,169,168,166,172,171,169,217,2
161,160,158,169,168,166,166,165,163,169,168,166,301,2
169,168,166,176,175,173,169,168,166,166,165,163,290,1
169,168,166,169,168,166,176,175,173,169,168,166,187,1
169,168,166,161,160,158,169,168,166,173,172,170,801,2
169,168,166,161,160,158,169,168,166,161,160,158,100,1
169,168,166,169,168,166,169,168,166,161,160,158,969,1
169,168,166,169,168,166,169,168,166,161,160,158,738,1
169,168,166,176,175,173,169,168,166,175,174,172,692,2
161,160,158,169,168,166,164,163,161,169,168,166,861,2
169,168,166,169,168,166,169,168,166,169,168,166,215,2
176,175,173,169,168,166,173,172,170,169,168,166,130,1
161,160,158,169,168,166,175,174,172,169,168,166,670,1
169,168,166,161,160,158,169,168,166,163,162,160,893,1
169,168,166,169,168,166,170,169,167,169,168,166,414,1
169,168,166,161,160,158,169,168,166,176,175,173,539,2
161,160,158,169,168,166,170,169,167,169,168,166,370,1
161,160,158,169,168,166,163,162,160,169,168,166,365,2
169,168,166,176,175,173,169,168,166,175,174,172,65,2
169,168,166,161,160,158,169,168,166,173,172,170,306,2
169,168,166,161,160,158,169,168,166,167,166,164,467,1
169,168,166,161,160,158,169,168,166,176,175,173,374,2
169,168,166,169,168,166,164,163,161,169,168,166,608,2
176,175,173,169,168,166,167,166,164,169,168,166,951,2
161,160,158,169,168,166,170,169,167,169,168,166,304,1
169,168,166,161,160,158,169,168,166,166,165,163,202,1
161,160,158,169,168,166,172,171,169,169,168,166,371,1
176,175,173,169,168,166,163,162,160,169,168,166,354,2
169,168,166,161,160,158,169,168,166,172,171,169,866,2
169,168,166,169,168,166,169,168,166,172,171,169,778,2
176,175,173,169,168,166,172,171,169,169,168,166,294,1
161,160,158,169,168,166,173,172,170,169,168,166,240,1
169,168,166,169,168,166,163,162,160,169,168,166,475,2
169,168,166,161,160,158,169,168,166,175,174,172,340,2
169,168,166,161,160,158,169,168,166,163,162,160,68,1
169,168,166,169,168,166,163,162,160,169,168,166,442,2
169,168,166,176,175,173,169,168,166,170,169,167,887,2
169,168,166,169,168,166,167,166,164,169,168,166,49,2
161,160,158,169,168,166,172,171,169,169,168,166,74,1
169,168,166,169,168,166,169,168,166,166,165,163,774,1
169,168,166,169,168,166,167,166,164,169,168,166,709,2
169,168,166,176,175,173,169,168,166,176,175,173,759,2
176,175,173,169,168,166,169,168,166,169,168,166,952,1
169,168,166,169,168,166,170,169,167,169,168,166,249,1
169,168,166,161,160,158,169,168,166,166,165,163,103,1
169,168,166,176,175,173,169,168,166,176,175,173,33,2
169,168,166,176,175,173,169,168,166,175,174,172,527,2
161,160,158,169,168,166,164,163,161,169,168,166,432,2
169,168,166,176,175,173,169,168,166,172,171,169,987,2
169,168,166,169,168,166,166,165,163,169,168,166,972,2
176,175,173,169,168,166,170,169,167,169,168,166,524,1
169,168,166,169,168,166,167,166,164,169,168,166,676,2
169,168,166,169,168,166,170,169,167,169,168,166,216,1
176,175,173,169,168,166,169,168,166,169,168,166,523,1
169,168,166,176,175,173,169,168,166,175,174,172,791,2
169,168,166,176,175,173,169,168,166,164,163,161,586,1
169,168,166,176,175,173,169,168,166,173,172,170,988,2
176,175,173,169,168,166,164,163,161,169,168,166,322,2
169,168,166,169,168,166,163,162,160,169,168,166,673,2
169,168,166,169,168,166,169,168,166,169,168,166,413,1
176,175,173,169,168,166,161,160,158,169,168,166,683,2
169,168,166,169,168,166,167,166,164,169,168,166,544,2
161,160,158,169,168,166,166,165,163,169,168,166,400,2
169,168,166,169,168,166,164,163,161,169,168,166,575,2
176,175,173,169,168,166,161,160,158,169,168,166,947,2
169,168,166,161,160,158,169,168,166,169,168,166,831,2
169,168,166,161,160,158,169,168,166,169,168,166,897,2
169,168,166,176,175,173,169,168,166,161,160,158,353,1
169,168,166,169,168,166,169,168,166,161,160,158,705,1
161,160,158,169,168,166,176,175,173,169,168,166,902,1
169,168,166,169,168,166,169,168,166,172,171,169,547,2
161,160,158,169,168,166,164,163,161,169,168,166,168,2
161,160,158,169,168,166,175,174,172,169,168,166,802,1
169,168,166,169,168,166,169,168,166,170,169,167,183,2
161,160,158,169,168,166,175,174,172,169,168,166,901,1
176,175,173,169,168,166,170,169,167,169,168,166,128,1
169,168,166,176,175,173,169,168,166,166,165,163,950,1
169,168,166,169,168,166,169,168,166,172,171,169,448,2
161,160,158,169,168,166,166,165,163,169,168,166,499,2
169,168,166,161,160,158,169,168,166,161,160,158,595,1
169,168,166,169,168,166,169,168,166,169,168,166,380,1
169,168,166,161,160,158,169,168,166,167,166,164,863,1
169,168,166,176,175,173,169,168,166,164,163,161,718,1
169,168,166,169,168,166,169,168,166,163,162,160,244,1
176,175,173,169,168,166,161,160,158,169,168,166,485,2
169,168,166,161,160,158,169,168,166,166,165,163,796,1
169,168,166,169,168,166,169,168,166,164,163,161,113,1
169,168,166,176,175,173,169,168,166,173,172,170,31,2
169,168,166,169,168,166,169,168,166,163,162,160,904,1
169,168,166,169,168,166,169,168,166,176,175,173,913,2
161,160,158,169,168,166,167,166,164,169,168,166,5,2
169,168,166,161,160,158,169,168,166,164,163,161,531,1
169,168,166,169,168,166,169,168,166,169,168,166,941,1
169,168,166,161,160,158,169,168,166,170,169,167,139,2
161,160,158,169,168,166,167,166,164,169,168,166,698,2
176,175,173,169,168,166,176,175,173,169,168,166,495,1
176,175,173,169,168,166,176,175,173,169,168,166,990,1
169,168,166,169,168,166,169,168,166,163,162,160,772,1
169,168,166,176,175,173,169,168,166,172,171,169,822,2
169,168,166,176,175,173,169,168,166,167,166,164,423,1
169,168,166,176,175,173,169,168,166,161,160,158,584,1
161,160,158,169,168,166,163,162,160,169,168,166,959,2
169,168,166,169,168,166,169,168,166,161,160,158,144,1
169,168,166,161,160,158,169,168,166,176,175,173,143,2
169,168,166,169,168,166,173,172,170,169,168,166,350,1
169,168,166,161,160,158,169,168,166,169,168,166,270,2
169,168,166,176,175,173,169,168,166,166,165,163,587,1
169,168,166,169,168,166,167,166,164,169,168,166,511,2
169,168,166,169,168,166,169,168,166,166,165,163,807,1
169,168,166,176,175,173,169,168,166,163,162,160,321,1
161,160,158,169,168,166,161,160,158,169,168,166,529,2
169,168,166,176,175,173,169,168,166,167,166,164,984,1
176,175,173,169,168,166,163,162,160,169,168,166,288,2
161,160,158,169,168,166,167,166,164,169,168,166,38,2
169,168,166,161,160,158,169,168,166,164,163,161,597,1
169,168,166,169,168,166,169,168,166,167,166,164,412,1
176,175,173,169,168,166,164,163,161,169,168,166,25,2
161,160,158,169,168,166,172,171,169,169,168,166,503,1
161,160,158,169,168,166,170,169,167,169,168,166,733,1
176,175,173,169,168,166,170,169,167,169,168,166,854,1
169,168,166,169,168,166,169,168,166,176,175,173,550,2
169,168,166,161,160,158,169,168,166,172,171,169,173,2
169,168,166,176,175,173,169,168,166,170,169,167,722,2
169,168,166,176,175,173,169,168,166,166,165,163,554,1
176,175,173,169,168,166,172,171,169,169,168,166,96,1
169,168,166,169,168,166,169,168,166,169,168,166,776,2
169,168,166,176,175,173,169,168,166,163,162,160,123,1
169,168,166,176,175,173,169,168,166,173,172,170,856,2
169,168,166,169,168,166,166,165,163,169,168,166,81,2
169,168,166,169,168,166,169,168,166,161,160,158,507,1
169,168,166,169,168,166,169,168,166,170,169,167,942,2
169,168,166,169,168,166,169,168,166,175,174,172,648,2
176,175,173,169,168,166,175,174,172,169,168,166,329,1
161,160,158,169,168,166,163,162,160,169,168,166,134,2
169,168,166,169,168,166,166,165,163,169,168,166,444,2
169,168,166,169,168,166,175,174,172,169,168,166,483,1
169,168,166,176,175,173,169,168,166,170,169,167,491,2
169,168,166,169,168,166,169,168,166,161,160,158,936,1
169,168,166,169,168,166,164,163,161,169,168,166,806,2
169,168,166,176,175,173,169,168,166,164,163,161,58,1
169,168,166,169,168,166,167,166,164,169,168,166,808,2
176,175,173,169,168,166,167,166,164,169,168,166,852,2
169,168,166,161,160,158,169,168,166,163,162,160,530,1
161,160,158,169,168,166,167,166,164,169,168,166,764,2
169,168,166,169,168,166,169,168,166,170,169,167,678,2
161,160,158,169,168,166,164,163,161,169,168,166,498,2
169,168,166,169,168,166,169,168,166,166,165,163,48,1
169,168,166,161,160,158,169,168,166,176,175,173,737,2
161,160,158,169,168,166,161,160,158,169,168,166,562,2
169,168,166,169,168,166,161,160,158,169,168,166,210,2
161,160,158,169,168,166,173,172,170,169,168,166,471,1
176,175,173,169,168,166,163,162,160,169,168,166,255,2
176,175,173,169,168,166,172,171,169,169,168,166,129,1
169,168,166,169,168,166,164,163,161,169,168,166,740,2
169,168,166,169,168,166,166,165,163,169,168,166,213,2
169,168,166,176,175,173,169,168,166,164,163,161,685,1
161,160,158,169,168,166,176,175,173,169,168,166,506,1
176,175,173,169,168,166,169,168,166,169,168,166,424,1
169,168,166,176,175,173,169,168,166,175,174,172,956,2
169,168,166,169,168,166,167,166,164,169,168,166,940,2
169,168,166,176,175,173,169,168,166,172,171,169,756,2
169,168,166,161,160,158,169,168,166,170,169,167,799,2
169,168,166,169,168,166,169,168,166,173,172,170,20,2
169,168,166,161,160,158,169,168,166,170,169,167,964,2
176,175,173,169,168,166,164,163,161,169,168,166,619,2
169,168,166,169,168,166,166,165,163,169,168,166,114,2
169,168,166,169,168,166,173,172,170,169,168,166,284,1
169,168,166,169,168,166,169,168,166,169,168,166,50,1
169,168,166,169,168,166,170,169,167,169,168,166,876,1
169,168,166,176,175,173,169,168,166,173,172,170,757,2
169,168,166,176,175,173,169,168,166,173,172,170,97,2
169,168,166,161,160,158,169,168,166,170,169,167,337,2
169,168,166,161,160,158,169,168,166,169,168,166,633,2
169,168,166,169,168,166,172,171,169,169,168,166,613,1
169,168,166,176,175,173,169,168,166,167,166,164,522,1
169,168,166,161,160,158,169,168,166,164,163,161,69,1
169,168,166,169,168,166,169,168,166,166,165,163,279,1
161,160,158,169,168,166,176,175,173,169,168,166,473,1
161,160,158,169,168,166,169,168,166,169,168,166,567,1
169,168,166,161,160,158,169,168,166,173,172,170,42,2
169,168,166,161,160,158,169,168,166,176,175,173,110,2
169,168,166,169,168,166,170,169,167,169,168,166,150,1
169,168,166,161,160,158,169,168,166,175,174,172,175,2
169,168,166,169,168,166,163,162,160,169,168,166,871,2
161,160,158,169,168,166,173,172,170,169,168,166,207,1
169,168,166,169,168,166,175,174,172,169,168,166,747,1
169,168,166,176,175,173,169,168,166,161,160,158,749,1
176,175,173,169,168,166,176,175,173,169,168,166,528,1
169,168,166,161,160,158,169,168,166,163,162,160,464,1
169,168,166,176,175,173,169,168,166,166,165,163,686,1
161,160,158,169,168,166,163,162,160,169,168,166,431,2
169,168,166,169,168,166,169,168,166,172,171,169,877,2
169,168,166,169,168,166,172,171,169,169,168,166,580,1
169,168,166,169,168,166,169,168,166,169,168,166,512,1
169,168,166,169,168,166,167,166,164,169,168,166,379,2
169,168,166,169,168,166,166,165,163,169,168,166,609,2
176,175,173,169,168,166,172,171,169,169,168,166,723,1
169,168,166,169,168,166,172,171,169,169,168,166,679,1
176,175,173,169,168,166,175,174,172,169,168,166,989,1
169,168,166,169,168,166,173,172,170,169,168,166,878,1
169,168,166,161,160,158,169,168,166,176,175,173,803,2
169,168,166,169,168,166,163,162,160,169,168,166,178,2
169,168,166,169,168,166,161,160,158,169,168,166,771,2
161,160,158,169,168,166,170,169,167,169,168,166,568,1
169,168,166,176,175,173,169,168,166,169,168,166,754,2
169,168,166,169,168,166,169,168,166,175,174,172,879,2
169,168,166,169,168,166,169,168,166,164,163,161,179,1
169,168,166,161,160,158,169,168,166,175,174,172,373,2
169,168,166,169,168,166,169,168,166,170,169,167,84,2
169,168,166,169,168,166,169,168,166,172,171,169,646,2
161,160,158,169,168,166,169,168,166,169,168,166,402,1
169,168,166,169,168,166,169,168,166,172,171,169,976,2
176,175,173,169,168,166,172,171,169,169,168,166,426,1
176,175,173,169,168,166,169,168,166,169,168,166,688,1
169,168,166,176,175,173,169,168,166,161,160,158,155,1
169,168,166,169,168,166,169,168,166,175,174,172,582,2
169,168,166,161,160,158,169,168,166,167,166,164,929,1
169,168,166,169,168,166,173,172,170,169,168,166,911,1
169,168,166,176,175,173,169,168,166,172,171,169,855,2
161,160,158,169,168,166,166,165,163,169,168,166,961,2
169,168,166,169,168,166,176,175,173,169,168,166,220,1
169,168,166,161,160,158,169,168,166,176,175,173,308,2
169,168,166,169,168,166,169,168,166,164,163,161,410,1
161,160,158,169,168,166,166,165,163,169,168,166,169,2
176,175,173,169,168,166,163,162,160,169,168,166,783,2
169,168,166,169,168,166,169,168,166,169,168,166,611,2
169,168,166,161,160,158,169,168,166,166,165,163,334,1
169,168,166,169,168,166,169,168,166,164,163,161,674,1
169,168,166,169,168,166,173,172,170,169,168,166,251,1
161,160,158,169,168,166,170,169,167,169,168,166,403,1
161,160,158,169,168,166,170,169,167,169,168,166,700,1
169,168,166,169,168,166,169,168,166,169,168,166,182,1
169,168,166,161,160,158,169,168,166,167,166,164,500,1
176,175,173,169,168,166,172,171,169,169,168,166,954,1
169,168,166,176,175,173,169,168,166,172,171,169,162,2
169,168,166,169,168,166,166,165,163,169,168,166,312,2
169,168,166,176,175,173,169,168,166,170,169,167,29,2
169,168,166,176,175,173,169,168,166,170,169,167,821,2
169,168,166,176,175,173,169,168,166,169,168,166,919,2
176,175,173,169,168,166,172,171,169,169,168,166,558,1
161,160,158,169,168,166,176,175,173,169,168,166,407,1
169,168,166,169,168,166,163,162,160,169,168,166,46,2
169,168,166,161,160,158,169,168,166,163,162,160,200,1
169,168,166,169,168,166,169,168,166,172,171,169,19,2
176,175,173,169,168,166,167,166,164,169,168,166,27,2
169,168,166,169,168,166,170,169,167,169,168,166,744,1
169,168,166,169,168,166,173,172,170,169,168,166,482,1
169,168,166,169,168,166,169,168,166,173,172,170,581,2
169,168,166,169,168,166,169,168,166,175,174,172,912,2
169,168,166,161,160,158,169,168,166,170,169,167,172,2
169,168,166,169,168,166,169,168,166,172,171,169,316,2
169,168,166,169,168,166,167,166,164,169,168,166,214,2
161,160,158,169,168,166,164,163,161,169,168,166,630,2
169,168,166,161,160,158,169,168,166,164,163,161,399,1
176,175,173,169,168,166,176,175,173,169,168,166,363,1
161,160,158,169,168,166,163,162,160,169,168,166,728,2
169,168,166,169,168,166,167,166,164,169,168,166,874,2
169,168,166,169,168,166,176,175,173,169,168,166,946,1
169,168,166,176,175,173,169,168,166,170,169,167,392,2
169,168,166,176,175,173,169,168,166,172,171,169,327,2
169,168,166,169,168,166,176,175,173,169,168,166,847,1
169,168,166,169,168,166,169,168,166,170,169,167,909,2
176,175,173,169,168,166,176,175,173,169,168,166,627,1
169,168,166,176,175,173,169,168,166,167,166,164,390,1
161,160,158,169,168,166,173,172,170,169,168,166,108,1
161,160,158,169,168,166,163,162,160,169,168,166,596,2
169,168,166,176,175,173,169,168,166,175,174,172,659,2
169,168,166,169,168,166,169,168,166,164,163,161,80,1
161,160,158,169,168,166,176,175,173,169,168,166,242,1
169,168,166,169,168,166,175,174,172,169,168,166,351,1
169,168,166,169,168,166,170,169,167,169,168,166,315,1
169,168,166,176,175,173,169,168,166,176,175,173,429,2
169,168,166,176,175,173,169,168,166,166,165,163,851,1
169,168,166,176,175,173,169,168,166,173,172,170,790,2
161,160,158,169,168,166,166,165,163,169,168,166,631,2
169,168,166,169,168,166,173,172,170,169,168,166,614,1
161,160,158,169,168,166,167,166,164,169,168,166,665,2
176,175,173,169,168,166,170,169,167,169,168,166,227,1
161,160,158,169,168,166,172,171,169,169,168,166,767,1
169,168,166,161,160,158,169,168,166,163,162,160,629,1
176,175,173,169,168,166,175,174,172,169,168,166,461,1
169,168,166,169,168,166,175,174,172,169,168,166,780,1
169,168,166,169,168,166,170,169,167,169,168,166,711,1
176,175,173,169,168,166,161,160,158,169,168,166,23,2
169,168,166,176,175,173,169,168,166,161,160,158,188,1
161,160,158,169,168,166,167,166,164,169,168,166,335,2
176,175,173,169,168,166,169,168,166,169,168,166,622,1
169,168,166,169,168,166,169,168,166,161,160,158,408,1
176,175,173,169,168,166,172,171,169,169,168,166,921,1
161,160,158,169,168,166,176,175,173,169,168,166,341,1
169,168,166,169,168,166,163,162,160,169,168,166,376,2
169,168,166,169,168,166,169,168,166,176,175,173,781,2
169,168,166,169,168,166,170,169,167,169,168,166,51,1
169,168,166,161,160,158,169,168,166,166,165,163,697,1
169,168,166,161,160,158,169,168,166,169,168,166,171,2
169,168,166,161,160,158,169,168,166,161,160,158,463,1
169,168,166,169,168,166,169,168,166,175,174,172,615,2
169,168,166,161,160,158,169,168,166,170,169,167,634,2
176,175,173,169,168,166,173,172,170,169,168,166,427,1
161,160,158,169,168,166,170,169,167,169,168,166,865,1
169,168,166,161,160,158,169,168,166,173,172,170,636,2
176,175,173,169,168,166,166,165,163,169,168,166,818,2
169,168,166,161,160,158,169,168,166,169,168,166,963,2
169,168,166,169,168,166,172,171,169,169,168,166,910,1
169,168,166,169,168,166,169,168,166,161,160,158,342,1
176,175,173,169,168,166,161,160,158,169,168,166,56,2
176,175,173,169,168,166,172,171,169,169,168,166,393,1
169,168,166,161,160,158,169,168,166,169,168,166,138,2
169,168,166,169,168,166,166,165,163,169,168,166,477,2
169,168,166,176,175,173,169,168,166,163,162,160,948,1
176,175,173,169,168,166,169,168,166,169,168,166,259,1
176,175,173,169,168,166,169,168,166,169,168,166,127,1
176,175,173,169,168,166,170,169,167,169,168,166,62,1
176,175,173,169,168,166,164,163,161,169,168,166,553,2
176,175,173,169,168,166,173,172,170,169,168,166,823,1
176,175,173,169,168,166,172,171,169,169,168,166,30,1
161,160,158,169,168,166,170,169,167,169,168,166,766,1
169,168,166,169,168,166,169,168,166,161,160,158,672,1
176,175,173,169,168,166,166,165,163,169,168,166,191,2
169,168,166,176,175,173,169,168,166,167,166,164,687,1
176,175,173,169,168,166,166,165,163,169,168,166,917,2
169,168,166,176,175,173,169,168,166,175,174,172,263,2
169,168,166,176,175,173,169,168,166,172,171,169,888,2
161,160,158,169,168,166,167,166,164,169,168,166,599,2
176,175,173,169,168,166,164,163,161,169,168,166,652,2
169,168,166,169,168,166,169,168,166,173,172,170,845,2
169,168,166,161,160,158,169,168,166,164,163,161,663,1
169,168,166,169,168,166,170,169,167,169,168,166,546,1
176,175,173,169,168,166,175,174,172,169,168,166,296,1
176,175,173,169,168,166,173,172,170,169,168,166,625,1
161,160,158,169,168,166,161,160,158,169,168,166,760,2
176,175,173,169,168,166,164,163,161,169,168,166,916,2
169,168,166,169,168,166,169,168,166,164,163,161,14,1
169,168,166,161,160,158,169,168,166,175,174,172,208,2
169,168,166,161,160,158,169,168,166,176,175,173,11,2
169,168,166,169,168,166,161,160,158,169,168,166,837,2
176,175,173,169,168,166,170,169,167,169,168,166,953,1
169,168,166,176,175,173,169,168,166,166,165,163,59,1
169,168,166,169,168,166,167,166,164,169,168,166,445,2
176,175,173,169,168,166,163,162,160,169,168,166,684,2
161,160,158,169,168,166,173,172,170,169,168,166,933,1
169,168,166,169,168,166,175,174,172,169,168,166,120,1
176,175,173,169,168,166,169,168,166,169,168,166,820,1
176,175,173,169,168,166,170,169,167,169,168,166,623,1
169,168,166,161,160,158,169,168,166,164,163,161,762,1
169,168,166,161,160,158,169,168,166,172,171,169,470,2
176,175,173,169,168,166,173,172,170,169,168,166,262,1
169,168,166,176,175,173,169,168,166,161,160,158,221,1
176,175,173,169,168,166,175,174,172,169,168,166,890,1
169,168,166,169,168,166,173,172,170,169,168,166,779,1
161,160,158,169,168,166,169,168,166,169,168,166,930,1
169,168,166,169,168,166,161,160,158,169,168,166,177,2
169,168,166,169,168,166,169,168,166,161,160,158,639,1
169,168,166,176,175,173,169,168,166,167,166,164,555,1
169,168,166,169,168,166,163,162,160,169,168,166,277,2
161,160,158,169,168,166,167,166,164,169,168,166,830,2
169,168,166,169,168,166,173,172,170,169,168,166,383,1
169,168,166,169,168,166,169,168,166,169,168,166,644,1
169,168,166,176,175,173,169,168,166,173,172,170,328,2
176,175,173,169,168,166,172,171,169,169,168,166,624,1
169,168,166,169,168,166,169,168,166,166,165,163,246,1
169,168,166,169,168,166,169,168,166,166,165,163,543,1
161,160,158,169,168,166,172,171,169,169,168,166,404,1
169,168,166,169,168,166,167,166,164,169,168,166,346,2
169,168,166,169,168,166,169,168,166,175,174,172,186,2
176,175,173,169,168,166,176,175,173,169,168,166,726,1
176,175,173,169,168,166,161,160,158,169,168,166,782,2
169,168,166,161,160,158,169,168,166,169,168,166,39,2
169,168,166,161,160,158,169,168,166,164,163,161,960,1
169,168,166,161,160,158,169,168,166,163,162,160,794,1
176,175,173,169,168,166,175,174,172,169,168,166,593,1
176,175,173,169,168,166,176,175,173,169,168,166,330,1
169,168,166,176,175,173,169,168,166,173,172,170,559,2
169,168,166,161,160,158,169,168,166,163,162,160,695,1
176,175,173,169,168,166,161,160,158,169,168,166,980,2
169,168,166,176,175,173,169,168,166,172,171,169,228,2
161,160,158,169,168,166,173,172,170,169,168,166,438,1
169,168,166,176,175,173,169,168,166,164,163,161,817,1
169,168,166,161,160,158,169,168,166,173,172,170,768,2
169,168,166,169,168,166,169,168,166,173,172,170,185,2
169,168,166,161,160,158,169,168,166,172,171,169,437,2
176,175,173,169,168,166,173,172,170,169,168,166,526,1
169,168,166,161,160,158,169,168,166,175,174,172,109,2
169,168,166,176,175,173,169,168,166,175,174,172,395,2
169,168,166,176,175,173,169,168,166,167,166,164,192,1
169,168,166,161,160,158,169,168,166,161,160,158,793,1
161,160,158,169,168,166,161,160,158,169,168,166,67,2
169,168,166,169,168,166,173,172,170,169,168,166,944,1
176,175,173,169,168,166,175,174,172,169,168,166,32,1
169,168,166,161,160,158,169,168,166,167,166,164,533,1
169,168,166,161,160,158,169,168,166,169,168,166,237,2
169,168,166,169,168,166,164,163,161,169,168,166,344,2
169,168,166,176,175,173,169,168,166,163,162,160,750,1
169,168,166,161,160,158,169,168,166,167,166,164,203,1
169,168,166,161,160,158,169,168,166,161,160,158,892,1
161,160,158,169,168,166,167,166,164,169,168,166,632,2
161,160,158,169,168,166,172,171,169,169,168,166,338,1
169,168,166,161,160,158,169,168,166,163,162,160,860,1
169,168,166,161,160,158,169,168,166,175,174,172,274,2
169,168,166,169,168,166,169,168,166,163,162,160,310,1
169,168,166,161,160,158,169,168,166,166,165,163,4,1
169,168,166,169,168,166,170,169,167,169,168,166,843,1
169,168,166,176,175,173,169,168,166,164,163,161,157,1
169,168,166,169,168,166,175,174,172,169,168,166,219,1
169,168,166,161,160,158,169,168,166,163,162,160,926,1
169,168,166,161,160,158,169,168,166,175,174,172,505,2
169,168,166,161,160,158,169,168,166,175,174,172,736,2
176,175,173,169,168,166,172,171,169,169,168,166,789,1
169,168,166,161,160,158,169,168,166,169,168,166,72,2
176,175,173,169,168,166,161,160,158,169,168,166,386,2
161,160,158,169,168,166,166,165,163,169,168,166,466,2
169,168,166,161,160,158,169,168,166,169,168,166,369,2
169,168,166,161,160,158,169,168,166,161,160,158,727,1
169,168,166,169,168,166,161,160,158,169,168,166,474,2
161,160,158,169,168,166,170,169,167,169,168,166,601,1
161,160,158,169,168,166,166,165,163,169,168,166,895,2
176,175,173,169,168,166,176,175,173,169,168,166,660,1
176,175,173,169,168,166,169,168,166,169,168,166,886,1
176,175,173,169,168,166,176,175,173,169,168,166,792,1
169,168,166,169,168,166,167,166,164,169,168,166,247,2
176,175,173,169,168,166,167,166,164,169,168,166,753,2
161,160,158,169,168,166,166,165,163,169,168,166,532,2
169,168,166,169,168,166,169,168,166,161,160,158,111,1
176,175,173,169,168,166,170,169,167,169,168,166,161,1
169,168,166,161,160,158,169,168,166,164,163,161,201,1
169,168,166,161,160,158,169,168,166,170,169,167,238,2
161,160,158,169,168,166,167,166,164,169,168,166,896,2
169,168,166,169,168,166,169,168,166,173,172,170,977,2
176,175,173,169,168,166,175,174,172,169,168,166,230,1
176,175,173,169,168,166,175,174,172,169,168,166,923,1
169,168,166,176,175,173,169,168,166,161,160,158,815,1
169,168,166,169,168,166,166,165,163,169,168,166,840,2
169,168,166,161,160,158,169,168,166,170,169,167,205,2
169,168,166,169,168,166,166,165,163,169,168,166,345,2
161,160,158,169,168,166,172,171,169,169,168,166,569,1
169,168,166,161,160,158,169,168,166,169,168,166,435,2
169,168,166,169,168,166,176,175,173,169,168,166,352,1
169,168,166,169,168,166,163,162,160,169,168,166,79,2
169,168,166,169,168,166,167,166,164,169,168,166,16,2
169,168,166,169,168,166,169,168,166,161,160,158,870,1
161,160,158,169,168,166,170,169,167,169,168,166,436,1
169,168,166,169,168,166,167,166,164,169,168,166,148,2
169,168,166,169,168,166,169,168,166,164,163,161,212,1
176,175,173,169,168,166,175,174,172,169,168,166,98,1
169,168,166,169,168,166,163,162,160,169,168,166,838,2
176,175,173,169,168,166,161,160,158,169,168,166,848,2
169,168,166,161,160,158,169,168,166,172,171,169,305,2
169,168,166,169,168,166,163,162,160,169,168,166,607,2
169,168,166,169,168,166,169,168,166,161,160,158,12,1
169,168,166,169,168,166,161,160,158,169,168,166,375,2
169,168,166,169,168,166,169,168,166,169,168,166,908,1
169,168,166,169,168,166,169,168,166,173,172,170,812,2
169,168,166,169,168,166,169,168,166,163,162,160,640,1
169,168,166,169,168,166,167,166,164,169,168,166,313,2
169,168,166,169,168,166,169,168,166,176,175,173,385,2
169,168,166,176,175,173,169,168,166,169,168,166,985,2
176,175,173,169,168,166,163,162,160,169,168,166,189,2
161,160,158,169,168,166,169,168,166,169,168,166,864,1
169,168,166,176,175,173,169,168,166,163,162,160,486,1
169,168,166,169,168,166,169,168,166,163,162,160,13,1
169,168,166,169,168,166,167,166,164,169,168,166,82,2
176,175,173,169,168,166,170,169,167,169,168,166,293,1
176,175,173,169,168,166,169,168,166,169,168,166,160,1
169,168,166,176,175,173,169,168,166,166,165,163,125,1
169,168,166,169,168,166,172,171,169,169,168,166,382,1
161,160,158,169,168,166,161,160,158,169,168,166,232,2
176,175,173,169,168,166,173,172,170,169,168,166,295,1
169,168,166,169,168,166,169,168,166,176,175,173,517,2
161,160,158,169,168,166,166,165,163,169,168,166,136,2
169,168,166,169,168,166,169,168,166,176,175,173,451,2
169,168,166,161,160,158,169,168,166,175,174,172,472,2
169,168,166,161,160,158,169,168,166,170,169,167,535,2
169,168,166,161,160,158,169,168,166,161,160,158,34,1
176,175,173,169,168,166,163,162,160,169,168,166,420,2
176,175,173,169,168,166,173,172,170,169,168,166,493,1
169,168,166,161,160,158,169,168,166,163,162,160,398,1
176,175,173,169,168,166,169,168,166,169,168,166,292,1
176,175,173,169,168,166,170,169,167,169,168,166,788,1
169,168,166,169,168,166,169,168,166,175,174,172,681,2
161,160,158,169,168,166,175,174,172,169,168,166,241,1
161,160,158,169,168,166,164,163,161,169,168,166,465,2
169,168,166,169,168,166,169,168,166,169,168,166,578,2
161,160,158,169,168,166,172,171,169,169,168,166,635,1
169,168,166,176,175,173,169,168,166,166,165,163,389,1
169,168,166,161,160,158,169,168,166,161,160,158,133,1
169,168,166,176,175,173,169,168,166,166,165,163,257,1
169,168,166,176,175,173,169,168,166,176,175,173,858,2
169,168,166,161,160,158,169,168,166,163,162,160,266,1
169,168,166,161,160,158,169,168,166,164,163,161,333,1
161,160,158,169,168,166,172,171,169,169,168,166,602,1
176,175,173,169,168,166,164,163,161,169,168,166,883,2
169,168,166,169,168,166,169,168,166,169,168,166,248,1
169,168,166,169,168,166,169,168,166,167,166,164,115,1
169,168,166,161,160,158,169,168,166,169,168,166,666,2
169,168,166,176,175,173,169,168,166,175,174,172,428,2
176,175,173,169,168,166,172,171,169,169,168,166,492,1
169,168,166,161,160,158,169,168,166,161,160,158,331,1
169,168,166,176,175,173,169,168,166,164,163,161,751,1
169,168,166,169,168,166,166,165,163,169,168,166,642,2
161,160,158,169,168,166,175,174,172,169,168,166,835,1
169,168,166,176,175,173,169,168,166,169,168,166,325,2
169,168,166,176,175,173,169,168,166,170,169,167,326,2
169,168,166,169,168,166,167,166,164,169,168,166,775,2
169,168,166,169,168,166,169,168,166,169,168,166,83,1
169,168,166,176,175,173,169,168,166,169,168,166,655,2
169,168,166,169,168,166,169,168,166,167,166,164,742,1
