90,90,90,100,100,100,102,102,102,100,100,100,931,1
100,100,100,90,90,90,100,100,100,92,92,92,332,1
110,110,110,100,100,100,92,92,92,100,100,100,618,2
100,100,100,110,110,110,100,100,100,98,98,98,885,1
100,100,100,100,100,100,100,100,100,90,90,90,540,1
100,100,100,110,110,110,100,100,100,98,98,98,456,1
90,90,90,100,100,100,106,106,106,100,100,100,966,1
90,90,90,100,100,100,98,98,98,100,100,100,797,2
100,100,100,90,90,90,100,100,100,94,94,94,366,1
110,110,110,100,100,100,102,102,102,100,100,100,920,1
100,100,100,110,110,110,100,100,100,90,90,90,452,1
90,90,90,100,100,100,110,110,110,100,100,100,704,1
100,100,100,90,90,90,100,100,100,110,110,110,869,2
110,110,110,100,100,100,106,106,106,100,100,100,658,1
90,90,90,100,100,100,100,100,100,100,100,100,105,1
100,100,100,100,100,100,106,106,106,100,100,100,548,1
110,110,110,100,100,100,90,90,90,100,100,100,518,2
100,100,100,110,110,110,100,100,100,106,106,106,724,2
90,90,90,100,100,100,110,110,110,100,100,100,275,1
90,90,90,100,100,100,94,94,94,100,100,100,300,2
110,110,110,100,100,100,100,100,100,100,100,100,556,1
100,100,100,110,110,110,100,100,100,110,110,110,297,2
100,100,100,100,100,100,110,110,110,100,100,100,814,1
100,100,100,110,110,110,100,100,100,90,90,90,287,1
100,100,100,110,110,110,100,100,100,100,100,100,193,2
110,110,110,100,100,100,96,96,96,100,100,100,323,2
100,100,100,110,110,110,100,100,100,102,102,102,557,2
100,100,100,110,110,110,100,100,100,100,100,100,787,2
90,90,90,100,100,100,90,90,90,100,100,100,397,2
90,90,90,100,100,100,94,94,94,100,100,100,102,2
100,100,100,110,110,110,100,100,100,94,94,94,421,1
100,100,100,100,100,100,100,100,100,100,100,100,809,1
100,100,100,90,90,90,100,100,100,110,110,110,44,2
100,100,100,90,90,90,100,100,100,106,106,106,735,2
110,110,110,100,100,100,110,110,110,100,100,100,264,1
100,100,100,90,90,90,100,100,100,96,96,96,862,1
100,100,100,90,90,90,100,100,100,100,100,100,534,2
100,100,100,110,110,110,100,100,100,98,98,98,93,1
100,100,100,90,90,90,100,100,100,106,106,106,603,2
90,90,90,100,100,100,90,90,90,100,100,100,859,2
110,110,110,100,100,100,96,96,96,100,100,100,719,2
90,90,90,100,100,100,106,106,106,100,100,100,867,1
110,110,110,100,100,100,110,110,110,100,100,100,891,1
100,100,100,100,100,100,100,100,100,92,92,92,409,1
90,90,90,100,100,100,106,106,106,100,100,100,273,1
100,100,100,100,100,100,100,100,100,90,90,90,309,1
110,110,110,100,100,100,92,92,92,100,100,100,156,2
90,90,90,100,100,100,104,104,104,100,100,100,668,1
90,90,90,100,100,100,108,108,108,100,100,100,604,1
90,90,90,100,100,100,102,102,102,100,100,100,271,1
100,100,100,90,90,90,100,100,100,106,106,106,75,2
100,100,100,100,100,100,96,96,96,100,100,100,906,2
100,100,100,90,90,90,100,100,100,90,90,90,1,1
110,110,110,100,100,100,98,98,98,100,100,100,720,2
100,100,100,100,100,100,110,110,110,100,100,100,748,1
100,100,100,100,100,100,98,98,98,100,100,100,643,2
100,100,100,110,110,110,100,100,100,100,100,100,226,2
110,110,110,100,100,100,102,102,102,100,100,100,194,1
90,90,90,100,100,100,104,104,104,100,100,100,272,1
100,100,100,110,110,110,100,100,100,102,102,102,986,2
100,100,100,100,100,100,102,102,102,100,100,100,579,1
100,100,100,90,90,90,100,100,100,108,108,108,538,2
110,110,110,100,100,100,98,98,98,100,100,100,588,2
90,90,90,100,100,100,100,100,100,100,100,100,501,1
110,110,110,100,100,100,100,100,100,100,100,100,391,1
100,100,100,90,90,90,100,100,100,92,92,92,827,1
100,100,100,100,100,100,100,100,100,90,90,90,243,1
100,100,100,90,90,90,100,100,100,90,90,90,628,1
110,110,110,100,100,100,102,102,102,100,100,100,458,1
100,100,100,90,90,90,100,100,100,110,110,110,440,2
110,110,110,100,100,100,92,92,92,100,100,100,849,2
100,100,100,100,100,100,100,100,100,90,90,90,45,1
90,90,90,100,100,100,104,104,104,100,100,100,833,1
110,110,110,100,100,100,104,104,104,100,100,100,63,1
90,90,90,100,100,100,98,98,98,100,100,100,236,2
110,110,110,100,100,100,106,106,106,100,100,100,163,1
100,100,100,90,90,90,100,100,100,96,96,96,367,1
110,110,110,100,100,100,106,106,106,100,100,100,592,1
100,100,100,100,100,100,100,100,100,94,94,94,443,1
100,100,100,90,90,90,100,100,100,108,108,108,934,2
110,110,110,100,100,100,98,98,98,100,100,100,621,2
110,110,110,100,100,100,108,108,108,100,100,100,131,1
100,100,100,100,100,100,100,100,100,98,98,98,841,1
100,100,100,100,100,100,100,100,100,90,90,90,903,1
100,100,100,110,110,110,100,100,100,108,108,108,857,2
100,100,100,90,90,90,100,100,100,90,90,90,298,1
100,100,100,100,100,100,104,104,104,100,100,100,250,1
100,100,100,110,110,110,100,100,100,110,110,110,132,2
100,100,100,100,100,100,100,100,100,106,106,106,317,2
100,100,100,90,90,90,100,100,100,96,96,96,70,1
100,100,100,100,100,100,100,100,100,106,106,106,152,2
100,100,100,100,100,100,100,100,100,108,108,108,318,2
100,100,100,110,110,110,100,100,100,92,92,92,387,1
100,100,100,110,110,110,100,100,100,98,98,98,357,1
100,100,100,110,110,110,100,100,100,94,94,94,124,1
100,100,100,90,90,90,100,100,100,98,98,98,302,1
110,110,110,100,100,100,94,94,94,100,100,100,850,2
90,90,90,100,100,100,96,96,96,100,100,100,829,2
100,100,100,110,110,110,100,100,100,98,98,98,159,1
100,100,100,90,90,90,100,100,100,106,106,106,669,2
90,90,90,100,100,100,94,94,94,100,100,100,36,2
100,100,100,100,100,100,94,94,94,100,100,100,377,2
90,90,90,100,100,100,98,98,98,100,100,100,731,2
100,100,100,110,110,110,100,100,100,94,94,94,454,1
100,100,100,100,100,100,100,100,100,110,110,110,682,2
110,110,110,100,100,100,110,110,110,100,100,100,198,1
110,110,110,100,100,100,92,92,92,100,100,100,915,2
110,110,110,100,100,100,90,90,90,100,100,100,551,2
90,90,90,100,100,100,90,90,90,100,100,100,661,2
90,90,90,100,100,100,100,100,100,100,100,100,336,1
100,100,100,100,100,100,100,100,100,100,100,100,446,1
100,100,100,100,100,100,94,94,94,100,100,100,839,2
110,110,110,100,100,100,90,90,90,100,100,100,320,2
100,100,100,100,100,100,106,106,106,100,100,100,119,1
100,100,100,100,100,100,110,110,110,100,100,100,583,1
90,90,90,100,100,100,90,90,90,100,100,100,496,2
100,100,100,110,110,110,100,100,100,106,106,106,691,2
100,100,100,100,100,100,100,100,100,92,92,92,574,1
100,100,100,100,100,100,110,110,110,100,100,100,253,1
100,100,100,100,100,100,110,110,110,100,100,100,319,1
90,90,90,100,100,100,94,94,94,100,100,100,696,2
110,110,110,100,100,100,98,98,98,100,100,100,126,2
100,100,100,110,110,110,100,100,100,108,108,108,164,2
90,90,90,100,100,100,106,106,106,100,100,100,702,1
100,100,100,90,90,90,100,100,100,94,94,94,795,1
100,100,100,90,90,90,100,100,100,106,106,106,570,2
100,100,100,90,90,90,100,100,100,102,102,102,898,2
110,110,110,100,100,100,96,96,96,100,100,100,356,2
110,110,110,100,100,100,100,100,100,100,100,100,358,1
100,100,100,100,100,100,100,100,100,106,106,106,680,2
100,100,100,100,100,100,100,100,100,94,94,94,146,1
100,100,100,100,100,100,100,100,100,102,102,102,480,2
100,100,100,110,110,110,100,100,100,90,90,90,914,1
90,90,90,100,100,100,102,102,102,100,100,100,73,1
100,100,100,100,100,100,100,100,100,106,106,106,746,2
100,100,100,100,100,100,100,100,100,90,90,90,276,1
100,100,100,100,100,100,100,100,100,100,100,100,842,2
100,100,100,100,100,100,92,92,92,100,100,100,541,2
110,110,110,100,100,100,100,100,100,100,100,100,457,1
110,110,110,100,100,100,108,108,108,100,100,100,725,1
100,100,100,90,90,90,100,100,100,98,98,98,401,1
100,100,100,100,100,100,100,100,100,102,102,102,18,2
100,100,100,110,110,110,100,100,100,92,92,92,816,1
100,100,100,90,90,90,100,100,100,96,96,96,928,1
90,90,90,100,100,100,92,92,92,100,100,100,2,2
90,90,90,100,100,100,106,106,106,100,100,100,537,1
100,100,100,100,100,100,100,100,100,104,104,104,481,2
100,100,100,90,90,90,100,100,100,96,96,96,730,1
100,100,100,110,110,110,100,100,100,110,110,110,924,2
110,110,110,100,100,100,108,108,108,100,100,100,494,1
110,110,110,100,100,100,94,94,94,100,100,100,355,2
100,100,100,100,100,100,100,100,100,90,90,90,606,1
100,100,100,100,100,100,106,106,106,100,100,100,86,1
90,90,90,100,100,100,106,106,106,100,100,100,141,1
100,100,100,100,100,100,94,94,94,100,100,100,47,2
100,100,100,100,100,100,100,100,100,100,100,100,974,1
110,110,110,100,100,100,100,100,100,100,100,100,94,1
90,90,90,100,100,100,100,100,100,100,100,100,6,1
90,90,90,100,100,100,94,94,94,100,100,100,564,2
100,100,100,100,100,100,108,108,108,100,100,100,450,1
100,100,100,110,110,110,100,100,100,102,102,102,359,2
100,100,100,90,90,90,100,100,100,94,94,94,135,1
100,100,100,110,110,110,100,100,100,110,110,110,396,2
110,110,110,100,100,100,102,102,102,100,100,100,590,1
100,100,100,100,100,100,100,100,100,102,102,102,282,2
100,100,100,100,100,100,100,100,100,100,100,100,149,2
90,90,90,100,100,100,108,108,108,100,100,100,406,1
110,110,110,100,100,100,92,92,92,100,100,100,24,2
100,100,100,90,90,90,100,100,100,96,96,96,598,1
100,100,100,100,100,100,94,94,94,100,100,100,905,2
100,100,100,110,110,110,100,100,100,108,108,108,626,2
100,100,100,100,100,100,100,100,100,96,96,96,741,1
100,100,100,100,100,100,100,100,100,92,92,92,343,1
100,100,100,110,110,110,100,100,100,92,92,92,552,1
100,100,100,100,100,100,100,100,100,92,92,92,805,1
100,100,100,100,100,100,100,100,100,100,100,100,677,2
90,90,90,100,100,100,104,104,104,100,100,100,701,1
90,90,90,100,100,100,94,94,94,100,100,100,267,2
100,100,100,100,100,100,108,108,108,100,100,100,54,1
100,100,100,100,100,100,108,108,108,100,100,100,813,1
110,110,110,100,100,100,94,94,94,100,100,100,91,2
100,100,100,100,100,100,90,90,90,100,100,100,804,2
100,100,100,90,90,90,100,100,100,96,96,96,37,1
100,100,100,90,90,90,100,100,100,102,102,102,667,2
100,100,100,100,100,100,100,100,100,102,102,102,810,2
110,110,110,100,100,100,106,106,106,100,100,100,922,1
90,90,90,100,100,100,94,94,94,100,100,100,3,2
110,110,110,100,100,100,98,98,98,100,100,100,654,2
100,100,100,90,90,90,100,100,100,104,104,104,965,2
100,100,100,90,90,90,100,100,100,100,100,100,765,2
100,100,100,100,100,100,100,100,100,94,94,94,938,1
110,110,110,100,100,100,90,90,90,100,100,100,254,2
100,100,100,90,90,90,100,100,100,104,104,104,536,2
100,100,100,100,100,100,106,106,106,100,100,100,53,1
100,100,100,100,100,100,110,110,110,100,100,100,880,1
100,100,100,100,100,100,94,94,94,100,100,100,971,2
100,100,100,110,110,110,100,100,100,102,102,102,260,2
100,100,100,100,100,100,100,100,100,98,98,98,181,1
100,100,100,90,90,90,100,100,100,92,92,92,299,1
100,100,100,100,100,100,100,100,100,96,96,96,873,1
100,100,100,100,100,100,104,104,104,100,100,100,712,1
90,90,90,100,100,100,108,108,108,100,100,100,571,1
90,90,90,100,100,100,102,102,102,100,100,100,469,1
100,100,100,90,90,90,100,100,100,106,106,106,405,2
100,100,100,100,100,100,104,104,104,100,100,100,85,1
100,100,100,100,100,100,100,100,100,102,102,102,447,2
100,100,100,100,100,100,100,100,100,100,100,100,347,2
100,100,100,90,90,90,100,100,100,102,102,102,106,2
110,110,110,100,100,100,92,92,92,100,100,100,717,2
100,100,100,100,100,100,106,106,106,100,100,100,713,1
100,100,100,100,100,100,92,92,92,100,100,100,937,2
100,100,100,100,100,100,102,102,102,100,100,100,117,1
110,110,110,100,100,100,90,90,90,100,100,100,617,2
100,100,100,100,100,100,110,110,110,100,100,100,55,1
100,100,100,110,110,110,100,100,100,110,110,110,66,2
110,110,110,100,100,100,94,94,94,100,100,100,784,2
110,110,110,100,100,100,92,92,92,100,100,100,90,2
100,100,100,100,100,100,94,94,94,100,100,100,641,2
100,100,100,110,110,110,100,100,100,96,96,96,224,1
100,100,100,100,100,100,100,100,100,96,96,96,576,1
100,100,100,110,110,110,100,100,100,108,108,108,824,2
100,100,100,100,100,100,104,104,104,100,100,100,151,1
100,100,100,110,110,110,100,100,100,104,104,104,459,2
100,100,100,110,110,110,100,100,100,92,92,92,222,1
100,100,100,90,90,90,100,100,100,90,90,90,199,1
110,110,110,100,100,100,104,104,104,100,100,100,657,1
100,100,100,100,100,100,100,100,100,90,90,90,573,1
110,110,110,100,100,100,108,108,108,100,100,100,560,1
90,90,90,100,100,100,108,108,108,100,100,100,637,1
110,110,110,100,100,100,96,96,96,100,100,100,983,2
100,100,100,100,100,100,100,100,100,98,98,98,280,1
100,100,100,90,90,90,100,100,100,110,110,110,935,2
100,100,100,100,100,100,102,102,102,100,100,100,381,1
100,100,100,90,90,90,100,100,100,98,98,98,104,1
100,100,100,110,110,110,100,100,100,90,90,90,122,1
110,110,110,100,100,100,98,98,98,100,100,100,324,2
90,90,90,100,100,100,108,108,108,100,100,100,868,1
100,100,100,90,90,90,100,100,100,106,106,106,339,2
110,110,110,100,100,100,94,94,94,100,100,100,487,2
110,110,110,100,100,100,94,94,94,100,100,100,223,2
100,100,100,110,110,110,100,100,100,104,104,104,360,2
100,100,100,110,110,110,100,100,100,106,106,106,361,2
110,110,110,100,100,100,110,110,110,100,100,100,561,1
100,100,100,100,100,100,100,100,100,106,106,106,449,2
90,90,90,100,100,100,108,108,108,100,100,100,439,1
100,100,100,100,100,100,110,110,110,100,100,100,418,1
100,100,100,110,110,110,100,100,100,92,92,92,57,1
100,100,100,100,100,100,100,100,100,104,104,104,118,2
110,110,110,100,100,100,96,96,96,100,100,100,653,2
100,100,100,90,90,90,100,100,100,90,90,90,430,1
90,90,90,100,100,100,102,102,102,100,100,100,502,1
100,100,100,110,110,110,100,100,100,110,110,110,693,2
90,90,90,100,100,100,90,90,90,100,100,100,958,2
100,100,100,90,90,90,100,100,100,100,100,100,303,2
100,100,100,90,90,90,100,100,100,106,106,106,372,2
110,110,110,100,100,100,108,108,108,100,100,100,362,1
110,110,110,100,100,100,96,96,96,100,100,100,488,2
100,100,100,100,100,100,100,100,100,94,94,94,245,1
100,100,100,110,110,110,100,100,100,110,110,110,957,2
90,90,90,100,100,100,98,98,98,100,100,100,170,2
90,90,90,100,100,100,110,110,110,100,100,100,671,1
100,100,100,100,100,100,100,100,100,106,106,106,416,2
100,100,100,100,100,100,108,108,108,100,100,100,516,1
100,100,100,100,100,100,100,100,100,100,100,100,479,2
100,100,100,100,100,100,100,100,100,100,100,100,743,2
100,100,100,100,100,100,108,108,108,100,100,100,285,1
90,90,90,100,100,100,90,90,90,100,100,100,826,2
100,100,100,100,100,100,92,92,92,100,100,100,508,2
100,100,100,110,110,110,100,100,100,104,104,104,525,2
100,100,100,100,100,100,108,108,108,100,100,100,945,1
90,90,90,100,100,100,104,104,104,100,100,100,140,1
100,100,100,90,90,90,100,100,100,98,98,98,566,1
90,90,90,100,100,100,94,94,94,100,100,100,828,2
110,110,110,100,100,100,108,108,108,100,100,100,197,1
110,110,110,100,100,100,106,106,106,100,100,100,889,1
100,100,100,100,100,100,96,96,96,100,100,100,675,2
100,100,100,100,100,100,108,108,108,100,100,100,252,1
100,100,100,100,100,100,100,100,100,104,104,104,811,2
100,100,100,110,110,110,100,100,100,110,110,110,165,2
100,100,100,100,100,100,110,110,110,100,100,100,979,1
100,100,100,110,110,110,100,100,100,102,102,102,656,2
110,110,110,100,100,100,100,100,100,100,100,100,28,1
110,110,110,100,100,100,92,92,92,100,100,100,453,2
100,100,100,100,100,100,104,104,104,100,100,100,184,1
100,100,100,100,100,100,104,104,104,100,100,100,283,1
100,100,100,100,100,100,92,92,92,100,100,100,706,2
100,100,100,100,100,100,100,100,100,106,106,106,515,2
100,100,100,100,100,100,100,100,100,100,100,100,545,2
100,100,100,90,90,90,100,100,100,104,104,104,41,2
90,90,90,100,100,100,108,108,108,100,100,100,769,1
100,100,100,90,90,90,100,100,100,104,104,104,734,2
100,100,100,100,100,100,100,100,100,96,96,96,180,1
90,90,90,100,100,100,106,106,106,100,100,100,9,1
100,100,100,90,90,90,100,100,100,106,106,106,504,2
100,100,100,110,110,110,100,100,100,92,92,92,981,1
90,90,90,100,100,100,92,92,92,100,100,100,497,2
100,100,100,90,90,90,100,100,100,102,102,102,832,2
100,100,100,100,100,100,110,110,110,100,100,100,286,1
100,100,100,100,100,100,108,108,108,100,100,100,87,1
100,100,100,100,100,100,110,110,110,100,100,100,22,1
100,100,100,100,100,100,100,100,100,94,94,94,872,1
110,110,110,100,100,100,98,98,98,100,100,100,819,2
100,100,100,100,100,100,100,100,100,108,108,108,417,2
100,100,100,90,90,90,100,100,100,96,96,96,763,1
90,90,90,100,100,100,92,92,92,100,100,100,35,2
100,100,100,110,110,110,100,100,100,100,100,100,721,2
110,110,110,100,100,100,98,98,98,100,100,100,918,2
100,100,100,100,100,100,100,100,100,94,94,94,311,1
110,110,110,100,100,100,90,90,90,100,100,100,89,2
100,100,100,100,100,100,100,100,100,102,102,102,777,2
100,100,100,100,100,100,98,98,98,100,100,100,610,2
100,100,100,100,100,100,98,98,98,100,100,100,907,2
100,100,100,100,100,100,100,100,100,102,102,102,612,2
110,110,110,100,100,100,110,110,110,100,100,100,231,1
100,100,100,100,100,100,100,100,100,96,96,96,411,1
100,100,100,100,100,100,100,100,100,108,108,108,153,2
100,100,100,110,110,110,100,100,100,94,94,94,256,1
100,100,100,100,100,100,100,100,100,94,94,94,707,1
100,100,100,110,110,110,100,100,100,100,100,100,589,2
90,90,90,100,100,100,104,104,104,100,100,100,239,1
100,100,100,110,110,110,100,100,100,96,96,96,422,1
100,100,100,100,100,100,100,100,100,110,110,110,121,2
90,90,90,100,100,100,94,94,94,100,100,100,729,2
100,100,100,90,90,90,100,100,100,92,92,92,167,1
100,100,100,100,100,100,98,98,98,100,100,100,973,2
100,100,100,90,90,90,100,100,100,106,106,106,834,2
90,90,90,100,100,100,108,108,108,100,100,100,43,1
110,110,110,100,100,100,92,92,92,100,100,100,519,2
100,100,100,100,100,100,100,100,100,92,92,92,112,1
90,90,90,100,100,100,90,90,90,100,100,100,265,2
110,110,110,100,100,100,90,90,90,100,100,100,881,2
90,90,90,100,100,100,110,110,110,100,100,100,176,1
100,100,100,110,110,110,100,100,100,104,104,104,195,2
100,100,100,100,100,100,100,100,100,108,108,108,714,2
110,110,110,100,100,100,110,110,110,100,100,100,825,1
100,100,100,100,100,100,100,100,100,94,94,94,509,1
100,100,100,100,100,100,100,100,100,96,96,96,708,1
110,110,110,100,100,100,98,98,98,100,100,100,489,2
100,100,100,90,90,90,100,100,100,98,98,98,71,1
90,90,90,100,100,100,100,100,100,100,100,100,468,1
110,110,110,100,100,100,102,102,102,100,100,100,755,1
100,100,100,110,110,110,100,100,100,104,104,104,690,2
90,90,90,100,100,100,106,106,106,100,100,100,174,1
110,110,110,100,100,100,100,100,100,100,100,100,61,1
90,90,90,100,100,100,94,94,94,100,100,100,234,2
100,100,100,90,90,90,100,100,100,110,110,110,968,2
100,100,100,90,90,90,100,100,100,102,102,102,7,2
100,100,100,100,100,100,100,100,100,90,90,90,78,1
110,110,110,100,100,100,96,96,96,100,100,100,158,2
100,100,100,110,110,110,100,100,100,98,98,98,786,1
100,100,100,110,110,110,100,100,100,92,92,92,882,1
100,100,100,110,110,110,100,100,100,96,96,96,785,1
100,100,100,100,100,100,100,100,100,96,96,96,939,1
90,90,90,100,100,100,96,96,96,100,100,100,664,2
100,100,100,100,100,100,100,100,100,108,108,108,978,2
90,90,90,100,100,100,106,106,106,100,100,100,900,1
90,90,90,100,100,100,94,94,94,100,100,100,927,2
100,100,100,90,90,90,100,100,100,110,110,110,572,2
100,100,100,110,110,110,100,100,100,92,92,92,585,1
100,100,100,100,100,100,94,94,94,100,100,100,542,2
100,100,100,110,110,110,100,100,100,110,110,110,594,2
100,100,100,90,90,90,100,100,100,98,98,98,368,1
100,100,100,100,100,100,94,94,94,100,100,100,773,2
90,90,90,100,100,100,110,110,110,100,100,100,836,1
100,100,100,100,100,100,110,110,110,100,100,100,649,1
100,100,100,100,100,100,100,100,100,106,106,106,647,2
100,100,100,100,100,100,100,100,100,100,100,100,116,1
100,100,100,100,100,100,100,100,100,104,104,104,745,2
110,110,110,100,100,100,104,104,104,100,100,100,261,1
100,100,100,100,100,100,98,98,98,100,100,100,478,2
100,100,100,100,100,100,100,100,100,98,98,98,577,1
90,90,90,100,100,100,92,92,92,100,100,100,233,2
100,100,100,100,100,100,110,110,110,100,100,100,616,1
100,100,100,90,90,90,100,100,100,96,96,96,235,1
100,100,100,110,110,110,100,100,100,98,98,98,60,1
90,90,90,100,100,100,90,90,90,100,100,100,694,2
100,100,100,90,90,90,100,100,100,110,110,110,77,2
100,100,100,100,100,100,100,100,100,102,102,102,975,2
100,100,100,100,100,100,94,94,94,100,100,100,278,2
100,100,100,90,90,90,100,100,100,110,110,110,638,2
100,100,100,100,100,100,100,100,100,106,106,106,218,2
100,100,100,100,100,100,100,100,100,96,96,96,510,1
100,100,100,100,100,100,100,100,100,108,108,108,846,2
90,90,90,100,100,100,92,92,92,100,100,100,101,2
100,100,100,110,110,110,100,100,100,94,94,94,982,1
100,100,100,90,90,90,100,100,100,100,100,100,798,2
90,90,90,100,100,100,110,110,110,100,100,100,605,1
110,110,110,100,100,100,94,94,94,100,100,100,190,2
110,110,110,100,100,100,102,102,102,100,100,100,95,1
100,100,100,100,100,100,100,100,100,108,108,108,21,2
90,90,90,100,100,100,100,100,100,100,100,100,600,1
110,110,110,100,100,100,98,98,98,100,100,100,258,2
100,100,100,110,110,110,100,100,100,96,96,96,521,1
100,100,100,110,110,110,100,100,100,94,94,94,388,1
100,100,100,110,110,110,100,100,100,94,94,94,289,1
100,100,100,100,100,100,92,92,92,100,100,100,970,2
100,100,100,90,90,90,100,100,100,110,110,110,770,2
90,90,90,100,100,100,98,98,98,100,100,100,962,2
110,110,110,100,100,100,90,90,90,100,100,100,650,2
100,100,100,100,100,100,100,100,100,108,108,108,549,2
100,100,100,90,90,90,100,100,100,104,104,104,932,2
100,100,100,100,100,100,100,100,100,104,104,104,844,2
100,100,100,90,90,90,100,100,100,102,102,102,40,2
100,100,100,110,110,110,100,100,100,90,90,90,716,1
100,100,100,110,110,110,100,100,100,94,94,94,520,1
100,100,100,110,110,110,100,100,100,100,100,100,490,2
90,90,90,100,100,100,108,108,108,100,100,100,76,1
100,100,100,90,90,90,100,100,100,92,92,92,662,1
100,100,100,100,100,100,94,94,94,100,100,100,476,2
100,100,100,100,100,100,104,104,104,100,100,100,415,1
100,100,100,90,90,90,100,100,100,104,104,104,899,2
100,100,100,100,100,100,100,100,100,100,100,100,281,1
100,100,100,110,110,110,100,100,100,108,108,108,758,2
100,100,100,100,100,100,100,100,100,102,102,102,348,2
100,100,100,90,90,90,100,100,100,90,90,90,166,1
100,100,100,100,100,100,100,100,100,108,108,108,384,2
100,100,100,100,100,100,100,100,100,100,100,100,17,1
90,90,90,100,100,100,104,104,104,100,100,100,800,1
90,90,90,100,100,100,104,104,104,100,100,100,107,1
100,100,100,100,100,100,100,100,100,92,92,92,145,1
100,100,100,100,100,100,110,110,110,100,100,100,88,1
100,100,100,110,110,110,100,100,100,102,102,102,425,2
90,90,90,100,100,100,104,104,104,100,100,100,8,1
90,90,90,100,100,100,96,96,96,100,100,100,433,2
110,110,110,100,100,100,96,96,96,100,100,100,92,2
100,100,100,90,90,90,100,100,100,92,92,92,563,1
110,110,110,100,100,100,98,98,98,100,100,100,225,2
90,90,90,100,100,100,108,108,108,100,100,100,967,1
100,100,100,110,110,110,100,100,100,106,106,106,229,2
100,100,100,90,90,90,100,100,100,110,110,110,209,2
100,100,100,100,100,100,100,100,100,100,100,100,875,1
90,90,90,100,100,100,90,90,90,100,100,100,925,2
100,100,100,110,110,110,100,100,100,96,96,96,752,1
100,100,100,90,90,90,100,100,100,98,98,98,434,1
90,90,90,100,100,100,98,98,98,100,100,100,137,2
100,100,100,90,90,90,100,100,100,100,100,100,204,2
100,100,100,110,110,110,100,100,100,106,106,106,460,2
110,110,110,100,100,100,100,100,100,100,100,100,853,1
100,100,100,100,100,100,100,100,100,96,96,96,15,1
100,100,100,90,90,90,100,100,100,98,98,98,269,1
110,110,110,100,100,100,104,104,104,100,100,100,591,1
100,100,100,90,90,90,100,100,100,96,96,96,268,1
100,100,100,100,100,100,100,100,100,102,102,102,645,2
100,100,100,100,100,100,104,104,104,100,100,100,52,1
90,90,90,100,100,100,108,108,108,100,100,100,10,1
110,110,110,100,100,100,92,92,92,100,100,100,651,2
100,100,100,90,90,90,100,100,100,100,100,100,732,2
110,110,110,100,100,100,102,102,102,100,100,100,689,1
100,100,100,100,100,100,100,100,100,96,96,96,378,1
100,100,100,100,100,100,104,104,104,100,100,100,349,1
110,110,110,100,100,100,98,98,98,100,100,100,291,2
100,100,100,90,90,90,100,100,100,108,108,108,307,2
110,110,110,100,100,100,96,96,96,100,100,100,26,2
90,90,90,100,100,100,104,104,104,100,100,100,206,1
100,100,100,100,100,100,100,100,100,110,110,110,484,2
110,110,110,100,100,100,106,106,106,100,100,100,955,1
100,100,100,100,100,100,100,100,100,92,92,92,739,1
110,110,110,100,100,100,96,96,96,100,100,100,620,2
100,100,100,100,100,100,104,104,104,100,100,100,943,1
100,100,100,110,110,110,100,100,100,110,110,110,99,2
100,100,100,100,100,100,92,92,92,100,100,100,211,2
100,100,100,110,110,110,100,100,100,96,96,96,455,1
100,100,100,110,110,110,100,100,100,106,106,106,64,2
90,90,90,100,100,100,108,108,108,100,100,100,703,1
100,100,100,100,100,100,100,100,100,96,96,96,147,1
90,90,90,100,100,100,100,100,100,100,100,100,699,1
100,100,100,90,90,90,100,100,100,92,92,92,761,1
100,100,100,100,100,100,100,100,100,100,100,100,314,1
100,100,100,100,100,100,100,100,100,100,100,100,710,2
110,110,110,100,100,100,106,106,106,100,100,100,394,1
110,110,110,100,100,100,106,106,106,100,100,100,196,1
90,90,90,100,100,100,90,90,90,100,100,100,364,2
100,100,100,90,90,90,100,100,100,108,108,108,142,2
90,90,90,100,100,100,94,94,94,100,100,100,894,2
100,100,100,100,100,100,100,100,100,110,110,110,154,2
100,100,100,100,100,100,90,90,90,100,100,100,441,2
100,100,100,100,100,100,100,100,100,110,110,110,715,2
100,100,100,100,100,100,100,100,100,104,104,104,514,2
110,110,110,100,100,100,96,96,96,100,100,100,884,2
100,100,100,100,100,100,102,102,102,100,100,100,513,1
100,100,100,110,110,110,100,100,100,94,94,94,949,1
100,100,100,90,90,90,100,100,100,96,96,96,565,1
100,100,100,110,110,110,100,100,100,110,110,110,462,2
100,100,100,110,110,110,100,100,100,90,90,90,419,1
100,100,100,100,100,100,100,100,100,104,104,104,217,2
90,90,90,100,100,100,96,96,96,100,100,100,301,2
100,100,100,110,110,110,100,100,100,96,96,96,290,1
100,100,100,100,100,100,110,110,110,100,100,100,187,1
100,100,100,90,90,90,100,100,100,106,106,106,801,2
100,100,100,90,90,90,100,100,100,90,90,90,100,1
100,100,100,100,100,100,100,100,100,90,90,90,969,1
100,100,100,100,100,100,100,100,100,90,90,90,738,1
100,100,100,110,110,110,100,100,100,108,108,108,692,2
90,90,90,100,100,100,94,94,94,100,100,100,861,2
100,100,100,100,100,100,100,100,100,100,100,100,215,2
110,110,110,100,100,100,106,106,106,100,100,100,130,1
90,90,90,100,100,100,108,108,108,100,100,100,670,1
100,100,100,90,90,90,100,100,100,92,92,92,893,1
100,100,100,100,100,100,102,102,102,100,100,100,414,1
100,100,100,90,90,90,100,100,100,110,110,110,539,2
90,90,90,100,100,100,102,102,102,100,100,100,370,1
90,90,90,100,100,100,92,92,92,100,100,100,365,2
100,100,100,110,110,110,100,100,100,108,108,108,65,2
100,100,100,90,90,90,100,100,100,106,106,106,306,2
100,100,100,90,90,90,100,100,100,98,98,98,467,1
100,100,100,90,90,90,100,100,100,110,110,110,374,2
100,100,100,100,100,100,94,94,94,100,100,100,608,2
110,110,110,100,100,100,98,98,98,100,100,100,951,2
90,90,90,100,100,100,102,102,102,100,100,100,304,1
100,100,100,90,90,90,100,100,100,96,96,96,202,1
90,90,90,100,100,100,104,104,104,100,100,100,371,1
110,110,110,100,100,100,92,92,92,100,100,100,354,2
100,100,100,90,90,90,100,100,100,104,104,104,866,2
100,100,100,100,100,100,100,100,100,104,104,104,778,2
110,110,110,100,100,100,104,104,104,100,100,100,294,1
90,90,90,100,100,100,106,106,106,100,100,100,240,1
100,100,100,100,100,100,92,92,92,100,100,100,475,2
100,100,100,90,90,90,100,100,100,108,108,108,340,2
100,100,100,90,90,90,100,100,100,92,92,92,68,1
100,100,100,100,100,100,92,92,92,100,100,100,442,2
100,100,100,110,110,110,100,100,100,102,102,102,887,2
100,100,100,100,100,100,98,98,98,100,100,100,49,2
90,90,90,100,100,100,104,104,104,100,100,100,74,1
100,100,100,100,100,100,100,100,100,96,96,96,774,1
100,100,100,100,100,100,98,98,98,100,100,100,709,2
100,100,100,110,110,110,100,100,100,110,110,110,759,2
110,110,110,100,100,100,100,100,100,100,100,100,952,1
100,100,100,100,100,100,102,102,102,100,100,100,249,1
100,100,100,90,90,90,100,100,100,96,96,96,103,1
100,100,100,110,110,110,100,100,100,110,110,110,33,2
100,100,100,110,110,110,100,100,100,108,108,108,527,2
90,90,90,100,100,100,94,94,94,100,100,100,432,2
100,100,100,110,110,110,100,100,100,104,104,104,987,2
100,100,100,100,100,100,96,96,96,100,100,100,972,2
110,110,110,100,100,100,102,102,102,100,100,100,524,1
100,100,100,100,100,100,98,98,98,100,100,100,676,2
100,100,100,100,100,100,102,102,102,100,100,100,216,1
110,110,110,100,100,100,100,100,100,100,100,100,523,1
100,100,100,110,110,110,100,100,100,108,108,108,791,2
100,100,100,110,110,110,100,100,100,94,94,94,586,1
100,100,100,110,110,110,100,100,100,106,106,106,988,2
110,110,110,100,100,100,94,94,94,100,100,100,322,2
100,100,100,100,100,100,92,92,92,100,100,100,673,2
100,100,100,100,100,100,100,100,100,100,100,100,413,1
110,110,110,100,100,100,90,90,90,100,100,100,683,2
100,100,100,100,100,100,98,98,98,100,100,100,544,2
90,90,90,100,100,100,96,96,96,100,100,100,400,2
100,100,100,100,100,100,94,94,94,100,100,100,575,2
110,110,110,100,100,100,90,90,90,100,100,100,947,2
100,100,100,90,90,90,100,100,100,100,100,100,831,2
100,100,100,90,90,90,100,100,100,100,100,100,897,2
100,100,100,110,110,110,100,100,100,90,90,90,353,1
100,100,100,100,100,100,100,100,100,90,90,90,705,1
90,90,90,100,100,100,110,110,110,100,100,100,902,1
100,100,100,100,100,100,100,100,100,104,104,104,547,2
90,90,90,100,100,100,94,94,94,100,100,100,168,2
90,90,90,100,100,100,108,108,108,100,100,100,802,1
100,100,100,100,100,100,100,100,100,102,102,102,183,2
90,90,90,100,100,100,108,108,108,100,100,100,901,1
110,110,110,100,100,100,102,102,102,100,100,100,128,1
100,100,100,110,110,110,100,100,100,96,96,96,950,1
100,100,100,100,100,100,100,100,100,104,104,104,448,2
90,90,90,100,100,100,96,96,96,100,100,100,499,2
100,100,100,90,90,90,100,100,100,90,90,90,595,1
100,100,100,100,100,100,100,100,100,100,100,100,380,1
100,100,100,90,90,90,100,100,100,98,98,98,863,1
100,100,100,110,110,110,100,100,100,94,94,94,718,1
100,100,100,100,100,100,100,100,100,92,92,92,244,1
110,110,110,100,100,100,90,90,90,100,100,100,485,2
100,100,100,90,90,90,100,100,100,96,96,96,796,1
100,100,100,100,100,100,100,100,100,94,94,94,113,1
100,100,100,110,110,110,100,100,100,106,106,106,31,2
100,100,100,100,100,100,100,100,100,92,92,92,904,1
100,100,100,100,100,100,100,100,100,110,110,110,913,2
90,90,90,100,100,100,98,98,98,100,100,100,5,2
100,100,100,90,90,90,100,100,100,94,94,94,531,1
100,100,100,100,100,100,100,100,100,100,100,100,941,1
100,100,100,90,90,90,100,100,100,102,102,102,139,2
90,90,90,100,100,100,98,98,98,100,100,100,698,2
110,110,110,100,100,100,110,110,110,100,100,100,495,1
110,110,110,100,100,100,110,110,110,100,100,100,990,1
100,100,100,100,100,100,100,100,100,92,92,92,772,1
100,100,100,110,110,110,100,100,100,104,104,104,822,2
100,100,100,110,110,110,100,100,100,98,98,98,423,1
100,100,100,110,110,110,100,100,100,90,90,90,584,1
90,90,90,100,100,100,92,92,92,100,100,100,959,2
100,100,100,100,100,100,100,100,100,90,90,90,144,1
100,100,100,90,90,90,100,100,100,110,110,110,143,2
100,100,100,100,100,100,106,106,106,100,100,100,350,1
100,100,100,90,90,90,100,100,100,100,100,100,270,2
100,100,100,110,110,110,100,100,100,96,96,96,587,1
100,100,100,100,100,100,98,98,98,100,100,100,511,2
100,100,100,100,100,100,100,100,100,96,96,96,807,1
100,100,100,110,110,110,100,100,100,92,92,92,321,1
90,90,90,100,100,100,90,90,90,100,100,100,529,2
100,100,100,110,110,110,100,100,100,98,98,98,984,1
110,110,110,100,100,100,92,92,92,100,100,100,288,2
90,90,90,100,100,100,98,98,98,100,100,100,38,2
100,100,100,90,90,90,100,100,100,94,94,94,597,1
100,100,100,100,100,100,100,100,100,98,98,98,412,1
110,110,110,100,100,100,94,94,94,100,100,100,25,2
90,90,90,100,100,100,104,104,104,100,100,100,503,1
90,90,90,100,100,100,102,102,102,100,100,100,733,1
110,110,110,100,100,100,102,102,102,100,100,100,854,1
100,100,100,100,100,100,100,100,100,110,110,110,550,2
100,100,100,90,90,90,100,100,100,104,104,104,173,2
100,100,100,110,110,110,100,100,100,102,102,102,722,2
100,100,100,110,110,110,100,100,100,96,96,96,554,1
110,110,110,100,100,100,104,104,104,100,100,100,96,1
100,100,100,100,100,100,100,100,100,100,100,100,776,2
100,100,100,110,110,110,100,100,100,92,92,92,123,1
100,100,100,110,110,110,100,100,100,106,106,106,856,2
100,100,100,100,100,100,96,96,96,100,100,100,81,2
100,100,100,100,100,100,100,100,100,90,90,90,507,1
100,100,100,100,100,100,100,100,100,102,102,102,942,2
100,100,100,100,100,100,100,100,100,108,108,108,648,2
110,110,110,100,100,100,108,108,108,100,100,100,329,1
90,90,90,100,100,100,92,92,92,100,100,100,134,2
100,100,100,100,100,100,96,96,96,100,100,100,444,2
100,100,100,100,100,100,108,108,108,100,100,100,483,1
100,100,100,110,110,110,100,100,100,102,102,102,491,2
100,100,100,100,100,100,100,100,100,90,90,90,936,1
100,100,100,100,100,100,94,94,94,100,100,100,806,2
100,100,100,110,110,110,100,100,100,94,94,94,58,1
100,100,100,100,100,100,98,98,98,100,100,100,808,2
110,110,110,100,100,100,98,98,98,100,100,100,852,2
100,100,100,90,90,90,100,100,100,92,92,92,530,1
90,90,90,100,100,100,98,98,98,100,100,100,764,2
100,100,100,100,100,100,100,100,100,102,102,102,678,2
90,90,90,100,100,100,94,94,94,100,100,100,498,2
100,100,100,100,100,100,100,100,100,96,96,96,48,1
100,100,100,90,90,90,100,100,100,110,110,110,737,2
90,90,90,100,100,100,90,90,90,100,100,100,562,2
100,100,100,100,100,100,90,90,90,100,100,100,210,2
90,90,90,100,100,100,106,106,106,100,100,100,471,1
110,110,110,100,100,100,92,92,92,100,100,100,255,2
110,110,110,100,100,100,104,104,104,100,100,100,129,1
100,100,100,100,100,100,94,94,94,100,100,100,740,2
100,100,100,100,100,100,96,96,96,100,100,100,213,2
100,100,100,110,110,110,100,100,100,94,94,94,685,1
90,90,90,100,100,100,110,110,110,100,100,100,506,1
110,110,110,100,100,100,100,100,100,100,100,100,424,1
100,100,100,110,110,110,100,100,100,108,108,108,956,2
100,100,100,100,100,100,98,98,98,100,100,100,940,2
100,100,100,110,110,110,100,100,100,104,104,104,756,2
100,100,100,90,90,90,100,100,100,102,102,102,799,2
100,100,100,100,100,100,100,100,100,106,106,106,20,2
100,100,100,90,90,90,100,100,100,102,102,102,964,2
110,110,110,100,100,100,94,94,94,100,100,100,619,2
100,100,100,100,100,100,96,96,96,100,100,100,114,2
100,100,100,100,100,100,106,106,106,100,100,100,284,1
100,100,100,100,100,100,100,100,100,100,100,100,50,1
100,100,100,100,100,100,102,102,102,100,100,100,876,1
100,100,100,110,110,110,100,100,100,106,106,106,757,2
100,100,100,110,110,110,100,100,100,106,106,106,97,2
100,100,100,90,90,90,100,100,100,102,102,102,337,2
100,100,100,90,90,90,100,100,100,100,100,100,633,2
100,100,100,100,100,100,104,104,104,100,100,100,613,1
100,100,100,110,110,110,100,100,100,98,98,98,522,1
100,100,100,90,90,90,100,100,100,94,94,94,69,1
100,100,100,100,100,100,100,100,100,96,96,96,279,1
90,90,90,100,100,100,110,110,110,100,100,100,473,1
90,90,90,100,100,100,100,100,100,100,100,100,567,1
100,100,100,90,90,90,100,100,100,106,106,106,42,2
100,100,100,90,90,90,100,100,100,110,110,110,110,2
100,100,100,100,100,100,102,102,102,100,100,100,150,1
100,100,100,90,90,90,100,100,100,108,108,108,175,2
100,100,100,100,100,100,92,92,92,100,100,100,871,2
90,90,90,100,100,100,106,106,106,100,100,100,207,1
100,100,100,100,100,100,108,108,108,100,100,100,747,1
100,100,100,110,110,110,100,100,100,90,90,90,749,1
110,110,110,100,100,100,110,110,110,100,100,100,528,1
100,100,100,90,90,90,100,100,100,92,92,92,464,1
100,100,100,110,110,110,100,100,100,96,96,96,686,1
90,90,90,100,100,100,92,92,92,100,100,100,431,2
100,100,100,100,100,100,100,100,100,104,104,104,877,2
100,100,100,100,100,100,104,104,104,100,100,100,580,1
100,100,100,100,100,100,100,100,100,100,100,100,512,1
100,100,100,100,100,100,98,98,98,100,100,100,379,2
100,100,100,100,100,100,96,96,96,100,100,100,609,2
110,110,110,100,100,100,104,104,104,100,100,100,723,1
100,100,100,100,100,100,104,104,104,100,100,100,679,1
110,110,110,100,100,100,108,108,108,100,100,100,989,1
100,100,100,100,100,100,106,106,106,100,100,100,878,1
100,100,100,90,90,90,100,100,100,110,110,110,803,2
100,100,100,100,100,100,92,92,92,100,100,100,178,2
100,100,100,100,100,100,90,90,90,100,100,100,771,2
90,90,90,100,100,100,102,102,102,100,100,100,568,1
100,100,100,110,110,110,100,100,100,100,100,100,754,2
100,100,100,100,100,100,100,100,100,108,108,108,879,2
100,100,100,100,100,100,100,100,100,94,94,94,179,1
100,100,100,90,90,90,100,100,100,108,108,108,373,2
100,100,100,100,100,100,100,100,100,102,102,102,84,2
100,100,100,100,100,100,100,100,100,104,104,104,646,2
90,90,90,100,100,100,100,100,100,100,100,100,402,1
100,100,100,100,100,100,100,100,100,104,104,104,976,2
110,110,110,100,100,100,104,104,104,100,100,100,426,1
110,110,110,100,100,100,100,100,100,100,100,100,688,1
100,100,100,110,110,110,100,100,100,90,90,90,155,1
100,100,100,100,100,100,100,100,100,108,108,108,582,2
100,100,100,90,90,90,100,100,100,98,98,98,929,1
100,100,100,100,100,100,106,106,106,100,100,100,911,1
100,100,100,110,110,110,100,100,100,104,104,104,855,2
90,90,90,100,100,100,96,96,96,100,100,100,961,2
100,100,100,100,100,100,110,110,110,100,100,100,220,1
100,100,100,90,90,90,100,100,100,110,110,110,308,2
100,100,100,100,100,100,100,100,100,94,94,94,410,1
90,90,90,100,100,100,96,96,96,100,100,100,169,2
110,110,110,100,100,100,92,92,92,100,100,100,783,2
100,100,100,100,100,100,100,100,100,100,100,100,611,2
100,100,100,90,90,90,100,100,100,96,96,96,334,1
100,100,100,100,100,100,100,100,100,94,94,94,674,1
100,100,100,100,100,100,106,106,106,100,100,100,251,1
90,90,90,100,100,100,102,102,102,100,100,100,403,1
90,90,90,100,100,100,102,102,102,100,100,100,700,1
100,100,100,100,100,100,100,100,100,100,100,100,182,1
100,100,100,90,90,90,100,100,100,98,98,98,500,1
110,110,110,100,100,100,104,104,104,100,100,100,954,1
100,100,100,110,110,110,100,100,100,104,104,104,162,2
100,100,100,100,100,100,96,96,96,100,100,100,312,2
100,100,100,110,110,110,100,100,100,102,102,102,29,2
100,100,100,110,110,110,100,100,100,102,102,102,821,2
100,100,100,110,110,110,100,100,100,100,100,100,919,2
110,110,110,100,100,100,104,104,104,100,100,100,558,1
90,90,90,100,100,100,110,110,110,100,100,100,407,1
100,100,100,100,100,100,92,92,92,100,100,100,46,2
100,100,100,90,90,90,100,100,100,92,92,92,200,1
100,100,100,100,100,100,100,100,100,104,104,104,19,2
110,110,110,100,100,100,98,98,98,100,100,100,27,2
100,100,100,100,100,100,102,102,102,100,100,100,744,1
100,100,100,100,100,100,106,106,106,100,100,100,482,1
100,100,100,100,100,100,100,100,100,106,106,106,581,2
100,100,100,100,100,100,100,100,100,108,108,108,912,2
100,100,100,90,90,90,100,100,100,102,102,102,172,2
100,100,100,100,100,100,100,100,100,104,104,104,316,2
100,100,100,100,100,100,98,98,98,100,100,100,214,2
90,90,90,100,100,100,94,94,94,100,100,100,630,2
100,100,100,90,90,90,100,100,100,94,94,94,399,1
110,110,110,100,100,100,110,110,110,100,100,100,363,1
90,90,90,100,100,100,92,92,92,100,100,100,728,2
100,100,100,100,100,100,98,98,98,100,100,100,874,2
100,100,100,100,100,100,110,110,110,100,100,100,946,1
100,100,100,110,110,110,100,100,100,102,102,102,392,2
100,100,100,110,110,110,100,100,100,104,104,104,327,2
100,100,100,100,100,100,110,110,110,100,100,100,847,1
100,100,100,100,100,100,100,100,100,102,102,102,909,2
110,110,110,100,100,100,110,110,110,100,100,100,627,1
100,100,100,110,110,110,100,100,100,98,98,98,390,1
90,90,90,100,100,100,106,106,106,100,100,100,108,1
90,90,90,100,100,100,92,92,92,100,100,100,596,2
100,100,100,110,110,110,100,100,100,108,108,108,659,2
100,100,100,100,100,100,100,100,100,94,94,94,80,1
90,90,90,100,100,100,110,110,110,100,100,100,242,1
100,100,100,100,100,100,108,108,108,100,100,100,351,1
100,100,100,100,100,100,102,102,102,100,100,100,315,1
100,100,100,110,110,110,100,100,100,110,110,110,429,2
100,100,100,110,110,110,100,100,100,96,96,96,851,1
100,100,100,110,110,110,100,100,100,106,106,106,790,2
90,90,90,100,100,100,96,96,96,100,100,100,631,2
100,100,100,100,100,100,106,106,106,100,100,100,614,1
90,90,90,100,100,100,98,98,98,100,100,100,665,2
110,110,110,100,100,100,102,102,102,100,100,100,227,1
90,90,90,100,100,100,104,104,104,100,100,100,767,1
100,100,100,90,90,90,100,100,100,92,92,92,629,1
110,110,110,100,100,100,108,108,108,100,100,100,461,1
100,100,100,100,100,100,108,108,108,100,100,100,780,1
100,100,100,100,100,100,102,102,102,100,100,100,711,1
110,110,110,100,100,100,90,90,90,100,100,100,23,2
100,100,100,110,110,110,100,100,100,90,90,90,188,1
90,90,90,100,100,100,98,98,98,100,100,100,335,2
110,110,110,100,100,100,100,100,100,100,100,100,622,1
100,100,100,100,100,100,100,100,100,90,90,90,408,1
110,110,110,100,100,100,104,104,104,100,100,100,921,1
90,90,90,100,100,100,110,110,110,100,100,100,341,1
100,100,100,100,100,100,92,92,92,100,100,100,376,2
100,100,100,100,100,100,100,100,100,110,110,110,781,2
100,100,100,100,100,100,102,102,102,100,100,100,51,1
100,100,100,90,90,90,100,100,100,96,96,96,697,1
100,100,100,90,90,90,100,100,100,100,100,100,171,2
100,100,100,90,90,90,100,100,100,90,90,90,463,1
100,100,100,100,100,100,100,100,100,108,108,108,615,2
100,100,100,90,90,90,100,100,100,102,102,102,634,2
110,110,110,100,100,100,106,106,106,100,100,100,427,1
90,90,90,100,100,100,102,102,102,100,100,100,865,1
100,100,100,90,90,90,100,100,100,106,106,106,636,2
110,110,110,100,100,100,96,96,96,100,100,100,818,2
100,100,100,90,90,90,100,100,100,100,100,100,963,2
100,100,100,100,100,100,104,104,104,100,100,100,910,1
100,100,100,100,100,100,100,100,100,90,90,90,342,1
110,110,110,100,100,100,90,90,90,100,100,100,56,2
110,110,110,100,100,100,104,104,104,100,100,100,393,1
100,100,100,90,90,90,100,100,100,100,100,100,138,2
100,100,100,100,100,100,96,96,96,100,100,100,477,2
100,100,100,110,110,110,100,100,100,92,92,92,948,1
110,110,110,100,100,100,100,100,100,100,100,100,259,1
110,110,110,100,100,100,100,100,100,100,100,100,127,1
110,110,110,100,100,100,102,102,102,100,100,100,62,1
110,110,110,100,100,100,94,94,94,100,100,100,553,2
110,110,110,100,100,100,106,106,106,100,100,100,823,1
110,110,110,100,100,100,104,104,104,100,100,100,30,1
90,90,90,100,100,100,102,102,102,100,100,100,766,1
100,100,100,100,100,100,100,100,100,90,90,90,672,1
110,110,110,100,100,100,96,96,96,100,100,100,191,2
100,100,100,110,110,110,100,100,100,98,98,98,687,1
110,110,110,100,100,100,96,96,96,100,100,100,917,2
100,100,100,110,110,110,100,100,100,108,108,108,263,2
100,100,100,110,110,110,100,100,100,104,104,104,888,2
90,90,90,100,100,100,98,98,98,100,100,100,599,2
110,110,110,100,100,100,94,94,94,100,100,100,652,2
100,100,100,100,100,100,100,100,100,106,106,106,845,2
100,100,100,90,90,90,100,100,100,94,94,94,663,1
100,100,100,100,100,100,102,102,102,100,100,100,546,1
110,110,110,100,100,100,108,108,108,100,100,100,296,1
110,110,110,100,100,100,106,106,106,100,100,100,625,1
90,90,90,100,100,100,90,90,90,100,100,100,760,2
110,110,110,100,100,100,94,94,94,100,100,100,916,2
100,100,100,100,100,100,100,100,100,94,94,94,14,1
100,100,100,90,90,90,100,100,100,108,108,108,208,2
100,100,100,90,90,90,100,100,100,110,110,110,11,2
100,100,100,100,100,100,90,90,90,100,100,100,837,2
110,110,110,100,100,100,102,102,102,100,100,100,953,1
100,100,100,110,110,110,100,100,100,96,96,96,59,1
100,100,100,100,100,100,98,98,98,100,100,100,445,2
110,110,110,100,100,100,92,92,92,100,100,100,684,2
90,90,90,100,100,100,106,106,106,100,100,100,933,1
100,100,100,100,100,100,108,108,108,100,100,100,120,1
110,110,110,100,100,100,100,100,100,100,100,100,820,1
110,110,110,100,100,100,102,102,102,100,100,100,623,1
100,100,100,90,90,90,100,100,100,94,94,94,762,1
100,100,100,90,90,90,100,100,100,104,104,104,470,2
110,110,110,100,100,100,106,106,106,100,100,100,262,1
100,100,100,110,110,110,100,100,100,90,90,90,221,1
110,110,110,100,100,100,108,108,108,100,100,100,890,1
100,100,100,100,100,100,106,106,106,100,100,100,779,1
90,90,90,100,100,100,100,100,100,100,100,100,930,1
100,100,100,100,100,100,90,90,90,100,100,100,177,2
100,100,100,100,100,100,100,100,100,90,90,90,639,1
100,100,100,110,110,110,100,100,100,98,98,98,555,1
100,100,100,100,100,100,92,92,92,100,100,100,277,2
90,90,90,100,100,100,98,98,98,100,100,100,830,2
100,100,100,100,100,100,106,106,106,100,100,100,383,1
100,100,100,100,100,100,100,100,100,100,100,100,644,1
100,100,100,110,110,110,100,100,100,106,106,106,328,2
110,110,110,100,100,100,104,104,104,100,100,100,624,1
100,100,100,100,100,100,100,100,100,96,96,96,246,1
100,100,100,100,100,100,100,100,100,96,96,96,543,1
90,90,90,100,100,100,104,104,104,100,100,100,404,1
100,100,100,100,100,100,98,98,98,100,100,100,346,2
100,100,100,100,100,100,100,100,100,108,108,108,186,2
110,110,110,100,100,100,110,110,110,100,100,100,726,1
110,110,110,100,100,100,90,90,90,100,100,100,782,2
100,100,100,90,90,90,100,100,100,100,100,100,39,2
100,100,100,90,90,90,100,100,100,94,94,94,960,1
100,100,100,90,90,90,100,100,100,92,92,92,794,1
110,110,110,100,100,100,108,108,108,100,100,100,593,1
110,110,110,100,100,100,110,110,110,100,100,100,330,1
100,100,100,110,110,110,100,100,100,106,106,106,559,2
100,100,100,90,90,90,100,100,100,92,92,92,695,1
110,110,110,100,100,100,90,90,90,100,100,100,980,2
100,100,100,110,110,110,100,100,100,104,104,104,228,2
90,90,90,100,100,100,106,106,106,100,100,100,438,1
100,100,100,110,110,110,100,100,100,94,94,94,817,1
100,100,100,90,90,90,100,100,100,106,106,106,768,2
100,100,100,100,100,100,100,100,100,106,106,106,185,2
100,100,100,90,90,90,100,100,100,104,104,104,437,2
110,110,110,100,100,100,106,106,106,100,100,100,526,1
100,100,100,90,90,90,100,100,100,108,108,108,109,2
100,100,100,110,110,110,100,100,100,108,108,108,395,2
100,100,100,110,110,110,100,100,100,98,98,98,192,1
100,100,100,90,90,90,100,100,100,90,90,90,793,1
90,90,90,100,100,100,90,90,90,100,100,100,67,2
100,100,100,100,100,100,106,106,106,100,100,100,944,1
110,110,110,100,100,100,108,108,108,100,100,100,32,1
100,100,100,90,90,90,100,100,100,98,98,98,533,1
100,100,100,90,90,90,100,100,100,100,100,100,237,2
100,100,100,100,100,100,94,94,94,100,100,100,344,2
100,100,100,110,110,110,100,100,100,92,92,92,750,1
100,100,100,90,90,90,100,100,100,98,98,98,203,1
100,100,100,90,90,90,100,100,100,90,90,90,892,1
90,90,90,100,100,100,98,98,98,100,100,100,632,2
90,90,90,100,100,100,104,104,104,100,100,100,338,1
100,100,100,90,90,90,100,100,100,92,92,92,860,1
100,100,100,90,90,90,100,100,100,108,108,108,274,2
100,100,100,100,100,100,100,100,100,92,92,92,310,1
100,100,100,90,90,90,100,100,100,96,96,96,4,1
100,100,100,100,100,100,102,102,102,100,100,100,843,1
100,100,100,110,110,110,100,100,100,94,94,94,157,1
100,100,100,100,100,100,108,108,108,100,100,100,219,1
100,100,100,90,90,90,100,100,100,92,92,92,926,1
100,100,100,90,90,90,100,100,100,108,108,108,505,2
100,100,100,90,90,90,100,100,100,108,108,108,736,2
110,110,110,100,100,100,104,104,104,100,100,100,789,1
100,100,100,90,90,90,100,100,100,100,100,100,72,2
110,110,110,100,100,100,90,90,90,100,100,100,386,2
90,90,90,100,100,100,96,96,96,100,100,100,466,2
100,100,100,90,90,90,100,100,100,100,100,100,369,2
100,100,100,90,90,90,100,100,100,90,90,90,727,1
100,100,100,100,100,100,90,90,90,100,100,100,474,2
90,90,90,100,100,100,102,102,102,100,100,100,601,1
90,90,90,100,100,100,96,96,96,100,100,100,895,2
110,110,110,100,100,100,110,110,110,100,100,100,660,1
110,110,110,100,100,100,100,100,100,100,100,100,886,1
110,110,110,100,100,100,110,110,110,100,100,100,792,1
100,100,100,100,100,100,98,98,98,100,100,100,247,2
110,110,110,100,100,100,98,98,98,100,100,100,753,2
90,90,90,100,100,100,96,96,96,100,100,100,532,2
100,100,100,100,100,100,100,100,100,90,90,90,111,1
110,110,110,100,100,100,102,102,102,100,100,100,161,1
100,100,100,90,90,90,100,100,100,94,94,94,201,1
100,100,100,90,90,90,100,100,100,102,102,102,238,2
90,90,90,100,100,100,98,98,98,100,100,100,896,2
100,100,100,100,100,100,100,100,100,106,106,106,977,2
110,110,110,100,100,100,108,108,108,100,100,100,230,1
110,110,110,100,100,100,108,108,108,100,100,100,923,1
100,100,100,110,110,110,100,100,100,90,90,90,815,1
100,100,100,100,100,100,96,96,96,100,100,100,840,2
100,100,100,90,90,90,100,100,100,102,102,102,205,2
100,100,100,100,100,100,96,96,96,100,100,100,345,2
90,90,90,100,100,100,104,104,104,100,100,100,569,1
100,100,100,90,90,90,100,100,100,100,100,100,435,2
100,100,100,100,100,100,110,110,110,100,100,100,352,1
100,100,100,100,100,100,92,92,92,100,100,100,79,2
100,100,100,100,100,100,98,98,98,100,100,100,16,2
100,100,100,100,100,100,100,100,100,90,90,90,870,1
90,90,90,100,100,100,102,102,102,100,100,100,436,1
100,100,100,100,100,100,98,98,98,100,100,100,148,2
100,100,100,100,100,100,100,100,100,94,94,94,212,1
110,110,110,100,100,100,108,108,108,100,100,100,98,1
100,100,100,100,100,100,92,92,92,100,100,100,838,2
110,110,110,100,100,100,90,90,90,100,100,100,848,2
100,100,100,90,90,90,100,100,100,104,104,104,305,2
100,100,100,100,100,100,92,92,92,100,100,100,607,2
100,100,100,100,100,100,100,100,100,90,90,90,12,1
100,100,100,100,100,100,90,90,90,100,100,100,375,2
100,100,100,100,100,100,100,100,100,100,100,100,908,1
100,100,100,100,100,100,100,100,100,106,106,106,812,2
100,100,100,100,100,100,100,100,100,92,92,92,640,1
100,100,100,100,100,100,98,98,98,100,100,100,313,2
100,100,100,100,100,100,100,100,100,110,110,110,385,2
100,100,100,110,110,110,100,100,100,100,100,100,985,2
110,110,110,100,100,100,92,92,92,100,100,100,189,2
90,90,90,100,100,100,100,100,100,100,100,100,864,1
100,100,100,110,110,110,100,100,100,92,92,92,486,1
100,100,100,100,100,100,100,100,100,92,92,92,13,1
100,100,100,100,100,100,98,98,98,100,100,100,82,2
110,110,110,100,100,100,102,102,102,100,100,100,293,1
110,110,110,100,100,100,100,100,100,100,100,100,160,1
100,100,100,110,110,110,100,100,100,96,96,96,125,1
100,100,100,100,100,100,104,104,104,100,100,100,382,1
90,90,90,100,100,100,90,90,90,100,100,100,232,2
110,110,110,100,100,100,106,106,106,100,100,100,295,1
100,100,100,100,100,100,100,100,100,110,110,110,517,2
90,90,90,100,100,100,96,96,96,100,100,100,136,2
100,100,100,100,100,100,100,100,100,110,110,110,451,2
100,100,100,90,90,90,100,100,100,108,108,108,472,2
100,100,100,90,90,90,100,100,100,102,102,102,535,2
100,100,100,90,90,90,100,100,100,90,90,90,34,1
110,110,110,100,100,100,92,92,92,100,100,100,420,2
110,110,110,100,100,100,106,106,106,100,100,100,493,1
100,100,100,90,90,90,100,100,100,92,92,92,398,1
110,110,110,100,100,100,100,100,100,100,100,100,292,1
110,110,110,100,100,100,102,102,102,100,100,100,788,1
100,100,100,100,100,100,100,100,100,108,108,108,681,2
90,90,90,100,100,100,108,108,108,100,100,100,241,1
90,90,90,100,100,100,94,94,94,100,100,100,465,2
100,100,100,100,100,100,100,100,100,100,100,100,578,2
90,90,90,100,100,100,104,104,104,100,100,100,635,1
100,100,100,110,110,110,100,100,100,96,96,96,389,1
100,100,100,90,90,90,100,100,100,90,90,90,133,1
100,100,100,110,110,110,100,100,100,96,96,96,257,1
100,100,100,110,110,110,100,100,100,110,110,110,858,2
100,100,100,90,90,90,100,100,100,92,92,92,266,1
100,100,100,90,90,90,100,100,100,94,94,94,333,1
90,90,90,100,100,100,104,104,104,100,100,100,602,1
110,110,110,100,100,100,94,94,94,100,100,100,883,2
100,100,100,100,100,100,100,100,100,100,100,100,248,1
100,100,100,100,100,100,100,100,100,98,98,98,115,1
100,100,100,90,90,90,100,100,100,100,100,100,666,2
100,100,100,110,110,110,100,100,100,108,108,108,428,2
110,110,110,100,100,100,104,104,104,100,100,100,492,1
100,100,100,90,90,90,100,100,100,90,90,90,331,1
100,100,100,110,110,110,100,100,100,94,94,94,751,1
100,100,100,100,100,100,96,96,96,100,100,100,642,2
90,90,90,100,100,100,108,108,108,100,100,100,835,1
100,100,100,110,110,110,100,100,100,100,100,100,325,2
100,100,100,110,110,110,100,100,100,102,102,102,326,2
100,100,100,100,100,100,98,98,98,100,100,100,775,2
100,100,100,100,100,100,100,100,100,100,100,100,83,1
100,100,100,110,110,110,100,100,100,100,100,100,655,2
100,100,100,100,100,100,100,100,100,98,98,98,742,1
