176,175,173,169,168,166,172,171,169,169,168,166,360,1
161,160,158,169,168,166,161,160,158,169,168,166,595,2
169,168,166,169,168,166,169,168,166,169,168,166,116,2
176,175,173,169,168,166,163,162,160,169,168,166,420,2
169,168,166,161,160,158,169,168,166,161,160,158,760,1
176,175,173,169,168,166,167,166,164,169,168,166,27,2
169,168,166,161,160,158,169,168,166,166,165,163,169,1
161,160,158,169,168,166,167,166,164,169,168,166,401,2
161,160,158,169,168,166,169,168,166,169,168,166,864,1
169,168,166,169,168,166,161,160,158,169,168,166,969,2
169,168,166,176,175,173,169,168,166,176,175,173,330,2
169,168,166,161,160,158,169,168,166,176,175,173,704,2
169,168,166,161,160,158,169,168,166,163,162,160,233,1
169,168,166,169,168,166,163,162,160,169,168,166,541,2
161,160,158,169,168,166,172,171,169,169,168,166,701,1
169,168,166,169,168,166,169,168,166,176,175,173,286,2
169,168,166,169,168,166,169,168,166,169,168,166,83,1
169,168,166,169,168,166,175,174,172,169,168,166,318,1
169,168,166,161,160,158,169,168,166,175,174,172,769,2
169,168,166,161,160,158,169,168,166,176,175,173,341,2
169,168,166,169,168,166,173,172,170,169,168,166,53,1
169,168,166,169,168,166,169,168,166,167,166,164,610,1
169,168,166,176,175,173,169,168,166,164,163,161,982,1
169,168,166,169,168,166,161,160,158,169,168,166,771,2
169,168,166,161,160,158,169,168,166,173,172,170,570,2
169,168,166,176,175,173,169,168,166,163,162,160,849,1
169,168,166,161,160,158,169,168,166,167,166,164,929,1
169,168,166,169,168,166,176,175,173,169,168,166,748,1
169,168,166,169,168,166,169,168,166,169,168,166,512,1
161,160,158,169,168,166,173,172,170,169,168,166,801,1
169,168,166,169,168,166,169,168,166,173,172,170,911,2
176,175,173,169,168,166,161,160,158,169,168,166,947,2
169,168,166,169,168,166,169,168,166,161,160,158,672,1
176,175,173,169,168,166,175,174,172,169,168,166,197,1
176,175,173,169,168,166,161,160,158,169,168,166,419,2
169,168,166,169,168,166,173,172,170,169,168,166,812,1
169,168,166,169,168,166,170,169,167,169,168,166,909,1
169,168,166,161,160,158,169,168,166,163,162,160,167,1
169,168,166,161,160,158,169,168,166,169,168,166,732,2
176,175,173,169,168,166,161,160,158,169,168,166,617,2
169,168,166,176,175,173,169,168,166,161,160,158,716,1
169,168,166,176,175,173,169,168,166,169,168,166,325,2
169,168,166,169,168,166,169,168,166,169,168,166,413,2
161,160,158,169,168,166,170,169,167,169,168,166,766,1
169,168,166,169,168,166,169,168,166,161,160,158,177,1
169,168,166,169,168,166,169,168,166,170,169,167,612,2
176,175,173,169,168,166,169,168,166,169,168,166,457,1
169,168,166,161,160,158,169,168,166,170,169,167,733,2
169,168,166,169,168,166,169,168,166,176,175,173,979,2
176,175,173,169,168,166,175,174,172,169,168,166,494,1
161,160,158,169,168,166,164,163,161,169,168,166,366,2
169,168,166,169,168,166,169,168,166,169,168,166,644,2
169,168,166,169,168,166,169,168,166,163,162,160,79,1
169,168,166,161,160,158,169,168,166,166,165,163,466,1
161,160,158,169,168,166,161,160,158,169,168,166,1,2
169,168,166,169,168,166,176,175,173,169,168,166,583,1
169,168,166,176,175,173,169,168,166,169,168,166,787,2
169,168,166,169,168,166,167,166,164,169,168,166,445,2
169,168,166,169,168,166,164,163,161,169,168,166,674,2
169,168,166,169,168,166,169,168,166,169,168,166,875,2
169,168,166,176,175,173,169,168,166,163,162,160,288,1
176,175,173,169,168,166,175,174,172,169,168,166,956,1
169,168,166,176,175,173,169,168,166,167,166,164,819,1
176,175,173,169,168,166,170,169,167,169,168,166,656,1
176,175,173,169,168,166,166,165,163,169,168,166,59,2
169,168,166,176,175,173,169,168,166,169,168,166,886,2
161,160,158,169,168,166,169,168,166,169,168,166,765,1
176,175,173,169,168,166,164,163,161,169,168,166,58,2
169,168,166,161,160,158,169,168,166,161,160,158,364,1
169,168,166,169,168,166,169,168,166,167,166,164,973,1
169,168,166,161,160,158,169,168,166,167,166,164,896,1
169,168,166,176,175,173,169,168,166,170,169,167,722,2
169,168,166,176,175,173,169,168,166,164,163,161,751,1
169,168,166,161,160,158,169,168,166,161,160,158,496,1
169,168,166,176,175,173,169,168,166,170,169,167,755,2
169,168,166,176,175,173,169,168,166,164,163,161,223,1
176,175,173,169,168,166,161,160,158,169,168,166,89,2
161,160,158,169,168,166,173,172,170,169,168,166,141,1
169,168,166,169,168,166,169,168,166,163,162,160,574,1
161,160,158,169,168,166,173,172,170,169,168,166,9,1
169,168,166,169,168,166,163,162,160,169,168,166,310,2
169,168,166,169,168,166,170,169,167,169,168,166,810,1
169,168,166,161,160,158,169,168,166,175,174,172,340,2
169,168,166,176,175,173,169,168,166,164,163,161,322,1
169,168,166,169,168,166,169,168,166,173,172,170,251,2
169,168,166,169,168,166,169,168,166,167,166,164,511,1
169,168,166,169,168,166,172,171,169,169,168,166,580,1
169,168,166,169,168,166,163,162,160,169,168,166,904,2
176,175,173,169,168,166,172,171,169,169,168,166,459,1
161,160,158,169,168,166,175,174,172,169,168,166,802,1
169,168,166,161,160,158,169,168,166,164,163,161,960,1
169,168,166,176,175,173,169,168,166,172,171,169,30,2
169,168,166,169,168,166,169,168,166,170,169,167,216,2
169,168,166,169,168,166,161,160,158,169,168,166,111,2
169,168,166,169,168,166,161,160,158,169,168,166,78,2
169,168,166,161,160,158,169,168,166,166,165,163,532,1
176,175,173,169,168,166,173,172,170,169,168,166,757,1
176,175,173,169,168,166,166,165,163,169,168,166,323,2
169,168,166,161,160,158,169,168,166,170,169,167,799,2
169,168,166,169,168,166,169,168,166,167,166,164,544,1
169,168,166,169,168,166,164,163,161,169,168,166,575,2
169,168,166,161,160,158,169,168,166,170,169,167,502,2
161,160,158,169,168,166,176,175,173,169,168,166,803,1
176,175,173,169,168,166,164,163,161,169,168,166,718,2
169,168,166,176,175,173,169,168,166,163,162,160,717,1
169,168,166,169,168,166,161,160,158,169,168,166,837,2
169,168,166,161,160,158,169,168,166,167,166,164,5,1
169,168,166,169,168,166,169,168,166,164,163,161,377,1
169,168,166,176,175,173,169,168,166,166,165,163,818,1
176,175,173,169,168,166,173,172,170,169,168,166,658,1
176,175,173,169,168,166,175,174,172,169,168,166,857,1
176,175,173,169,168,166,173,172,170,169,168,166,889,1
169,168,166,161,160,158,169,168,166,169,168,166,402,2
169,168,166,176,175,173,169,168,166,175,174,172,230,2
169,168,166,176,175,173,169,168,166,163,162,160,354,1
169,168,166,176,175,173,169,168,166,163,162,160,57,1
169,168,166,176,175,173,169,168,166,161,160,158,485,1
176,175,173,169,168,166,163,162,160,169,168,166,486,2
169,168,166,169,168,166,169,168,166,166,165,163,81,1
169,168,166,161,160,158,169,168,166,166,165,163,334,1
161,160,158,169,168,166,175,174,172,169,168,166,76,1
176,175,173,169,168,166,166,165,163,169,168,166,950,2
169,168,166,161,160,158,169,168,166,173,172,170,405,2
169,168,166,161,160,158,169,168,166,176,175,173,572,2
169,168,166,169,168,166,169,168,166,172,171,169,448,2
176,175,173,169,168,166,167,166,164,169,168,166,852,2
169,168,166,169,168,166,169,168,166,169,168,166,677,2
169,168,166,161,160,158,169,168,166,170,169,167,634,2
169,168,166,169,168,166,169,168,166,167,166,164,907,1
169,168,166,176,175,173,169,168,166,169,168,166,391,2
169,168,166,169,168,166,169,168,166,169,168,166,710,1
169,168,166,169,168,166,175,174,172,169,168,166,351,1
176,175,173,169,168,166,173,172,170,169,168,166,625,1
176,175,173,169,168,166,161,160,158,169,168,166,881,2
169,168,166,169,168,166,169,168,166,173,172,170,614,2
169,168,166,169,168,166,169,168,166,172,171,169,547,2
169,168,166,161,160,158,169,168,166,169,168,166,72,2
169,168,166,161,160,158,169,168,166,173,172,170,108,2
169,168,166,161,160,158,169,168,166,164,163,161,201,1
161,160,158,169,168,166,169,168,166,169,168,166,435,1
169,168,166,169,168,166,169,168,166,161,160,158,507,1
169,168,166,161,160,158,169,168,166,176,175,173,671,2
169,168,166,169,168,166,166,165,163,169,168,166,378,2
169,168,166,169,168,166,170,169,167,169,168,166,744,1
169,168,166,161,160,158,169,168,166,170,169,167,304,2
176,175,173,169,168,166,163,162,160,169,168,166,156,2
169,168,166,176,175,173,169,168,166,169,168,166,853,2
169,168,166,161,160,158,169,168,166,167,166,164,467,1
169,168,166,161,160,158,169,168,166,167,166,164,698,1
176,175,173,169,168,166,167,166,164,169,168,166,258,2
176,175,173,169,168,166,164,163,161,169,168,166,586,2
176,175,173,169,168,166,166,165,163,169,168,166,587,2
169,168,166,161,160,158,169,168,166,173,172,170,504,2
169,168,166,169,168,166,169,168,166,163,162,160,640,1
169,168,166,169,168,166,166,165,163,169,168,166,972,2
169,168,166,169,168,166,169,168,166,164,163,161,872,1
169,168,166,161,160,158,169,168,166,164,163,161,498,1
169,168,166,169,168,166,166,165,163,169,168,166,873,2
169,168,166,169,168,166,167,166,164,169,168,166,148,2
169,168,166,169,168,166,164,163,161,169,168,166,641,2
169,168,166,161,160,158,169,168,166,161,160,158,958,1
176,175,173,169,168,166,176,175,173,169,168,166,627,1
169,168,166,169,168,166,169,168,166,163,162,160,838,1
169,168,166,169,168,166,169,168,166,167,166,164,313,1
169,168,166,169,168,166,166,165,163,169,168,166,906,2
169,168,166,169,168,166,169,168,166,169,168,166,281,2
169,168,166,169,168,166,175,174,172,169,168,166,978,1
169,168,166,169,168,166,169,168,166,169,168,166,743,1
176,175,173,169,168,166,167,166,164,169,168,166,192,2
169,168,166,169,168,166,169,168,166,176,175,173,451,2
169,168,166,161,160,158,169,168,166,173,172,170,174,2
169,168,166,169,168,166,173,172,170,169,168,166,779,1
169,168,166,169,168,166,169,168,166,169,168,166,446,2
169,168,166,161,160,158,169,168,166,164,163,161,300,1
169,168,166,161,160,158,169,168,166,166,165,163,70,1
169,168,166,161,160,158,169,168,166,170,169,167,7,2
176,175,173,169,168,166,172,171,169,169,168,166,756,1
169,168,166,161,160,158,169,168,166,164,163,161,102,1
161,160,158,169,168,166,161,160,158,169,168,166,265,2
169,168,166,161,160,158,169,168,166,176,175,173,308,2
169,168,166,169,168,166,176,175,173,169,168,166,814,1
169,168,166,176,175,173,169,168,166,170,169,167,689,2
169,168,166,176,175,173,169,168,166,164,163,161,421,1
169,168,166,161,160,158,169,168,166,161,160,158,562,1
169,168,166,169,168,166,169,168,166,164,163,161,47,1
169,168,166,161,160,158,169,168,166,175,174,172,637,2
169,168,166,161,160,158,169,168,166,166,165,163,433,1
169,168,166,176,175,173,169,168,166,161,160,158,518,1
169,168,166,161,160,158,169,168,166,166,165,163,631,1
169,168,166,176,175,173,169,168,166,161,160,158,980,1
169,168,166,169,168,166,169,168,166,166,165,163,444,1
169,168,166,161,160,158,169,168,166,175,174,172,241,2
169,168,166,161,160,158,169,168,166,170,169,167,139,2
169,168,166,176,175,173,169,168,166,170,169,167,524,2
169,168,166,176,175,173,169,168,166,172,171,169,426,2
169,168,166,176,175,173,169,168,166,170,169,167,293,2
161,160,158,169,168,166,173,172,170,169,168,166,834,1
169,168,166,169,168,166,166,165,163,169,168,166,147,2
169,168,166,169,168,166,175,174,172,169,168,166,21,1
176,175,173,169,168,166,163,162,160,169,168,166,255,2
161,160,158,169,168,166,167,166,164,169,168,166,137,2
161,160,158,169,168,166,163,162,160,169,168,166,530,2
161,160,158,169,168,166,176,175,173,169,168,166,605,1
169,168,166,176,175,173,169,168,166,176,175,173,165,2
169,168,166,161,160,158,169,168,166,175,174,172,934,2
169,168,166,161,160,158,169,168,166,173,172,170,471,2
169,168,166,161,160,158,169,168,166,161,160,158,430,1
176,175,173,169,168,166,164,163,161,169,168,166,553,2
169,168,166,169,168,166,169,168,166,166,165,163,642,1
176,175,173,169,168,166,164,163,161,169,168,166,949,2
176,175,173,169,168,166,176,175,173,169,168,166,528,1
161,160,158,169,168,166,170,169,167,169,168,166,370,1
169,168,166,169,168,166,169,168,166,173,172,170,383,2
176,175,173,169,168,166,170,169,167,169,168,166,887,1
176,175,173,169,168,166,169,168,166,169,168,166,160,1
169,168,166,169,168,166,164,163,161,169,168,166,212,2
161,160,158,169,168,166,163,162,160,169,168,166,431,2
169,168,166,169,168,166,167,166,164,169,168,166,181,2
161,160,158,169,168,166,169,168,166,169,168,166,138,1
169,168,166,169,168,166,163,162,160,169,168,166,409,2
169,168,166,169,168,166,175,174,172,169,168,166,747,1
169,168,166,161,160,158,169,168,166,163,162,160,596,1
176,175,173,169,168,166,163,162,160,169,168,166,24,2
161,160,158,169,168,166,176,175,173,169,168,166,275,1
169,168,166,169,168,166,167,166,164,169,168,166,346,2
161,160,158,169,168,166,175,174,172,169,168,166,406,1
169,168,166,161,160,158,169,168,166,176,175,173,11,2
176,175,173,169,168,166,176,175,173,169,168,166,693,1
169,168,166,169,168,166,169,168,166,163,162,160,475,1
169,168,166,176,175,173,169,168,166,170,169,167,557,2
169,168,166,169,168,166,167,166,164,169,168,166,478,2
161,160,158,169,168,166,175,174,172,169,168,166,736,1
169,168,166,169,168,166,164,163,161,169,168,166,80,2
161,160,158,169,168,166,176,175,173,169,168,166,440,1
161,160,158,169,168,166,172,171,169,169,168,166,569,1
169,168,166,169,168,166,169,168,166,173,172,170,218,2
169,168,166,169,168,166,175,174,172,169,168,166,252,1
176,175,173,169,168,166,173,172,170,169,168,166,361,1
169,168,166,161,160,158,169,168,166,173,172,170,240,2
169,168,166,161,160,158,169,168,166,169,168,166,666,2
169,168,166,169,168,166,170,169,167,169,168,166,942,1
176,175,173,169,168,166,172,171,169,169,168,166,327,1
169,168,166,176,175,173,169,168,166,170,169,167,128,2
169,168,166,176,175,173,169,168,166,176,175,173,990,2
169,168,166,176,175,173,169,168,166,173,172,170,823,2
161,160,158,169,168,166,163,162,160,169,168,166,332,2
161,160,158,169,168,166,175,174,172,169,168,166,208,1
169,168,166,169,168,166,167,166,164,169,168,166,49,2
169,168,166,161,160,158,169,168,166,170,169,167,964,2
161,160,158,169,168,166,163,162,160,169,168,166,35,2
169,168,166,169,168,166,173,172,170,169,168,166,152,1
161,160,158,169,168,166,176,175,173,169,168,166,770,1
169,168,166,169,168,166,166,165,163,169,168,166,279,2
169,168,166,176,175,173,169,168,166,163,162,160,519,1
169,168,166,169,168,166,169,168,166,170,169,167,84,2
169,168,166,169,168,166,169,168,166,167,166,164,214,1
169,168,166,161,160,158,169,168,166,169,168,166,963,2
176,175,173,169,168,166,175,174,172,169,168,166,395,1
169,168,166,176,175,173,169,168,166,169,168,166,193,2
169,168,166,176,175,173,169,168,166,173,172,170,31,2
176,175,173,169,168,166,173,172,170,169,168,166,559,1
176,175,173,169,168,166,161,160,158,169,168,166,155,2
176,175,173,169,168,166,170,169,167,169,168,166,425,1
161,160,158,169,168,166,169,168,166,169,168,166,633,1
161,160,158,169,168,166,175,174,172,169,168,166,670,1
169,168,166,169,168,166,173,172,170,169,168,166,845,1
169,168,166,169,168,166,169,168,166,167,166,164,808,1
169,168,166,176,175,173,169,168,166,175,174,172,329,2
176,175,173,169,168,166,173,172,170,169,168,166,427,1
169,168,166,169,168,166,169,168,166,173,172,170,86,2
169,168,166,169,168,166,169,168,166,170,169,167,975,2
161,160,158,169,168,166,163,162,160,169,168,166,68,2
176,175,173,169,168,166,161,160,158,169,168,166,914,2
169,168,166,161,160,158,169,168,166,167,166,164,269,1
169,168,166,176,175,173,169,168,166,172,171,169,987,2
169,168,166,176,175,173,169,168,166,173,172,170,328,2
161,160,158,169,168,166,166,165,163,169,168,166,400,2
169,168,166,169,168,166,172,171,169,169,168,166,712,1
169,168,166,176,175,173,169,168,166,164,163,161,487,1
161,160,158,169,168,166,164,163,161,169,168,166,3,2
169,168,166,169,168,166,169,168,166,170,169,167,18,2
169,168,166,176,175,173,169,168,166,176,175,173,132,2
169,168,166,176,175,173,169,168,166,173,172,170,295,2
169,168,166,161,160,158,169,168,166,166,165,163,136,1
169,168,166,169,168,166,169,168,166,167,166,164,115,1
169,168,166,169,168,166,169,168,166,175,174,172,384,2
169,168,166,176,175,173,169,168,166,167,166,164,753,1
169,168,166,169,168,166,169,168,166,176,175,173,946,2
176,175,173,169,168,166,169,168,166,169,168,166,919,1
161,160,158,169,168,166,161,160,158,169,168,166,859,2
169,168,166,169,168,166,175,174,172,169,168,166,417,1
161,160,158,169,168,166,170,169,167,169,168,166,700,1
169,168,166,169,168,166,169,168,166,175,174,172,153,2
169,168,166,169,168,166,169,168,166,161,160,158,540,1
169,168,166,169,168,166,169,168,166,169,168,166,842,2
161,160,158,169,168,166,166,165,163,169,168,166,961,2
169,168,166,169,168,166,164,163,161,169,168,166,278,2
169,168,166,176,175,173,169,168,166,166,165,163,92,1
169,168,166,169,168,166,169,168,166,166,165,163,312,1
169,168,166,161,160,158,169,168,166,163,162,160,860,1
176,175,173,169,168,166,169,168,166,169,168,166,754,1
176,175,173,169,168,166,161,160,158,169,168,166,848,2
169,168,166,161,160,158,169,168,166,173,172,170,306,2
169,168,166,176,175,173,169,168,166,161,160,158,188,1
169,168,166,169,168,166,164,163,161,169,168,166,608,2
161,160,158,169,168,166,176,175,173,169,168,166,473,1
169,168,166,169,168,166,166,165,163,169,168,166,939,2
169,168,166,176,175,173,169,168,166,170,169,167,194,2
176,175,173,169,168,166,175,174,172,169,168,166,923,1
169,168,166,176,175,173,169,168,166,163,162,160,222,1
169,168,166,176,175,173,169,168,166,175,174,172,362,2
176,175,173,169,168,166,170,169,167,169,168,166,623,1
161,160,158,169,168,166,175,174,172,169,168,166,10,1
169,168,166,161,160,158,169,168,166,166,165,163,829,1
176,175,173,169,168,166,164,163,161,169,168,166,685,2
169,168,166,176,175,173,169,168,166,176,175,173,429,2
169,168,166,176,175,173,169,168,166,167,166,164,291,1
161,160,158,169,168,166,161,160,158,169,168,166,298,2
176,175,173,169,168,166,172,171,169,169,168,166,558,1
169,168,166,169,168,166,164,163,161,169,168,166,443,2
161,160,158,169,168,166,166,165,163,169,168,166,499,2
169,168,166,161,160,158,169,168,166,172,171,169,965,2
169,168,166,176,175,173,169,168,166,166,165,163,620,1
169,168,166,161,160,158,169,168,166,163,162,160,365,1
169,168,166,169,168,166,173,172,170,169,168,166,647,1
169,168,166,161,160,158,169,168,166,172,171,169,767,2
169,168,166,169,168,166,169,168,166,169,168,166,578,1
176,175,173,169,168,166,172,171,169,169,168,166,591,1
169,168,166,169,168,166,169,168,166,169,168,166,50,2
161,160,158,169,168,166,163,162,160,169,168,166,959,2
169,168,166,176,175,173,169,168,166,169,168,166,622,2
161,160,158,169,168,166,169,168,166,169,168,166,171,1
176,175,173,169,168,166,172,171,169,169,168,166,855,1
176,175,173,169,168,166,169,168,166,169,168,166,424,1
176,175,173,169,168,166,173,172,170,169,168,166,460,1
169,168,166,176,175,173,169,168,166,161,160,158,287,1
169,168,166,161,160,158,169,168,166,175,174,172,967,2
169,168,166,169,168,166,163,162,160,169,168,166,442,2
169,168,166,169,168,166,175,174,172,169,168,166,186,1
169,168,166,169,168,166,169,168,166,175,174,172,120,2
169,168,166,161,160,158,169,168,166,161,160,158,793,1
169,168,166,161,160,158,169,168,166,173,172,170,702,2
169,168,166,169,168,166,169,168,166,166,165,163,741,1
169,168,166,176,175,173,169,168,166,161,160,158,23,1
169,168,166,176,175,173,169,168,166,169,168,166,952,2
176,175,173,169,168,166,170,169,167,169,168,166,227,1
176,175,173,169,168,166,161,160,158,169,168,166,254,2
176,175,173,169,168,166,163,162,160,169,168,166,453,2
161,160,158,169,168,166,164,163,161,169,168,166,69,2
176,175,173,169,168,166,167,166,164,169,168,166,984,2
169,168,166,176,175,173,169,168,166,166,165,163,917,1
169,168,166,169,168,166,161,160,158,169,168,166,276,2
169,168,166,169,168,166,169,168,166,164,163,161,938,1
169,168,166,169,168,166,169,168,166,167,166,164,775,1
169,168,166,169,168,166,169,168,166,169,168,166,380,2
169,168,166,161,160,158,169,168,166,172,171,169,866,2
169,168,166,176,175,173,169,168,166,173,172,170,955,2
169,168,166,161,160,158,169,168,166,166,165,163,895,1
176,175,173,169,168,166,169,168,166,169,168,166,688,1
161,160,158,169,168,166,169,168,166,169,168,166,369,1
169,168,166,169,168,166,169,168,166,173,172,170,449,2
169,168,166,169,168,166,164,163,161,169,168,166,146,2
176,175,173,169,168,166,175,174,172,169,168,166,32,1
169,168,166,176,175,173,169,168,166,176,175,173,99,2
169,168,166,176,175,173,169,168,166,163,162,160,783,1
169,168,166,169,168,166,169,168,166,166,165,163,345,1
176,175,173,169,168,166,173,172,170,169,168,166,196,1
169,168,166,161,160,158,169,168,166,169,168,166,567,2
169,168,166,176,175,173,169,168,166,173,172,170,229,2
169,168,166,161,160,158,169,168,166,163,162,160,629,1
169,168,166,169,168,166,172,171,169,169,168,166,316,1
169,168,166,161,160,158,169,168,166,170,169,167,535,2
169,168,166,176,175,173,169,168,166,172,171,169,723,2
169,168,166,176,175,173,169,168,166,170,169,167,161,2
169,168,166,169,168,166,166,165,163,169,168,166,48,2
169,168,166,169,168,166,172,171,169,169,168,166,85,1
176,175,173,169,168,166,173,172,170,169,168,166,262,1
176,175,173,169,168,166,166,165,163,169,168,166,422,2
169,168,166,161,160,158,169,168,166,176,175,173,209,2
169,168,166,169,168,166,169,168,166,173,172,170,416,2
176,175,173,169,168,166,176,175,173,169,168,166,297,1
169,168,166,169,168,166,169,168,166,167,166,164,742,1
176,175,173,169,168,166,166,165,163,169,168,166,290,2
169,168,166,169,168,166,169,168,166,173,172,170,680,2
161,160,158,169,168,166,167,166,164,169,168,166,104,2
176,175,173,169,168,166,169,168,166,169,168,166,226,1
176,175,173,169,168,166,163,162,160,169,168,166,321,2
176,175,173,169,168,166,173,172,170,169,168,166,97,1
169,168,166,176,175,173,169,168,166,166,165,163,653,1
169,168,166,176,175,173,169,168,166,170,169,167,260,2
169,168,166,161,160,158,169,168,166,172,171,169,833,2
176,175,173,169,168,166,172,171,169,169,168,166,657,1
169,168,166,169,168,166,169,168,166,169,168,166,908,1
176,175,173,169,168,166,175,174,172,169,168,166,692,1
169,168,166,161,160,158,169,168,166,170,169,167,865,2
169,168,166,169,168,166,169,168,166,166,165,163,807,1
169,168,166,169,168,166,169,168,166,161,160,158,210,1
169,168,166,169,168,166,163,162,160,169,168,166,871,2
169,168,166,169,168,166,169,168,166,169,168,166,182,2
169,168,166,169,168,166,161,160,158,169,168,166,936,2
169,168,166,169,168,166,169,168,166,161,160,158,441,1
169,168,166,169,168,166,169,168,166,172,171,169,844,2
169,168,166,169,168,166,172,171,169,169,168,166,382,1
161,160,158,169,168,166,172,171,169,169,168,166,800,1
161,160,158,169,168,166,173,172,170,169,168,166,735,1
169,168,166,176,175,173,169,168,166,163,162,160,948,1
169,168,166,161,160,158,169,168,166,169,168,166,270,2
169,168,166,169,168,166,166,165,163,169,168,166,675,2
169,168,166,169,168,166,169,168,166,169,168,166,941,2
176,175,173,169,168,166,167,166,164,169,168,166,390,2
169,168,166,161,160,158,169,168,166,163,162,160,497,1
176,175,173,169,168,166,175,174,172,169,168,166,758,1
169,168,166,176,175,173,169,168,166,164,163,161,619,1
169,168,166,161,160,158,169,168,166,173,172,170,603,2
169,168,166,169,168,166,169,168,166,170,169,167,546,2
169,168,166,161,160,158,169,168,166,169,168,166,798,2
169,168,166,169,168,166,173,172,170,169,168,166,119,1
169,168,166,169,168,166,170,169,167,169,168,166,282,1
161,160,158,169,168,166,164,163,161,169,168,166,597,2
169,168,166,176,175,173,169,168,166,167,166,164,654,1
176,175,173,169,168,166,176,175,173,169,168,166,594,1
169,168,166,169,168,166,169,168,166,170,169,167,843,2
169,168,166,169,168,166,166,165,163,169,168,166,774,2
169,168,166,169,168,166,169,168,166,175,174,172,813,2
161,160,158,169,168,166,172,171,169,169,168,166,140,1
161,160,158,169,168,166,167,166,164,169,168,166,863,2
169,168,166,176,175,173,169,168,166,169,168,166,292,2
161,160,158,169,168,166,170,169,167,169,168,166,832,1
169,168,166,176,175,173,169,168,166,172,171,169,228,2
169,168,166,169,168,166,169,168,166,167,166,164,643,1
169,168,166,169,168,166,175,174,172,169,168,166,681,1
176,175,173,169,168,166,175,174,172,169,168,166,65,1
169,168,166,176,175,173,169,168,166,170,169,167,920,2
169,168,166,176,175,173,169,168,166,175,174,172,725,2
169,168,166,169,168,166,176,175,173,169,168,166,154,1
169,168,166,161,160,158,169,168,166,176,175,173,638,2
169,168,166,176,175,173,169,168,166,161,160,158,320,1
169,168,166,176,175,173,169,168,166,175,174,172,626,2
161,160,158,169,168,166,163,162,160,169,168,166,761,2
169,168,166,176,175,173,169,168,166,173,172,170,394,2
169,168,166,161,160,158,169,168,166,176,175,173,737,2
169,168,166,161,160,158,169,168,166,163,162,160,101,1
161,160,158,169,168,166,167,166,164,169,168,166,731,2
176,175,173,169,168,166,176,175,173,169,168,166,33,1
161,160,158,169,168,166,173,172,170,169,168,166,669,1
169,168,166,169,168,166,169,168,166,172,171,169,811,2
169,168,166,161,160,158,169,168,166,169,168,166,303,2
169,168,166,169,168,166,169,168,166,164,163,161,905,1
169,168,166,169,168,166,172,171,169,169,168,166,646,1
176,175,173,169,168,166,173,172,170,169,168,166,526,1
169,168,166,176,175,173,169,168,166,172,171,169,492,2
161,160,158,169,168,166,161,160,158,169,168,166,925,2
169,168,166,169,168,166,166,165,163,169,168,166,510,2
169,168,166,169,168,166,169,168,166,166,165,163,576,1
169,168,166,169,168,166,169,168,166,172,171,169,679,2
161,160,158,169,168,166,169,168,166,169,168,166,930,1
169,168,166,161,160,158,169,168,166,176,175,173,176,2
169,168,166,161,160,158,169,168,166,167,166,164,830,1
176,175,173,169,168,166,166,165,163,169,168,166,851,2
169,168,166,161,160,158,169,168,166,164,163,161,861,1
161,160,158,169,168,166,167,166,164,169,168,166,368,2
169,168,166,161,160,158,169,168,166,167,166,164,71,1
161,160,158,169,168,166,175,174,172,169,168,166,505,1
161,160,158,169,168,166,164,163,161,169,168,166,795,2
176,175,173,169,168,166,167,166,164,169,168,166,489,2
169,168,166,169,168,166,169,168,166,173,172,170,20,2
169,168,166,161,160,158,169,168,166,170,169,167,403,2
169,168,166,169,168,166,166,165,163,169,168,166,180,2
169,168,166,161,160,158,169,168,166,172,171,169,899,2
161,160,158,169,168,166,175,174,172,169,168,166,571,1
161,160,158,169,168,166,166,165,163,169,168,166,697,2
161,160,158,169,168,166,172,171,169,169,168,166,437,1
161,160,158,169,168,166,172,171,169,169,168,166,932,1
161,160,158,169,168,166,166,165,163,169,168,166,763,2
176,175,173,169,168,166,170,169,167,169,168,166,392,1
169,168,166,169,168,166,169,168,166,169,168,166,974,1
169,168,166,161,160,158,169,168,166,166,165,163,730,1
161,160,158,169,168,166,163,162,160,169,168,166,200,2
169,168,166,176,175,173,169,168,166,161,160,158,683,1
169,168,166,161,160,158,169,168,166,166,165,163,301,1
169,168,166,161,160,158,169,168,166,170,169,167,271,2
169,168,166,161,160,158,169,168,166,164,163,161,399,1
169,168,166,161,160,158,169,168,166,161,160,158,331,1
169,168,166,161,160,158,169,168,166,167,166,164,38,1
169,168,166,169,168,166,169,168,166,163,162,160,46,1
169,168,166,176,175,173,169,168,166,163,162,160,552,1
169,168,166,169,168,166,169,168,166,161,160,158,309,1
169,168,166,169,168,166,172,171,169,169,168,166,514,1
169,168,166,176,175,173,169,168,166,169,168,166,127,2
169,168,166,169,168,166,169,168,166,175,174,172,879,2
161,160,158,169,168,166,166,165,163,169,168,166,202,2
169,168,166,176,175,173,169,168,166,164,163,161,520,1
169,168,166,161,160,158,169,168,166,166,165,163,598,1
169,168,166,169,168,166,169,168,166,169,168,166,545,1
169,168,166,169,168,166,163,162,160,169,168,166,244,2
169,168,166,176,175,173,169,168,166,167,166,164,423,1
176,175,173,169,168,166,166,165,163,169,168,166,224,2
169,168,166,169,168,166,169,168,166,172,171,169,217,2
169,168,166,169,168,166,175,174,172,169,168,166,219,1
169,168,166,176,175,173,169,168,166,169,168,166,259,2
161,160,158,169,168,166,169,168,166,169,168,166,39,1
176,175,173,169,168,166,175,174,172,169,168,166,989,1
169,168,166,169,168,166,166,165,163,169,168,166,708,2
169,168,166,169,168,166,173,172,170,169,168,166,350,1
161,160,158,169,168,166,173,172,170,169,168,166,900,1
169,168,166,169,168,166,164,163,161,169,168,166,806,2
169,168,166,161,160,158,169,168,166,167,166,164,797,1
176,175,173,169,168,166,163,162,160,169,168,166,915,2
169,168,166,161,160,158,169,168,166,173,172,170,933,2
169,168,166,169,168,166,169,168,166,164,163,161,971,1
176,175,173,169,168,166,163,162,160,169,168,166,585,2
169,168,166,169,168,166,169,168,166,175,174,172,549,2
169,168,166,161,160,158,169,168,166,175,174,172,439,2
161,160,158,169,168,166,173,172,170,169,168,166,537,1
169,168,166,169,168,166,161,160,158,169,168,166,474,2
169,168,166,176,175,173,169,168,166,175,174,172,461,2
161,160,158,169,168,166,163,162,160,169,168,166,299,2
169,168,166,169,168,166,172,171,169,169,168,166,745,1
169,168,166,169,168,166,163,162,160,169,168,166,937,2
169,168,166,169,168,166,169,168,166,173,172,170,746,2
169,168,166,169,168,166,169,168,166,169,168,166,17,1
169,168,166,176,175,173,169,168,166,176,175,173,792,2
169,168,166,176,175,173,169,168,166,164,163,161,784,1
169,168,166,176,175,173,169,168,166,172,171,169,195,2
169,168,166,169,168,166,169,168,166,169,168,166,776,1
169,168,166,161,160,158,169,168,166,175,174,172,901,2
161,160,158,169,168,166,161,160,158,169,168,166,34,2
161,160,158,169,168,166,175,174,172,169,168,166,538,1
169,168,166,169,168,166,167,166,164,169,168,166,577,2
169,168,166,176,175,173,169,168,166,167,166,164,720,1
169,168,166,169,168,166,169,168,166,163,162,160,277,1
169,168,166,161,160,158,169,168,166,173,172,170,867,2
161,160,158,169,168,166,172,171,169,169,168,166,470,1
169,168,166,161,160,158,169,168,166,175,174,172,307,2
169,168,166,169,168,166,169,168,166,173,172,170,878,2
161,160,158,169,168,166,167,166,164,169,168,166,335,2
161,160,158,169,168,166,172,171,169,169,168,166,8,1
169,168,166,161,160,158,169,168,166,176,175,173,110,2
176,175,173,169,168,166,173,172,170,169,168,166,64,1
169,168,166,169,168,166,169,168,166,172,171,169,877,2
169,168,166,169,168,166,169,168,166,170,169,167,315,2
169,168,166,161,160,158,169,168,166,170,169,167,898,2
169,168,166,161,160,158,169,168,166,173,172,170,372,2
169,168,166,169,168,166,172,171,169,169,168,166,19,1
169,168,166,169,168,166,169,168,166,176,175,173,187,2
169,168,166,169,168,166,173,172,170,169,168,166,515,1
169,168,166,176,175,173,169,168,166,167,166,164,60,1
169,168,166,176,175,173,169,168,166,167,166,164,786,1
169,168,166,169,168,166,169,168,166,169,168,166,347,2
169,168,166,161,160,158,169,168,166,173,172,170,636,2
169,168,166,169,168,166,173,172,170,169,168,166,317,1
169,168,166,169,168,166,176,175,173,169,168,166,649,1
176,175,173,169,168,166,169,168,166,169,168,166,985,1
169,168,166,161,160,158,169,168,166,169,168,166,600,2
169,168,166,169,168,166,169,168,166,172,171,169,184,2
176,175,173,169,168,166,164,163,161,169,168,166,25,2
169,168,166,176,175,173,169,168,166,176,175,173,660,2
176,175,173,169,168,166,169,168,166,169,168,166,721,1
169,168,166,176,175,173,169,168,166,167,166,164,555,1
176,175,173,169,168,166,166,165,163,169,168,166,521,2
176,175,173,169,168,166,164,163,161,169,168,166,850,2
169,168,166,169,168,166,161,160,158,169,168,166,243,2
169,168,166,169,168,166,169,168,166,170,169,167,645,2
176,175,173,169,168,166,176,175,173,169,168,166,924,1
176,175,173,169,168,166,170,169,167,169,168,166,590,1
169,168,166,161,160,158,169,168,166,161,160,158,694,1
161,160,158,169,168,166,172,171,169,169,168,166,503,1
169,168,166,176,175,173,169,168,166,167,166,164,885,1
161,160,158,169,168,166,161,160,158,169,168,166,166,2
169,168,166,169,168,166,172,171,169,169,168,166,118,1
169,168,166,176,175,173,169,168,166,176,175,173,231,2
161,160,158,169,168,166,172,171,169,169,168,166,635,1
169,168,166,161,160,158,169,168,166,170,169,167,667,2
169,168,166,161,160,158,169,168,166,176,175,173,836,2
169,168,166,176,175,173,169,168,166,170,169,167,326,2
169,168,166,169,168,166,169,168,166,169,168,166,149,1
169,168,166,169,168,166,164,163,161,169,168,166,113,2
169,168,166,169,168,166,169,168,166,176,175,173,682,2
169,168,166,176,175,173,169,168,166,163,162,160,816,1
169,168,166,169,168,166,166,165,163,169,168,166,246,2
161,160,158,169,168,166,173,172,170,169,168,166,207,1
169,168,166,161,160,158,169,168,166,172,171,169,602,2
169,168,166,169,168,166,169,168,166,169,168,166,809,2
169,168,166,176,175,173,169,168,166,173,172,170,988,2
161,160,158,169,168,166,172,171,169,169,168,166,206,1
169,168,166,169,168,166,163,162,160,169,168,166,673,2
169,168,166,169,168,166,169,168,166,164,163,161,542,1
176,175,173,169,168,166,175,174,172,169,168,166,527,1
169,168,166,169,168,166,166,165,163,169,168,166,114,2
161,160,158,169,168,166,176,175,173,169,168,166,242,1
169,168,166,176,175,173,169,168,166,172,171,169,162,2
169,168,166,161,160,158,169,168,166,164,163,161,432,1
161,160,158,169,168,166,172,171,169,169,168,166,338,1
161,160,158,169,168,166,167,166,164,169,168,166,665,2
161,160,158,169,168,166,166,165,163,169,168,166,928,2
176,175,173,169,168,166,164,163,161,169,168,166,388,2
161,160,158,169,168,166,163,162,160,169,168,166,695,2
176,175,173,169,168,166,172,171,169,169,168,166,624,1
176,175,173,169,168,166,173,172,170,169,168,166,493,1
169,168,166,161,160,158,169,168,166,161,160,158,133,1
176,175,173,169,168,166,176,175,173,169,168,166,759,1
169,168,166,176,175,173,169,168,166,169,168,166,490,2
161,160,158,169,168,166,170,169,167,169,168,166,337,1
169,168,166,161,160,158,169,168,166,169,168,166,468,2
161,160,158,169,168,166,175,174,172,169,168,166,868,1
169,168,166,176,175,173,169,168,166,170,169,167,458,2
169,168,166,169,168,166,175,174,172,169,168,166,945,1
169,168,166,169,168,166,169,168,166,166,165,163,213,1
169,168,166,169,168,166,169,168,166,161,160,158,12,1
161,160,158,169,168,166,173,172,170,169,168,166,339,1
161,160,158,169,168,166,166,165,163,169,168,166,37,2
169,168,166,169,168,166,167,166,164,169,168,166,709,2
169,168,166,176,175,173,169,168,166,166,165,163,455,1
169,168,166,169,168,166,169,168,166,161,160,158,45,1
176,175,173,169,168,166,170,169,167,169,168,166,29,1
169,168,166,161,160,158,169,168,166,167,166,164,599,1
161,160,158,169,168,166,164,163,161,169,168,166,696,2
161,160,158,169,168,166,169,168,166,169,168,166,897,1
169,168,166,169,168,166,169,168,166,164,163,161,839,1
161,160,158,169,168,166,161,160,158,169,168,166,397,2
176,175,173,169,168,166,173,172,170,169,168,166,691,1
176,175,173,169,168,166,175,174,172,169,168,166,659,1
176,175,173,169,168,166,167,166,164,169,168,166,324,2
169,168,166,161,160,158,169,168,166,172,171,169,404,2
169,168,166,169,168,166,169,168,166,169,168,166,215,2
169,168,166,169,168,166,169,168,166,164,163,161,14,1
161,160,158,169,168,166,163,162,160,169,168,166,2,2
161,160,158,169,168,166,161,160,158,169,168,166,100,2
176,175,173,169,168,166,172,171,169,169,168,166,63,1
169,168,166,161,160,158,169,168,166,172,171,169,41,2
169,168,166,176,175,173,169,168,166,176,175,173,363,2
161,160,158,169,168,166,172,171,169,169,168,166,272,1
169,168,166,161,160,158,169,168,166,164,163,161,234,1
161,160,158,169,168,166,175,174,172,169,168,166,703,1
176,175,173,169,168,166,161,160,158,169,168,166,650,2
176,175,173,169,168,166,175,174,172,169,168,166,593,1
169,168,166,176,175,173,169,168,166,169,168,166,28,2
169,168,166,169,168,166,169,168,166,176,175,173,781,2
169,168,166,169,168,166,169,168,166,163,162,160,772,1
169,168,166,169,168,166,164,163,161,169,168,166,410,2
169,168,166,169,168,166,163,162,160,169,168,166,706,2
169,168,166,169,168,166,169,168,166,175,174,172,615,2
176,175,173,169,168,166,175,174,172,169,168,166,890,1
169,168,166,161,160,158,169,168,166,164,163,161,564,1
176,175,173,169,168,166,167,166,164,169,168,166,126,2
169,168,166,176,175,173,169,168,166,176,175,173,66,2
176,175,173,169,168,166,166,165,163,169,168,166,554,2
169,168,166,169,168,166,176,175,173,169,168,166,550,1
169,168,166,176,175,173,169,168,166,161,160,158,749,1
169,168,166,169,168,166,169,168,166,166,165,163,609,1
169,168,166,176,175,173,169,168,166,170,169,167,854,2
169,168,166,161,160,158,169,168,166,172,171,169,239,2
169,168,166,169,168,166,172,171,169,169,168,166,283,1
161,160,158,169,168,166,169,168,166,169,168,166,336,1
176,175,173,169,168,166,167,166,164,169,168,166,93,2
169,168,166,169,168,166,172,171,169,169,168,166,976,1
169,168,166,161,160,158,169,168,166,173,172,170,768,2
161,160,158,169,168,166,176,175,173,169,168,166,506,1
169,168,166,161,160,158,169,168,166,163,162,160,464,1
169,168,166,176,175,173,169,168,166,163,162,160,618,1
161,160,158,169,168,166,164,163,161,169,168,166,36,2
169,168,166,169,168,166,170,169,167,169,168,166,183,1
169,168,166,176,175,173,169,168,166,166,165,163,257,1
169,168,166,169,168,166,167,166,164,169,168,166,280,2
169,168,166,169,168,166,172,171,169,169,168,166,943,1
169,168,166,169,168,166,175,174,172,169,168,166,582,1
169,168,166,169,168,166,164,163,161,169,168,166,509,2
169,168,166,169,168,166,169,168,166,170,169,167,381,2
161,160,158,169,168,166,164,163,161,169,168,166,663,2
161,160,158,169,168,166,172,171,169,169,168,166,668,1
169,168,166,161,160,158,169,168,166,164,163,161,168,1
161,160,158,169,168,166,163,162,160,169,168,166,662,2
169,168,166,169,168,166,169,168,166,176,175,173,253,2
161,160,158,169,168,166,161,160,158,169,168,166,892,2
161,160,158,169,168,166,161,160,158,169,168,166,232,2
169,168,166,176,175,173,169,168,166,175,174,172,164,2
161,160,158,169,168,166,166,165,163,169,168,166,862,2
161,160,158,169,168,166,169,168,166,169,168,166,699,1
169,168,166,161,160,158,169,168,166,167,166,164,203,1
169,168,166,169,168,166,161,160,158,169,168,166,606,2
161,160,158,169,168,166,175,174,172,169,168,166,109,1
169,168,166,169,168,166,170,169,167,169,168,166,51,1
169,168,166,176,175,173,169,168,166,166,165,163,785,1
176,175,173,169,168,166,175,174,172,169,168,166,296,1
169,168,166,169,168,166,176,175,173,169,168,166,22,1
169,168,166,169,168,166,175,174,172,169,168,166,54,1
176,175,173,169,168,166,163,162,160,169,168,166,387,2
169,168,166,169,168,166,175,174,172,169,168,166,87,1
161,160,158,169,168,166,164,163,161,169,168,166,135,2
169,168,166,161,160,158,169,168,166,161,160,158,463,1
176,175,173,169,168,166,170,169,167,169,168,166,359,1
161,160,158,169,168,166,169,168,166,169,168,166,105,1
161,160,158,169,168,166,176,175,173,169,168,166,902,1
169,168,166,169,168,166,169,168,166,169,168,166,479,1
169,168,166,176,175,173,169,168,166,164,163,161,355,1
169,168,166,169,168,166,169,168,166,163,162,160,508,1
176,175,173,169,168,166,175,174,172,169,168,166,824,1
169,168,166,176,175,173,169,168,166,166,165,163,26,1
169,168,166,169,168,166,169,168,166,173,172,170,548,2
169,168,166,169,168,166,169,168,166,161,160,158,705,1
169,168,166,169,168,166,169,168,166,170,169,167,711,2
176,175,173,169,168,166,169,168,166,169,168,166,589,1
169,168,166,169,168,166,169,168,166,175,174,172,450,2
169,168,166,169,168,166,169,168,166,176,175,173,352,2
169,168,166,161,160,158,169,168,166,164,163,161,531,1
169,168,166,169,168,166,169,168,166,169,168,166,314,1
169,168,166,169,168,166,167,166,164,169,168,166,841,2
169,168,166,169,168,166,169,168,166,175,174,172,516,2
169,168,166,169,168,166,169,168,166,170,169,167,348,2
169,168,166,176,175,173,169,168,166,176,175,173,198,2
169,168,166,161,160,158,169,168,166,175,174,172,373,2
169,168,166,176,175,173,169,168,166,167,166,164,225,1
169,168,166,161,160,158,169,168,166,163,162,160,266,1
169,168,166,161,160,158,169,168,166,170,169,167,469,2
169,168,166,161,160,158,169,168,166,169,168,166,534,2
161,160,158,169,168,166,175,174,172,169,168,166,274,1
169,168,166,169,168,166,169,168,166,166,165,163,840,1
176,175,173,169,168,166,173,172,170,169,168,166,856,1
161,160,158,169,168,166,176,175,173,169,168,166,935,1
169,168,166,176,175,173,169,168,166,176,175,173,957,2
161,160,158,169,168,166,176,175,173,169,168,166,77,1
169,168,166,176,175,173,169,168,166,163,162,160,684,1
169,168,166,169,168,166,173,172,170,169,168,166,977,1
176,175,173,169,168,166,164,163,161,169,168,166,652,2
169,168,166,169,168,166,169,168,166,176,175,173,220,2
161,160,158,169,168,166,163,162,160,169,168,166,563,2
169,168,166,176,175,173,169,168,166,172,171,169,921,2
169,168,166,169,168,166,176,175,173,169,168,166,55,1
176,175,173,169,168,166,164,163,161,169,168,166,883,2
169,168,166,169,168,166,169,168,166,173,172,170,713,2
176,175,173,169,168,166,161,160,158,169,168,166,584,2
169,168,166,169,168,166,163,162,160,169,168,166,805,2
176,175,173,169,168,166,166,165,163,169,168,166,983,2
161,160,158,169,168,166,172,171,169,169,168,166,305,1
169,168,166,169,168,166,163,162,160,169,168,166,739,2
169,168,166,161,160,158,169,168,166,161,160,158,628,1
169,168,166,176,175,173,169,168,166,167,166,164,522,1
169,168,166,161,160,158,169,168,166,169,168,166,204,2
161,160,158,169,168,166,170,169,167,169,168,166,73,1
169,168,166,176,175,173,169,168,166,164,163,161,256,1
176,175,173,169,168,166,166,165,163,169,168,166,158,2
161,160,158,169,168,166,167,166,164,169,168,166,500,2
169,168,166,169,168,166,169,168,166,169,168,166,248,1
169,168,166,169,168,166,173,172,170,169,168,166,185,1
169,168,166,161,160,158,169,168,166,167,166,164,170,1
169,168,166,169,168,166,169,168,166,173,172,170,944,2
169,168,166,161,160,158,169,168,166,169,168,166,831,2
169,168,166,161,160,158,169,168,166,170,169,167,238,2
169,168,166,176,175,173,169,168,166,164,163,161,454,1
176,175,173,169,168,166,164,163,161,169,168,166,916,2
169,168,166,161,160,158,169,168,166,163,162,160,134,1
169,168,166,161,160,158,169,168,166,167,166,164,302,1
161,160,158,169,168,166,175,174,172,169,168,166,175,1
176,175,173,169,168,166,173,172,170,169,168,166,922,1
169,168,166,169,168,166,169,168,166,175,174,172,714,2
169,168,166,176,175,173,169,168,166,166,165,163,686,1
169,168,166,169,168,166,169,168,166,163,162,160,13,1
169,168,166,176,175,173,169,168,166,176,175,173,462,2
161,160,158,169,168,166,169,168,166,169,168,166,237,1
169,168,166,169,168,166,169,168,166,163,162,160,376,1
176,175,173,169,168,166,161,160,158,169,168,166,353,2
169,168,166,169,168,166,173,172,170,169,168,166,482,1
161,160,158,169,168,166,167,166,164,169,168,166,236,2
176,175,173,169,168,166,163,162,160,169,168,166,981,2
176,175,173,169,168,166,167,166,164,169,168,166,357,2
176,175,173,169,168,166,161,160,158,169,168,166,452,2
169,168,166,161,160,158,169,168,166,163,162,160,728,1
169,168,166,176,175,173,169,168,166,163,162,160,882,1
169,168,166,176,175,173,169,168,166,172,171,169,789,2
161,160,158,169,168,166,176,175,173,169,168,166,374,1
169,168,166,161,160,158,169,168,166,170,169,167,931,2
169,168,166,169,168,166,167,166,164,169,168,166,874,2
169,168,166,176,175,173,169,168,166,169,168,166,94,2
169,168,166,176,175,173,169,168,166,170,169,167,95,2
161,160,158,169,168,166,175,174,172,169,168,166,472,1
169,168,166,176,175,173,169,168,166,161,160,158,815,1
169,168,166,169,168,166,163,162,160,169,168,166,970,2
169,168,166,169,168,166,176,175,173,169,168,166,319,1
169,168,166,176,175,173,169,168,166,173,172,170,592,2
161,160,158,169,168,166,167,166,164,169,168,166,764,2
169,168,166,176,175,173,169,168,166,166,165,163,488,1
169,168,166,176,175,173,169,168,166,176,175,173,495,2
169,168,166,169,168,166,169,168,166,167,166,164,16,1
176,175,173,169,168,166,172,171,169,169,168,166,96,1
169,168,166,169,168,166,169,168,166,172,171,169,481,2
169,168,166,176,175,173,169,168,166,175,174,172,263,2
169,168,166,176,175,173,169,168,166,175,174,172,428,2
176,175,173,169,168,166,163,162,160,169,168,166,123,2
176,175,173,169,168,166,172,171,169,169,168,166,954,1
176,175,173,169,168,166,172,171,169,169,168,166,822,1
169,168,166,176,175,173,169,168,166,173,172,170,790,2
169,168,166,161,160,158,169,168,166,176,175,173,44,2
169,168,166,161,160,158,169,168,166,166,165,163,103,1
169,168,166,169,168,166,169,168,166,161,160,158,870,1
169,168,166,169,168,166,172,171,169,169,168,166,151,1
169,168,166,176,175,173,169,168,166,166,165,163,356,1
169,168,166,169,168,166,176,175,173,169,168,166,385,1
169,168,166,176,175,173,169,168,166,166,165,163,752,1
176,175,173,169,168,166,170,169,167,169,168,166,788,1
169,168,166,176,175,173,169,168,166,161,160,158,386,1
169,168,166,169,168,166,164,163,161,169,168,166,476,2
169,168,166,161,160,158,169,168,166,167,166,164,533,1
169,168,166,176,175,173,169,168,166,167,166,164,918,1
169,168,166,176,175,173,169,168,166,167,166,164,159,1
169,168,166,176,175,173,169,168,166,164,163,161,91,1
176,175,173,169,168,166,170,169,167,169,168,166,491,1
161,160,158,169,168,166,161,160,158,169,168,166,67,2
169,168,166,176,175,173,169,168,166,163,162,160,90,1
169,168,166,169,168,166,173,172,170,169,168,166,284,1
176,175,173,169,168,166,164,163,161,169,168,166,157,2
169,168,166,169,168,166,170,169,167,169,168,166,414,1
161,160,158,169,168,166,167,166,164,169,168,166,434,2
176,175,173,169,168,166,173,172,170,169,168,166,130,1
169,168,166,161,160,158,169,168,166,173,172,170,966,2
169,168,166,176,175,173,169,168,166,169,168,166,556,2
169,168,166,169,168,166,169,168,166,170,169,167,876,2
161,160,158,169,168,166,170,169,167,169,168,166,568,1
176,175,173,169,168,166,167,166,164,169,168,166,951,2
169,168,166,169,168,166,176,175,173,169,168,166,88,1
161,160,158,169,168,166,164,163,161,169,168,166,762,2
169,168,166,169,168,166,176,175,173,169,168,166,616,1
169,168,166,169,168,166,176,175,173,169,168,166,418,1
169,168,166,161,160,158,169,168,166,161,160,158,727,1
169,168,166,169,168,166,169,168,166,175,174,172,780,2
169,168,166,161,160,158,169,168,166,170,169,167,436,2
169,168,166,169,168,166,169,168,166,169,168,166,611,2
176,175,173,169,168,166,164,163,161,169,168,166,190,2
169,168,166,169,168,166,169,168,166,175,174,172,285,2
169,168,166,176,175,173,169,168,166,169,168,166,655,2
176,175,173,169,168,166,163,162,160,169,168,166,189,2
176,175,173,169,168,166,167,166,164,169,168,166,687,2
169,168,166,169,168,166,169,168,166,167,166,164,247,1
169,168,166,169,168,166,169,168,166,172,171,169,613,2
169,168,166,161,160,158,169,168,166,175,174,172,43,2
161,160,158,169,168,166,175,174,172,169,168,166,835,1
169,168,166,161,160,158,169,168,166,161,160,158,199,1
169,168,166,176,175,173,169,168,166,161,160,158,56,1
169,168,166,161,160,158,169,168,166,170,169,167,601,2
176,175,173,169,168,166,170,169,167,169,168,166,986,1
169,168,166,169,168,166,169,168,166,163,162,160,112,1
169,168,166,176,175,173,169,168,166,172,171,169,393,2
169,168,166,176,175,173,169,168,166,172,171,169,525,2
169,168,166,176,175,173,169,168,166,164,163,161,289,1
169,168,166,176,175,173,169,168,166,169,168,166,523,2
169,168,166,169,168,166,161,160,158,169,168,166,804,2
169,168,166,176,175,173,169,168,166,169,168,166,61,2
161,160,158,169,168,166,167,166,164,169,168,166,566,2
169,168,166,169,168,166,169,168,166,170,169,167,249,2
161,160,158,169,168,166,161,160,158,169,168,166,529,2
169,168,166,169,168,166,169,168,166,173,172,170,581,2
176,175,173,169,168,166,161,160,158,169,168,166,122,2
169,168,166,169,168,166,169,168,166,161,160,158,342,1
169,168,166,161,160,158,169,168,166,163,162,160,398,1
169,168,166,161,160,158,169,168,166,175,174,172,604,2
176,175,173,169,168,166,169,168,166,169,168,166,358,1
161,160,158,169,168,166,173,172,170,169,168,166,75,1
169,168,166,169,168,166,176,175,173,169,168,166,847,1
169,168,166,176,175,173,169,168,166,166,165,163,125,1
169,168,166,161,160,158,169,168,166,169,168,166,6,2
169,168,166,169,168,166,161,160,158,169,168,166,408,2
161,160,158,169,168,166,172,171,169,169,168,166,734,1
169,168,166,169,168,166,169,168,166,170,169,167,777,2
176,175,173,169,168,166,164,163,161,169,168,166,124,2
169,168,166,169,168,166,169,168,166,163,162,160,211,1
169,168,166,169,168,166,163,162,160,169,168,166,145,2
176,175,173,169,168,166,161,160,158,169,168,166,221,2
176,175,173,169,168,166,175,174,172,169,168,166,98,1
169,168,166,161,160,158,169,168,166,163,162,160,794,1
161,160,158,169,168,166,163,162,160,169,168,166,926,2
169,168,166,176,175,173,169,168,166,166,165,163,884,1
169,168,166,161,160,158,169,168,166,164,163,161,630,1
169,168,166,169,168,166,169,168,166,175,174,172,648,2
169,168,166,169,168,166,169,168,166,175,174,172,912,2
161,160,158,169,168,166,167,166,164,169,168,166,632,2
169,168,166,169,168,166,167,166,164,169,168,166,379,2
176,175,173,169,168,166,172,171,169,169,168,166,294,1
161,160,158,169,168,166,173,172,170,169,168,166,273,1
169,168,166,169,168,166,169,168,166,166,165,163,411,1
169,168,166,161,160,158,169,168,166,161,160,158,661,1
176,175,173,169,168,166,164,163,161,169,168,166,817,2
169,168,166,161,160,158,169,168,166,176,175,173,539,2
169,168,166,161,160,158,169,168,166,172,171,169,74,2
169,168,166,176,175,173,169,168,166,166,165,163,191,1
176,175,173,169,168,166,172,171,169,169,168,166,129,1
176,175,173,169,168,166,172,171,169,169,168,166,261,1
169,168,166,169,168,166,169,168,166,170,169,167,480,2
169,168,166,161,160,158,169,168,166,173,172,170,438,2
169,168,166,176,175,173,169,168,166,176,175,173,858,2
169,168,166,169,168,166,169,168,166,170,169,167,579,2
169,168,166,176,175,173,169,168,166,172,171,169,888,2
169,168,166,176,175,173,169,168,166,176,175,173,396,2
161,160,158,169,168,166,176,175,173,169,168,166,968,1
176,175,173,169,168,166,161,160,158,169,168,166,782,2
169,168,166,176,175,173,169,168,166,163,162,160,651,1
169,168,166,169,168,166,169,168,166,164,163,161,707,1
169,168,166,169,168,166,176,175,173,169,168,166,715,1
169,168,166,176,175,173,169,168,166,166,165,163,389,1
169,168,166,169,168,166,175,174,172,169,168,166,483,1
161,160,158,169,168,166,170,169,167,169,168,166,172,1
161,160,158,169,168,166,166,165,163,169,168,166,4,2
169,168,166,161,160,158,169,168,166,164,163,161,927,1
169,168,166,169,168,166,169,168,166,164,163,161,245,1
161,160,158,169,168,166,176,175,173,169,168,166,869,1
169,168,166,169,168,166,166,165,163,169,168,166,15,2
169,168,166,169,168,166,170,169,167,169,168,166,447,1
169,168,166,169,168,166,169,168,166,161,160,158,375,1
169,168,166,169,168,166,176,175,173,169,168,166,880,1
169,168,166,161,160,158,169,168,166,169,168,166,501,2
169,168,166,161,160,158,169,168,166,166,165,163,664,1
169,168,166,161,160,158,169,168,166,164,163,161,465,1
161,160,158,169,168,166,170,169,167,169,168,166,205,1
169,168,166,169,168,166,169,168,166,170,169,167,150,2
169,168,166,169,168,166,170,169,167,169,168,166,678,1
169,168,166,161,160,158,169,168,166,164,163,161,729,1
169,168,166,169,168,166,169,168,166,163,162,160,178,1
169,168,166,169,168,166,176,175,173,169,168,166,517,1
169,168,166,176,175,173,169,168,166,170,169,167,821,2
169,168,166,176,175,173,169,168,166,176,175,173,825,2
169,168,166,169,168,166,164,163,161,169,168,166,179,2
169,168,166,169,168,166,163,162,160,169,168,166,607,2
169,168,166,161,160,158,169,168,166,166,165,163,268,1
169,168,166,169,168,166,169,168,166,166,165,163,477,1
169,168,166,161,160,158,169,168,166,172,171,169,107,2
169,168,166,176,175,173,169,168,166,169,168,166,820,2
169,168,166,169,168,166,169,168,166,167,166,164,940,1
169,168,166,169,168,166,169,168,166,161,160,158,573,1
169,168,166,169,168,166,176,175,173,169,168,166,913,1
169,168,166,161,160,158,169,168,166,164,163,161,828,1
169,168,166,169,168,166,161,160,158,169,168,166,903,2
169,168,166,169,168,166,172,171,169,169,168,166,778,1
169,168,166,176,175,173,169,168,166,173,172,170,724,2
176,175,173,169,168,166,170,169,167,169,168,166,62,1
169,168,166,169,168,166,169,168,166,172,171,169,415,2
169,168,166,169,168,166,161,160,158,169,168,166,738,2
169,168,166,161,160,158,169,168,166,176,175,173,407,2
176,175,173,169,168,166,170,169,167,169,168,166,953,1
161,160,158,169,168,166,172,171,169,169,168,166,536,1
169,168,166,169,168,166,167,166,164,169,168,166,676,2
169,168,166,169,168,166,169,168,166,172,171,169,250,2
169,168,166,169,168,166,175,174,172,169,168,166,846,1
161,160,158,169,168,166,166,165,163,169,168,166,796,2
161,160,158,169,168,166,167,166,164,169,168,166,962,2
161,160,158,169,168,166,176,175,173,169,168,166,143,1
169,168,166,169,168,166,172,171,169,169,168,166,910,1
169,168,166,176,175,173,169,168,166,172,171,169,690,2
169,168,166,161,160,158,169,168,166,172,171,169,371,2
169,168,166,161,160,158,169,168,166,170,169,167,106,2
169,168,166,176,175,173,169,168,166,167,166,164,621,1
169,168,166,169,168,166,164,163,161,169,168,166,740,2
176,175,173,169,168,166,161,160,158,169,168,166,551,2
169,168,166,176,175,173,169,168,166,175,174,172,131,2
169,168,166,169,168,166,170,169,167,169,168,166,117,1
161,160,158,169,168,166,170,169,167,169,168,166,40,1
161,160,158,169,168,166,175,174,172,169,168,166,142,1
169,168,166,169,168,166,169,168,166,163,162,160,343,1
169,168,166,169,168,166,172,171,169,169,168,166,52,1
176,175,173,169,168,166,173,172,170,169,168,166,163,1
176,175,173,169,168,166,176,175,173,169,168,166,561,1
169,168,166,169,168,166,164,163,161,169,168,166,311,2
169,168,166,169,168,166,172,171,169,169,168,166,349,1
169,168,166,169,168,166,169,168,166,161,160,158,144,1
176,175,173,169,168,166,167,166,164,169,168,166,456,2
169,168,166,169,168,166,164,163,161,169,168,166,773,2
176,175,173,169,168,166,163,162,160,169,168,166,750,2
161,160,158,169,168,166,166,165,163,169,168,166,367,2
169,168,166,176,175,173,169,168,166,175,174,172,791,2
169,168,166,169,168,166,169,168,166,166,165,163,543,1
169,168,166,176,175,173,169,168,166,166,165,163,719,1
161,160,158,169,168,166,163,162,160,169,168,166,827,2
169,168,166,169,168,166,169,168,166,167,166,164,412,1
169,168,166,161,160,158,169,168,166,164,163,161,333,1
176,175,173,169,168,166,176,175,173,169,168,166,726,1
169,168,166,161,160,158,169,168,166,166,165,163,235,1
176,175,173,169,168,166,176,175,173,169,168,166,891,1
169,168,166,161,160,158,169,168,166,163,162,160,893,1
169,168,166,169,168,166,169,168,166,164,163,161,344,1
169,168,166,161,160,158,169,168,166,172,171,169,173,2
169,168,166,169,168,166,176,175,173,169,168,166,484,1
169,168,166,169,168,166,169,168,166,176,175,173,121,2
169,168,166,161,160,158,169,168,166,173,172,170,42,2
169,168,166,169,168,166,169,168,166,167,166,164,82,1
176,175,173,169,168,166,175,174,172,169,168,166,560,1
169,168,166,169,168,166,169,168,166,161,160,158,639,1
161,160,158,169,168,166,166,165,163,169,168,166,565,2
161,160,158,169,168,166,161,160,158,169,168,166,826,2
169,168,166,176,175,173,169,168,166,167,166,164,588,1
169,168,166,161,160,158,169,168,166,164,163,161,894,1
176,175,173,169,168,166,176,175,173,169,168,166,264,1
169,168,166,169,168,166,169,168,166,170,169,167,513,2
161,160,158,169,168,166,164,163,161,169,168,166,267,2
