125,123,121,113,112,109,122,121,118,113,112,109,989,1
113,112,109,125,123,121,113,112,109,115,114,111,95,2
113,112,109,125,123,121,113,112,109,122,121,118,626,2
113,112,109,113,112,109,113,112,109,115,114,111,810,2
125,123,121,113,112,109,110,109,106,113,112,109,654,2
125,123,121,113,112,109,118,116,114,113,112,109,459,1
99,98,95,113,112,109,120,119,116,113,112,109,141,1
113,112,109,99,98,95,113,112,109,113,112,109,699,2
113,112,109,99,98,95,113,112,109,102,101,98,167,1
113,112,109,113,112,109,113,112,109,115,114,111,513,2
113,112,109,125,123,121,113,112,109,102,101,98,57,1
99,98,95,113,112,109,118,116,114,113,112,109,437,1
99,98,95,113,112,109,110,109,106,113,112,109,731,2
113,112,109,99,98,95,113,112,109,102,101,98,299,1
113,112,109,99,98,95,113,112,109,122,121,118,241,2
113,112,109,125,123,121,113,112,109,118,116,114,690,2
113,112,109,125,123,121,113,112,109,110,109,106,192,1
99,98,95,113,112,109,99,98,95,113,112,109,826,2
113,112,109,113,112,109,115,114,111,113,112,109,84,1
113,112,109,125,123,121,113,112,109,110,109,106,984,1
113,112,109,99,98,95,113,112,109,115,114,111,40,2
113,112,109,99,98,95,113,112,109,118,116,114,41,2
113,112,109,113,112,109,120,119,116,113,112,109,317,1
99,98,95,113,112,109,102,101,98,113,112,109,530,2
113,112,109,113,112,109,118,116,114,113,112,109,151,1
113,112,109,113,112,109,113,112,109,122,121,118,846,2
113,112,109,113,112,109,113,112,109,113,112,109,974,2
113,112,109,99,98,95,113,112,109,108,106,104,136,1
113,112,109,113,112,109,113,112,109,99,98,95,639,1
113,112,109,113,112,109,113,112,109,102,101,98,79,1
113,112,109,99,98,95,113,112,109,125,123,121,143,2
99,98,95,113,112,109,122,121,118,113,112,109,769,1
113,112,109,125,123,121,113,112,109,125,123,121,264,2
113,112,109,99,98,95,113,112,109,118,116,114,371,2
113,112,109,113,112,109,113,112,109,102,101,98,508,1
113,112,109,113,112,109,113,112,109,102,101,98,376,1
99,98,95,113,112,109,122,121,118,113,112,109,109,1
113,112,109,113,112,109,108,106,104,113,112,109,708,2
99,98,95,113,112,109,105,104,101,113,112,109,729,2
99,98,95,113,112,109,102,101,98,113,112,109,200,2
113,112,109,125,123,121,113,112,109,102,101,98,651,1
99,98,95,113,112,109,105,104,101,113,112,109,234,2
113,112,109,113,112,109,113,112,109,122,121,118,153,2
113,112,109,125,123,121,113,112,109,118,116,114,63,2
113,112,109,113,112,109,113,112,109,105,104,101,212,1
113,112,109,99,98,95,113,112,109,118,116,114,635,2
99,98,95,113,112,109,115,114,111,113,112,109,700,1
113,112,109,113,112,109,118,116,114,113,112,109,712,1
99,98,95,113,112,109,108,106,104,113,112,109,763,2
99,98,95,113,112,109,122,121,118,113,112,109,307,1
113,112,109,113,112,109,113,112,109,120,119,116,713,2
113,112,109,99,98,95,113,112,109,108,106,104,730,1
125,123,121,113,112,109,102,101,98,113,112,109,453,2
113,112,109,113,112,109,122,121,118,113,112,109,879,1
113,112,109,125,123,121,113,112,109,102,101,98,750,1
113,112,109,113,112,109,118,116,114,113,112,109,844,1
113,112,109,99,98,95,113,112,109,99,98,95,232,1
113,112,109,125,123,121,113,112,109,125,123,121,660,2
113,112,109,125,123,121,113,112,109,118,116,114,360,2
113,112,109,125,123,121,113,112,109,115,114,111,920,2
99,98,95,113,112,109,125,123,121,113,112,109,407,1
113,112,109,99,98,95,113,112,109,102,101,98,662,1
113,112,109,113,112,109,115,114,111,113,112,109,975,1
113,112,109,113,112,109,125,123,121,113,112,109,55,1
113,112,109,113,112,109,110,109,106,113,112,109,808,2
113,112,109,113,112,109,105,104,101,113,112,109,806,2
113,112,109,99,98,95,113,112,109,105,104,101,69,1
113,112,109,113,112,109,113,112,109,120,119,116,614,2
113,112,109,125,123,121,113,112,109,122,121,118,593,2
113,112,109,125,123,121,113,112,109,99,98,95,89,1
113,112,109,99,98,95,113,112,109,108,106,104,532,1
113,112,109,125,123,121,113,112,109,99,98,95,848,1
113,112,109,113,112,109,108,106,104,113,112,109,873,2
113,112,109,113,112,109,113,112,109,108,106,104,114,1
113,112,109,113,112,109,113,112,109,99,98,95,342,1
113,112,109,125,123,121,113,112,109,120,119,116,790,2
125,123,121,113,112,109,99,98,95,113,112,109,980,2
113,112,109,99,98,95,113,112,109,118,116,114,536,2
99,98,95,113,112,109,113,112,109,113,112,109,39,1
113,112,109,113,112,109,99,98,95,113,112,109,771,2
113,112,109,99,98,95,113,112,109,122,121,118,208,2
125,123,121,113,112,109,118,116,114,113,112,109,393,1
125,123,121,113,112,109,99,98,95,113,112,109,23,2
113,112,109,113,112,109,108,106,104,113,112,109,147,2
113,112,109,125,123,121,113,112,109,102,101,98,321,1
113,112,109,99,98,95,113,112,109,102,101,98,431,1
125,123,121,113,112,109,125,123,121,113,112,109,495,1
113,112,109,125,123,121,113,112,109,120,119,116,394,2
113,112,109,113,112,109,113,112,109,120,119,116,779,2
113,112,109,113,112,109,105,104,101,113,112,109,509,2
99,98,95,113,112,109,122,121,118,113,112,109,802,1
113,112,109,113,112,109,99,98,95,113,112,109,441,2
113,112,109,125,123,121,113,112,109,108,106,104,653,1
113,112,109,125,123,121,113,112,109,113,112,109,589,2
113,112,109,113,112,109,125,123,121,113,112,109,550,1
113,112,109,113,112,109,113,112,109,108,106,104,15,1
113,112,109,99,98,95,113,112,109,113,112,109,171,2
113,112,109,113,112,109,113,112,109,115,114,111,711,2
113,112,109,99,98,95,113,112,109,120,119,116,174,2
99,98,95,113,112,109,105,104,101,113,112,109,762,2
113,112,109,125,123,121,113,112,109,105,104,101,949,1
113,112,109,113,112,109,125,123,121,113,112,109,319,1
125,123,121,113,112,109,122,121,118,113,112,109,362,1
125,123,121,113,112,109,115,114,111,113,112,109,128,1
113,112,109,113,112,109,115,114,111,113,112,109,579,1
113,112,109,113,112,109,113,112,109,105,104,101,773,1
113,112,109,113,112,109,110,109,106,113,112,109,676,2
113,112,109,113,112,109,115,114,111,113,112,109,216,1
99,98,95,113,112,109,115,114,111,113,112,109,832,1
113,112,109,113,112,109,113,112,109,102,101,98,541,1
113,112,109,113,112,109,113,112,109,113,112,109,743,1
113,112,109,99,98,95,113,112,109,110,109,106,566,1
113,112,109,113,112,109,113,112,109,118,116,114,811,2
113,112,109,113,112,109,113,112,109,99,98,95,969,1
99,98,95,113,112,109,115,114,111,113,112,109,73,1
113,112,109,113,112,109,113,112,109,108,106,104,939,1
113,112,109,113,112,109,113,112,109,115,114,111,282,2
113,112,109,113,112,109,120,119,116,113,112,109,515,1
113,112,109,113,112,109,108,106,104,113,112,109,411,2
113,112,109,113,112,109,125,123,121,113,112,109,946,1
113,112,109,113,112,109,113,112,109,113,112,109,149,1
113,112,109,113,112,109,113,112,109,105,104,101,14,1
113,112,109,125,123,121,113,112,109,120,119,116,823,2
113,112,109,125,123,121,113,112,109,118,116,114,261,2
113,112,109,113,112,109,113,112,109,105,104,101,575,1
113,112,109,99,98,95,113,112,109,115,114,111,964,2
113,112,109,125,123,121,113,112,109,122,121,118,824,2
125,123,121,113,112,109,99,98,95,113,112,109,584,2
113,112,109,113,112,109,113,112,109,110,109,106,214,1
113,112,109,113,112,109,118,116,114,113,112,109,910,1
125,123,121,113,112,109,110,109,106,113,112,109,951,2
125,123,121,113,112,109,115,114,111,113,112,109,788,1
99,98,95,113,112,109,118,116,114,113,112,109,404,1
125,123,121,113,112,109,102,101,98,113,112,109,354,2
113,112,109,113,112,109,113,112,109,110,109,106,346,1
99,98,95,113,112,109,110,109,106,113,112,109,401,2
113,112,109,113,112,109,125,123,121,113,112,109,286,1
113,112,109,113,112,109,113,112,109,113,112,109,116,1
99,98,95,113,112,109,99,98,95,113,112,109,265,2
113,112,109,99,98,95,113,112,109,108,106,104,70,1
125,123,121,113,112,109,115,114,111,113,112,109,821,1
113,112,109,99,98,95,113,112,109,118,116,114,668,2
113,112,109,113,112,109,115,114,111,113,112,109,414,1
99,98,95,113,112,109,125,123,121,113,112,109,11,1
113,112,109,99,98,95,113,112,109,122,121,118,571,2
113,112,109,113,112,109,113,112,109,118,116,114,283,2
125,123,121,113,112,109,108,106,104,113,112,109,191,2
125,123,121,113,112,109,102,101,98,113,112,109,915,2
113,112,109,125,123,121,113,112,109,113,112,109,127,2
99,98,95,113,112,109,108,106,104,113,112,109,565,2
113,112,109,99,98,95,113,112,109,110,109,106,38,1
113,112,109,113,112,109,108,106,104,113,112,109,741,2
125,123,121,113,112,109,120,119,116,113,112,109,691,1
125,123,121,113,112,109,102,101,98,113,112,109,156,2
99,98,95,113,112,109,99,98,95,113,112,109,364,2
113,112,109,113,112,109,118,116,114,113,112,109,349,1
113,112,109,125,123,121,113,112,109,118,116,114,228,2
99,98,95,113,112,109,125,123,121,113,112,109,968,1
113,112,109,113,112,109,113,112,109,105,104,101,674,1
99,98,95,113,112,109,118,116,114,113,112,109,239,1
113,112,109,113,112,109,102,101,98,113,112,109,211,2
125,123,121,113,112,109,120,119,116,113,112,109,64,1
113,112,109,113,112,109,105,104,101,113,112,109,707,2
113,112,109,113,112,109,102,101,98,113,112,109,838,2
113,112,109,125,123,121,113,112,109,118,116,114,723,2
113,112,109,113,112,109,120,119,116,113,112,109,251,1
99,98,95,113,112,109,125,123,121,113,112,109,275,1
113,112,109,125,123,121,113,112,109,105,104,101,223,1
113,112,109,113,112,109,113,112,109,113,112,109,314,2
99,98,95,113,112,109,102,101,98,113,112,109,695,2
99,98,95,113,112,109,113,112,109,113,112,109,369,1
99,98,95,113,112,109,125,123,121,113,112,109,77,1
113,112,109,99,98,95,113,112,109,99,98,95,529,1
99,98,95,113,112,109,102,101,98,113,112,109,398,2
113,112,109,113,112,109,122,121,118,113,112,109,582,1
113,112,109,99,98,95,113,112,109,102,101,98,959,1
113,112,109,113,112,109,120,119,116,113,112,109,977,1
113,112,109,113,112,109,113,112,109,120,119,116,647,2
113,112,109,113,112,109,113,112,109,125,123,121,616,2
113,112,109,99,98,95,113,112,109,113,112,109,435,2
99,98,95,113,112,109,113,112,109,113,112,109,402,1
113,112,109,113,112,109,113,112,109,118,116,114,448,2
125,123,121,113,112,109,125,123,121,113,112,109,858,1
99,98,95,113,112,109,102,101,98,113,112,109,266,2
113,112,109,125,123,121,113,112,109,110,109,106,390,1
113,112,109,113,112,109,118,116,114,113,112,109,613,1
99,98,95,113,112,109,125,123,121,113,112,109,572,1
113,112,109,99,98,95,113,112,109,125,123,121,869,2
125,123,121,113,112,109,125,123,121,113,112,109,759,1
125,123,121,113,112,109,102,101,98,113,112,109,255,2
99,98,95,113,112,109,120,119,116,113,112,109,75,1
99,98,95,113,112,109,115,114,111,113,112,109,172,1
113,112,109,99,98,95,113,112,109,110,109,106,929,1
125,123,121,113,112,109,115,114,111,113,112,109,326,1
113,112,109,125,123,121,113,112,109,102,101,98,684,1
125,123,121,113,112,109,110,109,106,113,112,109,522,2
113,112,109,113,112,109,113,112,109,125,123,121,88,2
113,112,109,113,112,109,120,119,116,113,112,109,581,1
113,112,109,113,112,109,113,112,109,120,119,116,845,2
113,112,109,99,98,95,113,112,109,99,98,95,925,1
125,123,121,113,112,109,105,104,101,113,112,109,883,2
125,123,121,113,112,109,113,112,109,113,112,109,325,1
113,112,109,113,112,109,113,112,109,125,123,121,22,2
113,112,109,99,98,95,113,112,109,115,114,111,568,2
99,98,95,113,112,109,115,114,111,113,112,109,7,1
113,112,109,113,112,109,113,112,109,105,104,101,179,1
113,112,109,113,112,109,113,112,109,108,106,104,246,1
125,123,121,113,112,109,105,104,101,113,112,109,58,2
99,98,95,113,112,109,120,119,116,113,112,109,537,1
113,112,109,99,98,95,113,112,109,120,119,116,933,2
113,112,109,113,112,109,102,101,98,113,112,109,970,2
113,112,109,125,123,121,113,112,109,118,116,114,888,2
125,123,121,113,112,109,125,123,121,113,112,109,825,1
113,112,109,113,112,109,125,123,121,113,112,109,121,1
125,123,121,113,112,109,99,98,95,113,112,109,683,2
113,112,109,113,112,109,113,112,109,113,112,109,512,2
99,98,95,113,112,109,118,116,114,113,112,109,305,1
113,112,109,125,123,121,113,112,109,110,109,106,720,1
113,112,109,113,112,109,102,101,98,113,112,109,442,2
113,112,109,99,98,95,113,112,109,108,106,104,499,1
113,112,109,99,98,95,113,112,109,108,106,104,202,1
99,98,95,113,112,109,118,116,114,113,112,109,767,1
113,112,109,99,98,95,113,112,109,118,116,114,701,2
113,112,109,99,98,95,113,112,109,120,119,116,504,2
125,123,121,113,112,109,105,104,101,113,112,109,916,2
113,112,109,113,112,109,113,112,109,115,114,111,480,2
113,112,109,113,112,109,113,112,109,99,98,95,507,1
125,123,121,113,112,109,99,98,95,113,112,109,419,2
113,112,109,125,123,121,113,112,109,102,101,98,849,1
99,98,95,113,112,109,102,101,98,113,112,109,101,2
113,112,109,125,123,121,113,112,109,118,116,114,756,2
99,98,95,113,112,109,120,119,116,113,112,109,306,1
113,112,109,125,123,121,113,112,109,102,101,98,948,1
113,112,109,113,112,109,122,121,118,113,112,109,318,1
99,98,95,113,112,109,120,119,116,113,112,109,636,1
113,112,109,125,123,121,113,112,109,122,121,118,428,2
113,112,109,113,112,109,113,112,109,108,106,104,81,1
113,112,109,125,123,121,113,112,109,108,106,104,422,1
125,123,121,113,112,109,99,98,95,113,112,109,650,2
113,112,109,113,112,109,113,112,109,125,123,121,715,2
113,112,109,113,112,109,99,98,95,113,112,109,474,2
113,112,109,99,98,95,113,112,109,102,101,98,860,1
113,112,109,113,112,109,113,112,109,102,101,98,871,1
113,112,109,125,123,121,113,112,109,120,119,116,163,2
99,98,95,113,112,109,108,106,104,113,112,109,829,2
113,112,109,125,123,121,113,112,109,120,119,116,889,2
113,112,109,113,112,109,122,121,118,113,112,109,252,1
113,112,109,99,98,95,113,112,109,125,123,121,638,2
113,112,109,113,112,109,113,112,109,102,101,98,277,1
113,112,109,125,123,121,113,112,109,125,123,121,726,2
113,112,109,125,123,121,113,112,109,122,121,118,560,2
113,112,109,99,98,95,113,112,109,125,123,121,671,2
113,112,109,113,112,109,118,116,114,113,112,109,778,1
113,112,109,113,112,109,108,106,104,113,112,109,576,2
99,98,95,113,112,109,115,114,111,113,112,109,667,1
113,112,109,113,112,109,113,112,109,108,106,104,609,1
113,112,109,113,112,109,110,109,106,113,112,109,115,2
113,112,109,113,112,109,110,109,106,113,112,109,742,2
125,123,121,113,112,109,99,98,95,113,112,109,188,2
99,98,95,113,112,109,120,119,116,113,112,109,768,1
125,123,121,113,112,109,118,116,114,113,112,109,987,1
113,112,109,113,112,109,122,121,118,113,112,109,615,1
113,112,109,99,98,95,113,112,109,125,123,121,836,2
113,112,109,99,98,95,113,112,109,113,112,109,237,2
113,112,109,113,112,109,113,112,109,115,114,111,876,2
113,112,109,99,98,95,113,112,109,122,121,118,439,2
113,112,109,113,112,109,99,98,95,113,112,109,804,2
113,112,109,113,112,109,115,114,111,113,112,109,942,1
125,123,121,113,112,109,108,106,104,113,112,109,92,2
99,98,95,113,112,109,105,104,101,113,112,109,465,2
113,112,109,113,112,109,99,98,95,113,112,109,375,2
99,98,95,113,112,109,115,114,111,113,112,109,403,1
113,112,109,125,123,121,113,112,109,122,121,118,131,2
113,112,109,113,112,109,113,112,109,108,106,104,48,1
125,123,121,113,112,109,118,116,114,113,112,109,30,1
113,112,109,99,98,95,113,112,109,105,104,101,564,1
113,112,109,113,112,109,102,101,98,113,112,109,640,2
125,123,121,113,112,109,108,106,104,113,112,109,224,2
113,112,109,99,98,95,113,112,109,102,101,98,827,1
113,112,109,113,112,109,105,104,101,113,112,109,80,2
113,112,109,113,112,109,113,112,109,115,114,111,183,2
113,112,109,125,123,121,113,112,109,99,98,95,914,1
99,98,95,113,112,109,102,101,98,113,112,109,134,2
113,112,109,99,98,95,113,112,109,105,104,101,432,1
113,112,109,125,123,121,113,112,109,125,123,121,231,2
113,112,109,99,98,95,113,112,109,120,119,116,570,2
113,112,109,113,112,109,113,112,109,125,123,121,814,2
113,112,109,99,98,95,113,112,109,105,104,101,168,1
125,123,121,113,112,109,99,98,95,113,112,109,452,2
99,98,95,113,112,109,120,119,116,113,112,109,471,1
125,123,121,113,112,109,113,112,109,113,112,109,622,1
113,112,109,113,112,109,113,112,109,105,104,101,377,1
125,123,121,113,112,109,122,121,118,113,112,109,791,1
113,112,109,99,98,95,113,112,109,122,121,118,175,2
113,112,109,113,112,109,113,112,109,113,112,109,908,2
113,112,109,113,112,109,115,114,111,113,112,109,51,1
125,123,121,113,112,109,115,114,111,113,112,109,161,1
113,112,109,99,98,95,113,112,109,122,121,118,142,2
113,112,109,113,112,109,113,112,109,99,98,95,210,1
113,112,109,99,98,95,113,112,109,108,106,104,697,1
113,112,109,125,123,121,113,112,109,108,106,104,554,1
113,112,109,125,123,121,113,112,109,110,109,106,423,1
113,112,109,99,98,95,113,112,109,99,98,95,496,1
125,123,121,113,112,109,105,104,101,113,112,109,784,2
113,112,109,113,112,109,113,112,109,102,101,98,574,1
113,112,109,125,123,121,113,112,109,125,123,121,99,2
113,112,109,113,112,109,113,112,109,120,119,116,548,2
113,112,109,113,112,109,113,112,109,99,98,95,837,1
113,112,109,99,98,95,113,112,109,108,106,104,4,1
125,123,121,113,112,109,118,116,114,113,112,109,624,1
113,112,109,113,112,109,113,112,109,113,112,109,644,1
113,112,109,99,98,95,113,112,109,110,109,106,632,1
113,112,109,125,123,121,113,112,109,113,112,109,424,2
99,98,95,113,112,109,113,112,109,113,112,109,765,1
113,112,109,99,98,95,113,112,109,108,106,104,598,1
113,112,109,113,112,109,113,112,109,125,123,121,418,2
113,112,109,125,123,121,113,112,109,120,119,116,31,2
113,112,109,113,112,109,99,98,95,113,112,109,738,2
113,112,109,99,98,95,113,112,109,113,112,109,501,2
113,112,109,113,112,109,118,116,114,113,112,109,382,1
113,112,109,99,98,95,113,112,109,125,123,121,44,2
113,112,109,113,112,109,113,112,109,122,121,118,912,2
99,98,95,113,112,109,122,121,118,113,112,109,76,1
125,123,121,113,112,109,113,112,109,113,112,109,754,1
113,112,109,113,112,109,113,112,109,118,116,114,217,2
99,98,95,113,112,109,115,114,111,113,112,109,766,1
113,112,109,113,112,109,102,101,98,113,112,109,244,2
113,112,109,113,112,109,113,112,109,110,109,106,379,1
113,112,109,99,98,95,113,112,109,115,114,111,304,2
99,98,95,113,112,109,120,119,116,113,112,109,207,1
99,98,95,113,112,109,125,123,121,113,112,109,605,1
125,123,121,113,112,109,102,101,98,113,112,109,90,2
99,98,95,113,112,109,102,101,98,113,112,109,68,2
125,123,121,113,112,109,110,109,106,113,112,109,225,2
99,98,95,113,112,109,110,109,106,113,112,109,830,2
113,112,109,125,123,121,113,112,109,105,104,101,982,1
113,112,109,99,98,95,113,112,109,125,123,121,803,2
113,112,109,113,112,109,115,114,111,113,112,109,744,1
99,98,95,113,112,109,99,98,95,113,112,109,133,2
125,123,121,113,112,109,122,121,118,113,112,109,725,1
125,123,121,113,112,109,115,114,111,113,112,109,623,1
113,112,109,113,112,109,113,112,109,113,112,109,413,1
113,112,109,99,98,95,113,112,109,110,109,106,71,1
113,112,109,113,112,109,113,112,109,125,123,121,220,2
125,123,121,113,112,109,110,109,106,113,112,109,93,2
99,98,95,113,112,109,120,119,116,113,112,109,108,1
125,123,121,113,112,109,99,98,95,113,112,109,716,2
113,112,109,125,123,121,113,112,109,108,106,104,752,1
99,98,95,113,112,109,113,112,109,113,112,109,666,1
99,98,95,113,112,109,113,112,109,113,112,109,204,1
99,98,95,113,112,109,120,119,116,113,112,109,42,1
99,98,95,113,112,109,110,109,106,113,112,109,236,2
113,112,109,113,112,109,125,123,121,113,112,109,451,1
113,112,109,113,112,109,113,112,109,118,116,114,547,2
113,112,109,99,98,95,113,112,109,125,123,121,341,2
113,112,109,113,112,109,110,109,106,113,112,109,148,2
113,112,109,113,112,109,122,121,118,113,112,109,516,1
113,112,109,99,98,95,113,112,109,108,106,104,235,1
113,112,109,125,123,121,113,112,109,113,112,109,292,2
113,112,109,99,98,95,113,112,109,99,98,95,1,1
113,112,109,99,98,95,113,112,109,113,112,109,534,2
99,98,95,113,112,109,125,123,121,113,112,109,539,1
125,123,121,113,112,109,105,104,101,113,112,109,355,2
99,98,95,113,112,109,118,116,114,113,112,109,569,1
113,112,109,113,112,109,113,112,109,115,114,111,18,2
113,112,109,125,123,121,113,112,109,113,112,109,61,2
113,112,109,113,112,109,113,112,109,113,112,109,17,1
113,112,109,125,123,121,113,112,109,110,109,106,852,1
99,98,95,113,112,109,102,101,98,113,112,109,794,2
113,112,109,113,112,109,110,109,106,113,112,109,181,2
99,98,95,113,112,109,102,101,98,113,112,109,365,2
125,123,121,113,112,109,102,101,98,113,112,109,189,2
113,112,109,113,112,109,113,112,109,113,112,109,446,1
99,98,95,113,112,109,102,101,98,113,112,109,233,2
99,98,95,113,112,109,113,112,109,113,112,109,897,1
113,112,109,113,112,109,113,112,109,108,106,104,279,1
99,98,95,113,112,109,118,116,114,113,112,109,932,1
99,98,95,113,112,109,108,106,104,113,112,109,268,2
113,112,109,99,98,95,113,112,109,102,101,98,596,1
125,123,121,113,112,109,120,119,116,113,112,109,262,1
113,112,109,113,112,109,108,106,104,113,112,109,642,2
113,112,109,99,98,95,113,112,109,115,114,111,205,2
113,112,109,125,123,121,113,112,109,105,104,101,157,1
125,123,121,113,112,109,110,109,106,113,112,109,159,2
113,112,109,113,112,109,110,109,106,113,112,109,445,2
99,98,95,113,112,109,105,104,101,113,112,109,795,2
113,112,109,99,98,95,113,112,109,113,112,109,303,2
113,112,109,99,98,95,113,112,109,99,98,95,298,1
125,123,121,113,112,109,108,106,104,113,112,109,917,2
113,112,109,125,123,121,113,112,109,113,112,109,655,2
99,98,95,113,112,109,120,119,116,113,112,109,273,1
125,123,121,113,112,109,113,112,109,113,112,109,28,1
113,112,109,113,112,109,113,112,109,110,109,106,907,1
113,112,109,99,98,95,113,112,109,108,106,104,961,1
125,123,121,113,112,109,99,98,95,113,112,109,881,2
99,98,95,113,112,109,113,112,109,113,112,109,633,1
113,112,109,113,112,109,113,112,109,99,98,95,78,1
113,112,109,125,123,121,113,112,109,120,119,116,460,2
113,112,109,125,123,121,113,112,109,122,121,118,197,2
113,112,109,125,123,121,113,112,109,102,101,98,552,1
113,112,109,125,123,121,113,112,109,115,114,111,359,2
99,98,95,113,112,109,113,112,109,113,112,109,930,1
113,112,109,113,112,109,113,112,109,113,112,109,578,1
113,112,109,99,98,95,113,112,109,115,114,111,370,2
113,112,109,125,123,121,113,112,109,118,116,114,492,2
113,112,109,113,112,109,120,119,116,113,112,109,152,1
99,98,95,113,112,109,122,121,118,113,112,109,934,1
99,98,95,113,112,109,122,121,118,113,112,109,274,1
99,98,95,113,112,109,118,116,114,113,112,109,206,1
113,112,109,125,123,121,113,112,109,120,119,116,229,2
125,123,121,113,112,109,105,104,101,113,112,109,421,2
99,98,95,113,112,109,99,98,95,113,112,109,397,2
113,112,109,99,98,95,113,112,109,113,112,109,336,2
113,112,109,99,98,95,113,112,109,105,104,101,3,1
113,112,109,99,98,95,113,112,109,99,98,95,958,1
113,112,109,99,98,95,113,112,109,125,123,121,209,2
113,112,109,99,98,95,113,112,109,120,119,116,438,2
99,98,95,113,112,109,110,109,106,113,112,109,203,2
113,112,109,99,98,95,113,112,109,102,101,98,761,1
99,98,95,113,112,109,120,119,116,113,112,109,735,1
113,112,109,99,98,95,113,112,109,102,101,98,497,1
113,112,109,113,112,109,113,112,109,115,114,111,777,2
113,112,109,99,98,95,113,112,109,105,104,101,861,1
113,112,109,113,112,109,110,109,106,113,112,109,610,2
113,112,109,125,123,121,113,112,109,115,114,111,425,2
113,112,109,99,98,95,113,112,109,118,116,114,173,2
113,112,109,125,123,121,113,112,109,113,112,109,490,2
125,123,121,113,112,109,113,112,109,113,112,109,985,1
125,123,121,113,112,109,102,101,98,113,112,109,585,2
99,98,95,113,112,109,99,98,95,113,112,109,859,2
113,112,109,125,123,121,113,112,109,118,116,114,921,2
113,112,109,113,112,109,113,112,109,115,114,111,909,2
113,112,109,99,98,95,113,112,109,115,114,111,337,2
99,98,95,113,112,109,105,104,101,113,112,109,36,2
113,112,109,125,123,121,113,112,109,110,109,106,456,1
113,112,109,113,112,109,120,119,116,113,112,109,383,1
113,112,109,113,112,109,118,116,114,113,112,109,52,1
125,123,121,113,112,109,115,114,111,113,112,109,986,1
113,112,109,99,98,95,113,112,109,108,106,104,862,1
113,112,109,125,123,121,113,112,109,125,123,121,396,2
99,98,95,113,112,109,99,98,95,113,112,109,793,2
113,112,109,113,112,109,118,116,114,113,112,109,514,1
113,112,109,113,112,109,113,112,109,122,121,118,87,2
99,98,95,113,112,109,110,109,106,113,112,109,302,2
125,123,121,113,112,109,105,104,101,113,112,109,289,2
113,112,109,99,98,95,113,112,109,122,121,118,472,2
113,112,109,113,112,109,113,112,109,118,116,114,19,2
113,112,109,125,123,121,113,112,109,99,98,95,56,1
113,112,109,99,98,95,113,112,109,105,104,101,201,1
113,112,109,113,112,109,122,121,118,113,112,109,747,1
99,98,95,113,112,109,108,106,104,113,112,109,664,2
99,98,95,113,112,109,118,116,114,113,112,109,503,1
113,112,109,113,112,109,113,112,109,110,109,106,577,1
113,112,109,113,112,109,113,112,109,115,114,111,447,2
113,112,109,113,112,109,122,121,118,113,112,109,417,1
113,112,109,125,123,121,113,112,109,99,98,95,353,1
113,112,109,113,112,109,118,116,114,113,112,109,250,1
113,112,109,113,112,109,115,114,111,113,112,109,645,1
99,98,95,113,112,109,113,112,109,113,112,109,567,1
113,112,109,113,112,109,113,112,109,110,109,106,82,1
113,112,109,99,98,95,113,112,109,108,106,104,103,1
113,112,109,113,112,109,113,112,109,113,112,109,545,1
113,112,109,99,98,95,113,112,109,99,98,95,331,1
113,112,109,125,123,121,113,112,109,102,101,98,486,1
113,112,109,113,112,109,105,104,101,113,112,109,476,2
113,112,109,125,123,121,113,112,109,122,121,118,923,2
113,112,109,125,123,121,113,112,109,108,106,104,785,1
113,112,109,113,112,109,125,123,121,113,112,109,583,1
113,112,109,113,112,109,113,112,109,102,101,98,409,1
113,112,109,125,123,121,113,112,109,99,98,95,122,1
113,112,109,113,112,109,113,112,109,122,121,118,54,2
125,123,121,113,112,109,115,114,111,113,112,109,392,1
113,112,109,113,112,109,105,104,101,113,112,109,311,2
113,112,109,99,98,95,113,112,109,102,101,98,926,1
99,98,95,113,112,109,102,101,98,113,112,109,728,2
113,112,109,113,112,109,113,112,109,102,101,98,673,1
99,98,95,113,112,109,120,119,116,113,112,109,339,1
113,112,109,113,112,109,113,112,109,122,121,118,681,2
113,112,109,125,123,121,113,112,109,115,114,111,62,2
113,112,109,125,123,121,113,112,109,125,123,121,363,2
99,98,95,113,112,109,110,109,106,113,112,109,5,2
113,112,109,113,112,109,110,109,106,113,112,109,544,2
99,98,95,113,112,109,115,114,111,113,112,109,931,1
113,112,109,113,112,109,113,112,109,125,123,121,517,2
113,112,109,113,112,109,113,112,109,108,106,104,972,1
113,112,109,125,123,121,113,112,109,120,119,116,988,2
113,112,109,113,112,109,105,104,101,113,112,109,641,2
113,112,109,113,112,109,99,98,95,113,112,109,408,2
113,112,109,113,112,109,125,123,121,113,112,109,352,1
113,112,109,99,98,95,113,112,109,122,121,118,43,2
113,112,109,125,123,121,113,112,109,115,114,111,755,2
125,123,121,113,112,109,108,106,104,113,112,109,587,2
113,112,109,125,123,121,113,112,109,120,119,116,328,2
125,123,121,113,112,109,108,106,104,113,112,109,950,2
113,112,109,99,98,95,113,112,109,118,116,114,140,2
113,112,109,113,112,109,113,112,109,110,109,106,775,1
99,98,95,113,112,109,113,112,109,113,112,109,963,1
113,112,109,125,123,121,113,112,109,105,104,101,454,1
113,112,109,99,98,95,113,112,109,99,98,95,661,1
125,123,121,113,112,109,108,106,104,113,112,109,983,2
113,112,109,125,123,121,113,112,109,99,98,95,782,1
113,112,109,125,123,121,113,112,109,125,123,121,792,2
113,112,109,113,112,109,120,119,116,113,112,109,416,1
113,112,109,99,98,95,113,112,109,122,121,118,703,2
113,112,109,113,112,109,122,121,118,113,112,109,549,1
99,98,95,113,112,109,115,114,111,113,112,109,502,1
113,112,109,99,98,95,113,112,109,115,114,111,535,2
113,112,109,125,123,121,113,112,109,110,109,106,819,1
125,123,121,113,112,109,122,121,118,113,112,109,230,1
113,112,109,113,112,109,110,109,106,113,112,109,478,2
113,112,109,99,98,95,113,112,109,113,112,109,72,2
113,112,109,113,112,109,125,123,121,113,112,109,880,1
113,112,109,113,112,109,125,123,121,113,112,109,913,1
125,123,121,113,112,109,105,104,101,113,112,109,586,2
125,123,121,113,112,109,99,98,95,113,112,109,551,2
113,112,109,113,112,109,113,112,109,110,109,106,16,1
113,112,109,113,112,109,113,112,109,105,104,101,113,1
113,112,109,113,112,109,113,112,109,113,112,109,875,1
113,112,109,125,123,121,113,112,109,113,112,109,787,2
99,98,95,113,112,109,105,104,101,113,112,109,135,2
113,112,109,99,98,95,113,112,109,113,112,109,270,2
125,123,121,113,112,109,108,106,104,113,112,109,389,2
99,98,95,113,112,109,120,119,116,113,112,109,801,1
113,112,109,99,98,95,113,112,109,120,119,116,669,2
125,123,121,113,112,109,108,106,104,113,112,109,158,2
113,112,109,113,112,109,113,112,109,105,104,101,245,1
113,112,109,113,112,109,125,123,121,113,112,109,682,1
113,112,109,113,112,109,102,101,98,113,112,109,772,2
113,112,109,99,98,95,113,112,109,115,114,111,865,2
113,112,109,99,98,95,113,112,109,105,104,101,960,1
113,112,109,99,98,95,113,112,109,122,121,118,505,2
113,112,109,113,112,109,105,104,101,113,112,109,608,2
113,112,109,99,98,95,113,112,109,125,123,121,902,2
113,112,109,113,112,109,105,104,101,113,112,109,47,2
113,112,109,99,98,95,113,112,109,115,114,111,799,2
113,112,109,125,123,121,113,112,109,99,98,95,815,1
113,112,109,113,112,109,113,112,109,108,106,104,345,1
113,112,109,113,112,109,113,112,109,118,116,114,580,2
113,112,109,99,98,95,113,112,109,122,121,118,835,2
99,98,95,113,112,109,105,104,101,113,112,109,267,2
99,98,95,113,112,109,108,106,104,113,112,109,895,2
113,112,109,125,123,121,113,112,109,115,114,111,227,2
125,123,121,113,112,109,122,121,118,113,112,109,296,1
113,112,109,125,123,121,113,112,109,110,109,106,786,1
113,112,109,113,112,109,122,121,118,113,112,109,186,1
113,112,109,113,112,109,113,112,109,99,98,95,276,1
113,112,109,113,112,109,118,116,114,113,112,109,943,1
113,112,109,125,123,121,113,112,109,118,116,114,789,2
113,112,109,125,123,121,113,112,109,125,123,121,165,2
99,98,95,113,112,109,110,109,106,113,112,109,269,2
113,112,109,113,112,109,113,112,109,115,114,111,348,2
113,112,109,99,98,95,113,112,109,122,121,118,736,2
99,98,95,113,112,109,108,106,104,113,112,109,928,2
113,112,109,125,123,121,113,112,109,125,123,121,990,2
99,98,95,113,112,109,99,98,95,113,112,109,562,2
113,112,109,113,112,109,118,116,114,113,112,109,646,1
125,123,121,113,112,109,113,112,109,113,112,109,160,1
113,112,109,99,98,95,113,112,109,118,116,114,833,2
113,112,109,113,112,109,122,121,118,113,112,109,351,1
113,112,109,113,112,109,118,116,114,113,112,109,877,1
113,112,109,113,112,109,99,98,95,113,112,109,177,2
113,112,109,99,98,95,113,112,109,99,98,95,595,1
113,112,109,125,123,121,113,112,109,118,116,114,558,2
113,112,109,125,123,121,113,112,109,125,123,121,132,2
99,98,95,113,112,109,125,123,121,113,112,109,704,1
125,123,121,113,112,109,115,114,111,113,112,109,953,1
125,123,121,113,112,109,108,106,104,113,112,109,59,2
113,112,109,113,112,109,102,101,98,113,112,109,46,2
125,123,121,113,112,109,120,119,116,113,112,109,724,1
99,98,95,113,112,109,118,116,114,113,112,109,800,1
99,98,95,113,112,109,125,123,121,113,112,109,440,1
113,112,109,125,123,121,113,112,109,99,98,95,287,1
113,112,109,125,123,121,113,112,109,110,109,106,60,1
99,98,95,113,112,109,113,112,109,113,112,109,6,1
113,112,109,113,112,109,108,106,104,113,112,109,840,2
125,123,121,113,112,109,108,106,104,113,112,109,356,2
113,112,109,113,112,109,113,112,109,105,104,101,905,1
113,112,109,125,123,121,113,112,109,110,109,106,555,1
113,112,109,125,123,121,113,112,109,118,116,114,96,2
99,98,95,113,112,109,125,123,121,113,112,109,110,1
113,112,109,99,98,95,113,112,109,125,123,121,935,2
113,112,109,113,112,109,113,112,109,108,106,104,510,1
99,98,95,113,112,109,120,119,116,113,112,109,867,1
113,112,109,113,112,109,113,112,109,122,121,118,813,2
113,112,109,125,123,121,113,112,109,113,112,109,226,2
125,123,121,113,112,109,115,114,111,113,112,109,656,1
113,112,109,113,112,109,113,112,109,110,109,106,412,1
99,98,95,113,112,109,122,121,118,113,112,109,406,1
113,112,109,113,112,109,113,112,109,125,123,121,649,2
125,123,121,113,112,109,118,116,114,113,112,109,657,1
125,123,121,113,112,109,118,116,114,113,112,109,525,1
125,123,121,113,112,109,122,121,118,113,112,109,263,1
99,98,95,113,112,109,99,98,95,113,112,109,199,2
99,98,95,113,112,109,118,116,114,113,112,109,8,1
113,112,109,125,123,121,113,112,109,105,104,101,190,1
113,112,109,125,123,121,113,112,109,108,106,104,323,1
113,112,109,99,98,95,113,112,109,110,109,106,863,1
113,112,109,113,112,109,113,112,109,113,112,109,281,2
99,98,95,113,112,109,113,112,109,113,112,109,468,1
99,98,95,113,112,109,113,112,109,113,112,109,105,1
99,98,95,113,112,109,113,112,109,113,112,109,864,1
113,112,109,125,123,121,113,112,109,110,109,106,885,1
113,112,109,125,123,121,113,112,109,125,123,121,957,2
113,112,109,113,112,109,120,119,116,113,112,109,482,1
125,123,121,113,112,109,118,116,114,113,112,109,195,1
113,112,109,125,123,121,113,112,109,110,109,106,126,1
113,112,109,99,98,95,113,112,109,120,119,116,900,2
125,123,121,113,112,109,122,121,118,113,112,109,857,1
99,98,95,113,112,109,105,104,101,113,112,109,399,2
113,112,109,125,123,121,113,112,109,118,116,114,129,2
125,123,121,113,112,109,115,114,111,113,112,109,590,1
113,112,109,125,123,121,113,112,109,110,109,106,357,1
99,98,95,113,112,109,110,109,106,113,112,109,698,2
113,112,109,99,98,95,113,112,109,122,121,118,538,2
113,112,109,125,123,121,113,112,109,113,112,109,523,2
99,98,95,113,112,109,108,106,104,113,112,109,400,2
113,112,109,125,123,121,113,112,109,108,106,104,488,1
125,123,121,113,112,109,120,119,116,113,112,109,955,1
113,112,109,125,123,121,113,112,109,113,112,109,952,2
113,112,109,125,123,121,113,112,109,120,119,116,493,2
125,123,121,113,112,109,120,119,116,113,112,109,757,1
113,112,109,125,123,121,113,112,109,122,121,118,692,2
113,112,109,113,112,109,99,98,95,113,112,109,870,2
125,123,121,113,112,109,118,116,114,113,112,109,591,1
113,112,109,113,112,109,113,112,109,99,98,95,309,1
113,112,109,113,112,109,108,106,104,113,112,109,378,2
99,98,95,113,112,109,115,114,111,113,112,109,634,1
113,112,109,113,112,109,113,112,109,118,116,114,745,2
113,112,109,113,112,109,120,119,116,113,112,109,812,1
99,98,95,113,112,109,122,121,118,113,112,109,373,1
113,112,109,99,98,95,113,112,109,99,98,95,430,1
113,112,109,113,112,109,120,119,116,113,112,109,878,1
113,112,109,113,112,109,108,106,104,113,112,109,312,2
99,98,95,113,112,109,115,114,111,113,112,109,733,1
113,112,109,125,123,121,113,112,109,108,106,104,620,1
113,112,109,125,123,121,113,112,109,120,119,116,196,2
125,123,121,113,112,109,108,106,104,113,112,109,884,2
113,112,109,113,112,109,113,112,109,113,112,109,611,1
113,112,109,99,98,95,113,112,109,102,101,98,332,1
99,98,95,113,112,109,102,101,98,113,112,109,464,2
113,112,109,113,112,109,113,112,109,118,116,114,316,2
113,112,109,99,98,95,113,112,109,120,119,116,405,2
125,123,121,113,112,109,108,106,104,113,112,109,818,2
125,123,121,113,112,109,102,101,98,113,112,109,882,2
113,112,109,125,123,121,113,112,109,122,121,118,395,2
113,112,109,125,123,121,113,112,109,105,104,101,322,1
113,112,109,113,112,109,113,112,109,125,123,121,154,2
113,112,109,125,123,121,113,112,109,113,112,109,358,2
125,123,121,113,112,109,115,114,111,113,112,109,491,1
99,98,95,113,112,109,115,114,111,113,112,109,238,1
113,112,109,99,98,95,113,112,109,110,109,106,665,1
125,123,121,113,112,109,108,106,104,113,112,109,26,2
113,112,109,125,123,121,113,112,109,118,116,114,294,2
113,112,109,99,98,95,113,112,109,105,104,101,828,1
113,112,109,113,112,109,122,121,118,113,112,109,120,1
113,112,109,99,98,95,113,112,109,99,98,95,34,1
125,123,121,113,112,109,113,112,109,113,112,109,259,1
113,112,109,125,123,121,113,112,109,105,104,101,487,1
113,112,109,125,123,121,113,112,109,105,104,101,388,1
113,112,109,113,112,109,125,123,121,113,112,109,748,1
113,112,109,125,123,121,113,112,109,110,109,106,588,1
113,112,109,113,112,109,113,112,109,125,123,121,187,2
113,112,109,99,98,95,113,112,109,125,123,121,473,2
125,123,121,113,112,109,125,123,121,113,112,109,924,1
99,98,95,113,112,109,125,123,121,113,112,109,506,1
125,123,121,113,112,109,113,112,109,113,112,109,688,1
113,112,109,113,112,109,120,119,116,113,112,109,680,1
113,112,109,125,123,121,113,112,109,108,106,104,719,1
113,112,109,113,112,109,102,101,98,113,112,109,706,2
113,112,109,99,98,95,113,112,109,102,101,98,563,1
113,112,109,125,123,121,113,112,109,102,101,98,981,1
99,98,95,113,112,109,125,123,121,113,112,109,374,1
125,123,121,113,112,109,125,123,121,113,112,109,627,1
113,112,109,125,123,121,113,112,109,105,104,101,124,1
113,112,109,125,123,121,113,112,109,99,98,95,518,1
113,112,109,125,123,121,113,112,109,105,104,101,256,1
99,98,95,113,112,109,120,119,116,113,112,109,966,1
113,112,109,125,123,121,113,112,109,102,101,98,816,1
99,98,95,113,112,109,120,119,116,113,112,109,240,1
113,112,109,99,98,95,113,112,109,105,104,101,102,1
113,112,109,113,112,109,105,104,101,113,112,109,938,2
113,112,109,113,112,109,99,98,95,113,112,109,144,2
113,112,109,113,112,109,102,101,98,113,112,109,607,2
113,112,109,113,112,109,110,109,106,113,112,109,511,2
125,123,121,113,112,109,122,121,118,113,112,109,494,1
113,112,109,125,123,121,113,112,109,99,98,95,320,1
113,112,109,125,123,121,113,112,109,125,123,121,891,2
113,112,109,99,98,95,113,112,109,113,112,109,831,2
113,112,109,113,112,109,110,109,106,113,112,109,709,2
113,112,109,125,123,121,113,112,109,120,119,116,592,2
99,98,95,113,112,109,110,109,106,113,112,109,896,2
125,123,121,113,112,109,110,109,106,113,112,109,621,2
113,112,109,113,112,109,115,114,111,113,112,109,315,1
113,112,109,99,98,95,113,112,109,99,98,95,166,1
113,112,109,113,112,109,113,112,109,113,112,109,842,2
113,112,109,125,123,121,113,112,109,120,119,116,97,2
113,112,109,125,123,121,113,112,109,113,112,109,886,2
113,112,109,99,98,95,113,112,109,105,104,101,894,1
99,98,95,113,112,109,110,109,106,113,112,109,797,2
113,112,109,99,98,95,113,112,109,110,109,106,170,1
113,112,109,113,112,109,115,114,111,113,112,109,381,1
113,112,109,125,123,121,113,112,109,115,114,111,557,2
113,112,109,125,123,121,113,112,109,99,98,95,155,1
113,112,109,113,112,109,105,104,101,113,112,109,872,2
99,98,95,113,112,109,118,116,114,113,112,109,734,1
113,112,109,99,98,95,113,112,109,120,119,116,9,2
113,112,109,99,98,95,113,112,109,105,104,101,333,1
125,123,121,113,112,109,120,119,116,113,112,109,427,1
113,112,109,125,123,121,113,112,109,125,123,121,429,2
113,112,109,113,112,109,113,112,109,120,119,116,86,2
125,123,121,113,112,109,115,114,111,113,112,109,887,1
125,123,121,113,112,109,102,101,98,113,112,109,618,2
99,98,95,113,112,109,113,112,109,113,112,109,798,1
113,112,109,113,112,109,113,112,109,118,116,114,118,2
113,112,109,125,123,121,113,112,109,105,104,101,718,1
113,112,109,125,123,121,113,112,109,115,114,111,293,2
113,112,109,99,98,95,113,112,109,108,106,104,169,1
99,98,95,113,112,109,118,116,114,113,112,109,899,1
99,98,95,113,112,109,118,116,114,113,112,109,107,1
113,112,109,113,112,109,113,112,109,108,106,104,543,1
99,98,95,113,112,109,105,104,101,113,112,109,300,2
125,123,121,113,112,109,125,123,121,113,112,109,33,1
113,112,109,125,123,121,113,112,109,125,123,121,297,2
113,112,109,113,112,109,113,112,109,102,101,98,310,1
125,123,121,113,112,109,102,101,98,113,112,109,387,2
125,123,121,113,112,109,108,106,104,113,112,109,455,2
113,112,109,99,98,95,113,112,109,108,106,104,433,1
113,112,109,113,112,109,120,119,116,113,112,109,20,1
99,98,95,113,112,109,99,98,95,113,112,109,100,2
113,112,109,125,123,121,113,112,109,120,119,116,559,2
99,98,95,113,112,109,118,116,114,113,112,109,602,1
125,123,121,113,112,109,122,121,118,113,112,109,956,1
113,112,109,99,98,95,113,112,109,110,109,106,335,1
99,98,95,113,112,109,122,121,118,113,112,109,967,1
113,112,109,113,112,109,108,106,104,113,112,109,180,2
113,112,109,99,98,95,113,112,109,125,123,121,770,2
113,112,109,113,112,109,115,114,111,113,112,109,546,1
125,123,121,113,112,109,125,123,121,113,112,109,330,1
113,112,109,125,123,121,113,112,109,125,123,121,198,2
113,112,109,113,112,109,113,112,109,105,104,101,410,1
125,123,121,113,112,109,108,106,104,113,112,109,125,2
113,112,109,125,123,121,113,112,109,105,104,101,850,1
113,112,109,113,112,109,125,123,121,113,112,109,484,1
113,112,109,125,123,121,113,112,109,110,109,106,753,1
113,112,109,125,123,121,113,112,109,110,109,106,324,1
113,112,109,113,112,109,113,112,109,102,101,98,739,1
113,112,109,113,112,109,113,112,109,113,112,109,182,2
125,123,121,113,112,109,122,121,118,113,112,109,461,1
99,98,95,113,112,109,108,106,104,113,112,109,466,2
99,98,95,113,112,109,125,123,121,113,112,109,242,1
125,123,121,113,112,109,118,116,114,113,112,109,162,1
125,123,121,113,112,109,108,106,104,113,112,109,521,2
113,112,109,113,112,109,120,119,116,113,112,109,284,1
125,123,121,113,112,109,113,112,109,113,112,109,820,1
113,112,109,113,112,109,108,106,104,113,112,109,675,2
113,112,109,113,112,109,113,112,109,113,112,109,479,1
125,123,121,113,112,109,110,109,106,113,112,109,291,2
113,112,109,113,112,109,113,112,109,110,109,106,841,1
99,98,95,113,112,109,99,98,95,113,112,109,67,2
113,112,109,125,123,121,113,112,109,99,98,95,485,1
125,123,121,113,112,109,105,104,101,113,112,109,652,2
99,98,95,113,112,109,118,116,114,113,112,109,470,1
113,112,109,99,98,95,113,112,109,113,112,109,600,2
99,98,95,113,112,109,105,104,101,113,112,109,630,2
99,98,95,113,112,109,102,101,98,113,112,109,35,2
99,98,95,113,112,109,99,98,95,113,112,109,892,2
99,98,95,113,112,109,125,123,121,113,112,109,176,1
113,112,109,99,98,95,113,112,109,99,98,95,694,1
113,112,109,125,123,121,113,112,109,102,101,98,123,1
113,112,109,113,112,109,113,112,109,125,123,121,253,2
99,98,95,113,112,109,108,106,104,113,112,109,334,2
125,123,121,113,112,109,108,106,104,113,112,109,686,2
113,112,109,113,112,109,113,112,109,113,112,109,710,1
125,123,121,113,112,109,99,98,95,113,112,109,617,2
113,112,109,113,112,109,118,116,114,113,112,109,481,1
125,123,121,113,112,109,108,106,104,113,112,109,851,2
113,112,109,99,98,95,113,112,109,118,116,114,965,2
113,112,109,99,98,95,113,112,109,99,98,95,760,1
99,98,95,113,112,109,113,112,109,113,112,109,138,1
113,112,109,113,112,109,113,112,109,122,121,118,219,2
113,112,109,113,112,109,99,98,95,113,112,109,936,2
113,112,109,113,112,109,113,112,109,113,112,109,83,2
113,112,109,125,123,121,113,112,109,122,121,118,659,2
113,112,109,99,98,95,113,112,109,115,114,111,601,2
113,112,109,125,123,121,113,112,109,122,121,118,758,2
113,112,109,125,123,121,113,112,109,125,123,121,528,2
113,112,109,125,123,121,113,112,109,120,119,116,130,2
113,112,109,113,112,109,118,116,114,113,112,109,85,1
113,112,109,113,112,109,113,112,109,122,121,118,285,2
113,112,109,113,112,109,115,114,111,113,112,109,249,1
125,123,121,113,112,109,110,109,106,113,112,109,27,2
113,112,109,113,112,109,113,112,109,105,104,101,839,1
113,112,109,125,123,121,113,112,109,102,101,98,288,1
113,112,109,99,98,95,113,112,109,122,121,118,340,2
113,112,109,113,112,109,113,112,109,113,112,109,50,2
113,112,109,113,112,109,113,112,109,113,112,109,248,2
99,98,95,113,112,109,99,98,95,113,112,109,463,2
125,123,121,113,112,109,102,101,98,113,112,109,717,2
113,112,109,99,98,95,113,112,109,118,116,114,272,2
113,112,109,125,123,121,113,112,109,125,123,121,594,2
113,112,109,113,112,109,108,106,104,113,112,109,213,2
113,112,109,113,112,109,99,98,95,113,112,109,111,2
113,112,109,113,112,109,122,121,118,113,112,109,648,1
99,98,95,113,112,109,120,119,116,113,112,109,372,1
99,98,95,113,112,109,125,123,121,113,112,109,308,1
125,123,121,113,112,109,122,121,118,113,112,109,32,1
113,112,109,113,112,109,118,116,114,113,112,109,184,1
113,112,109,113,112,109,122,121,118,113,112,109,978,1
113,112,109,113,112,109,122,121,118,113,112,109,384,1
125,123,121,113,112,109,113,112,109,113,112,109,193,1
99,98,95,113,112,109,105,104,101,113,112,109,663,2
113,112,109,113,112,109,113,112,109,102,101,98,145,1
113,112,109,113,112,109,113,112,109,99,98,95,672,1
125,123,121,113,112,109,118,116,114,113,112,109,426,1
113,112,109,113,112,109,113,112,109,108,106,104,774,1
113,112,109,125,123,121,113,112,109,122,121,118,98,2
99,98,95,113,112,109,110,109,106,113,112,109,434,2
113,112,109,113,112,109,102,101,98,113,112,109,805,2
113,112,109,99,98,95,113,112,109,113,112,109,732,2
99,98,95,113,112,109,122,121,118,113,112,109,10,1
125,123,121,113,112,109,113,112,109,113,112,109,556,1
113,112,109,125,123,121,113,112,109,120,119,116,361,2
113,112,109,125,123,121,113,112,109,113,112,109,919,2
113,112,109,113,112,109,120,119,116,113,112,109,944,1
113,112,109,113,112,109,113,112,109,102,101,98,475,1
113,112,109,113,112,109,113,112,109,110,109,106,49,1
113,112,109,113,112,109,105,104,101,113,112,109,542,2
113,112,109,113,112,109,105,104,101,113,112,109,971,2
125,123,121,113,112,109,99,98,95,113,112,109,386,2
125,123,121,113,112,109,118,116,114,113,112,109,954,1
113,112,109,113,112,109,113,112,109,122,121,118,780,2
125,123,121,113,112,109,99,98,95,113,112,109,947,2
113,112,109,113,112,109,120,119,116,113,112,109,53,1
113,112,109,125,123,121,113,112,109,115,114,111,854,2
113,112,109,125,123,121,113,112,109,102,101,98,519,1
113,112,109,125,123,121,113,112,109,102,101,98,420,1
113,112,109,113,112,109,113,112,109,113,112,109,776,2
125,123,121,113,112,109,113,112,109,113,112,109,853,1
113,112,109,113,112,109,113,112,109,125,123,121,781,2
113,112,109,113,112,109,113,112,109,99,98,95,705,1
113,112,109,99,98,95,113,112,109,99,98,95,727,1
113,112,109,113,112,109,110,109,106,113,112,109,973,2
125,123,121,113,112,109,105,104,101,113,112,109,553,2
99,98,95,113,112,109,122,121,118,113,112,109,901,1
113,112,109,113,112,109,113,112,109,120,119,116,746,2
113,112,109,99,98,95,113,112,109,110,109,106,104,1
113,112,109,125,123,121,113,112,109,115,114,111,29,2
113,112,109,125,123,121,113,112,109,113,112,109,391,2
113,112,109,113,112,109,120,119,116,113,112,109,185,1
113,112,109,99,98,95,113,112,109,122,121,118,637,2
113,112,109,113,112,109,115,114,111,113,112,109,150,1
113,112,109,125,123,121,113,112,109,120,119,116,658,2
99,98,95,113,112,109,110,109,106,113,112,109,137,2
113,112,109,125,123,121,113,112,109,102,101,98,222,1
125,123,121,113,112,109,125,123,121,113,112,109,561,1
113,112,109,113,112,109,113,112,109,118,116,114,415,2
113,112,109,99,98,95,113,112,109,102,101,98,893,1
113,112,109,113,112,109,115,114,111,113,112,109,117,1
99,98,95,113,112,109,105,104,101,113,112,109,696,2
125,123,121,113,112,109,118,116,114,113,112,109,855,1
113,112,109,99,98,95,113,112,109,115,114,111,106,2
113,112,109,113,112,109,113,112,109,99,98,95,573,1
113,112,109,113,112,109,113,112,109,113,112,109,215,2
113,112,109,113,112,109,113,112,109,99,98,95,12,1
113,112,109,99,98,95,113,112,109,125,123,121,737,2
113,112,109,113,112,109,113,112,109,120,119,116,449,2
99,98,95,113,112,109,108,106,104,113,112,109,796,2
99,98,95,113,112,109,108,106,104,113,112,109,631,2
113,112,109,113,112,109,122,121,118,113,112,109,450,1
99,98,95,113,112,109,122,121,118,113,112,109,604,1
113,112,109,125,123,121,113,112,109,115,114,111,194,2
125,123,121,113,112,109,122,121,118,113,112,109,890,1
99,98,95,113,112,109,110,109,106,113,112,109,533,2
113,112,109,113,112,109,102,101,98,113,112,109,904,2
113,112,109,125,123,121,113,112,109,115,114,111,722,2
125,123,121,113,112,109,110,109,106,113,112,109,258,2
113,112,109,113,112,109,113,112,109,102,101,98,13,1
113,112,109,113,112,109,113,112,109,113,112,109,941,2
113,112,109,99,98,95,113,112,109,99,98,95,628,1
113,112,109,99,98,95,113,112,109,115,114,111,436,2
113,112,109,99,98,95,113,112,109,108,106,104,367,1
125,123,121,113,112,109,115,114,111,113,112,109,689,1
113,112,109,113,112,109,99,98,95,113,112,109,243,2
125,123,121,113,112,109,122,121,118,113,112,109,329,1
113,112,109,99,98,95,113,112,109,122,121,118,868,2
113,112,109,113,112,109,113,112,109,110,109,106,247,1
113,112,109,113,112,109,102,101,98,113,112,109,178,2
113,112,109,113,112,109,113,112,109,102,101,98,112,1
113,112,109,125,123,121,113,112,109,118,116,114,822,2
113,112,109,113,112,109,113,112,109,115,114,111,678,2
113,112,109,113,112,109,110,109,106,113,112,109,280,2
125,123,121,113,112,109,108,106,104,113,112,109,290,2
113,112,109,113,112,109,113,112,109,105,104,101,344,1
125,123,121,113,112,109,125,123,121,113,112,109,693,1
125,123,121,113,112,109,105,104,101,113,112,109,619,2
113,112,109,99,98,95,113,112,109,122,121,118,670,2
125,123,121,113,112,109,122,121,118,113,112,109,527,1
113,112,109,113,112,109,113,112,109,105,104,101,278,1
99,98,95,113,112,109,105,104,101,113,112,109,366,2
113,112,109,113,112,109,120,119,116,113,112,109,218,1
113,112,109,125,123,121,113,112,109,120,119,116,856,2
125,123,121,113,112,109,113,112,109,113,112,109,721,1
113,112,109,113,112,109,113,112,109,122,121,118,945,2
125,123,121,113,112,109,105,104,101,113,112,109,520,2
99,98,95,113,112,109,105,104,101,113,112,109,531,2
113,112,109,113,112,109,113,112,109,110,109,106,643,1
113,112,109,113,112,109,113,112,109,125,123,121,847,2
113,112,109,113,112,109,113,112,109,110,109,106,940,1
125,123,121,113,112,109,105,104,101,113,112,109,91,2
99,98,95,113,112,109,108,106,104,113,112,109,37,2
113,112,109,99,98,95,113,112,109,115,114,111,271,2
113,112,109,125,123,121,113,112,109,113,112,109,94,2
113,112,109,113,112,109,113,112,109,118,116,114,976,2
113,112,109,113,112,109,110,109,106,113,112,109,313,2
113,112,109,113,112,109,113,112,109,108,106,104,906,1
113,112,109,113,112,109,113,112,109,115,114,111,843,2
125,123,121,113,112,109,105,104,101,113,112,109,685,2
125,123,121,113,112,109,120,119,116,113,112,109,625,1
113,112,109,113,112,109,113,112,109,113,112,109,677,1
125,123,121,113,112,109,120,119,116,113,112,109,526,1
113,112,109,113,112,109,125,123,121,113,112,109,979,1
113,112,109,125,123,121,113,112,109,120,119,116,295,2
99,98,95,113,112,109,115,114,111,113,112,109,898,1
125,123,121,113,112,109,99,98,95,113,112,109,749,2
113,112,109,99,98,95,113,112,109,115,114,111,139,2
113,112,109,99,98,95,113,112,109,120,119,116,603,2
113,112,109,113,112,109,113,112,109,105,104,101,146,1
113,112,109,125,123,121,113,112,109,99,98,95,221,1
113,112,109,113,112,109,113,112,109,99,98,95,45,1
125,123,121,113,112,109,110,109,106,113,112,109,918,2
113,112,109,125,123,121,113,112,109,102,101,98,783,1
113,112,109,99,98,95,113,112,109,110,109,106,962,1
113,112,109,113,112,109,105,104,101,113,112,109,740,2
113,112,109,125,123,121,113,112,109,108,106,104,257,1
113,112,109,113,112,109,99,98,95,113,112,109,606,2
113,112,109,113,112,109,113,112,109,113,112,109,380,1
99,98,95,113,112,109,115,114,111,113,112,109,469,1
125,123,121,113,112,109,105,104,101,113,112,109,25,2
113,112,109,113,112,109,113,112,109,108,106,104,444,1
125,123,121,113,112,109,125,123,121,113,112,109,462,1
113,112,109,125,123,121,113,112,109,105,104,101,817,1
125,123,121,113,112,109,110,109,106,113,112,109,489,2
113,112,109,113,112,109,113,112,109,115,114,111,612,2
113,112,109,99,98,95,113,112,109,110,109,106,764,1
113,112,109,113,112,109,113,112,109,120,119,116,119,2
113,112,109,113,112,109,99,98,95,113,112,109,540,2
99,98,95,113,112,109,105,104,101,113,112,109,597,2
113,112,109,113,112,109,113,112,109,122,121,118,21,2
113,112,109,113,112,109,113,112,109,108,106,104,477,1
113,112,109,125,123,121,113,112,109,110,109,106,687,1
113,112,109,125,123,121,113,112,109,125,123,121,66,2
113,112,109,113,112,109,113,112,109,113,112,109,347,1
99,98,95,113,112,109,120,119,116,113,112,109,702,1
113,112,109,113,112,109,122,121,118,113,112,109,483,1
99,98,95,113,112,109,102,101,98,113,112,109,629,2
113,112,109,113,112,109,118,116,114,113,112,109,679,1
125,123,121,113,112,109,99,98,95,113,112,109,254,2
113,112,109,113,112,109,113,112,109,99,98,95,903,1
125,123,121,113,112,109,115,114,111,113,112,109,524,1
99,98,95,113,112,109,108,106,104,113,112,109,301,2
113,112,109,125,123,121,113,112,109,122,121,118,164,2
113,112,109,99,98,95,113,112,109,105,104,101,498,1
99,98,95,113,112,109,120,119,116,113,112,109,834,1
113,112,109,125,123,121,113,112,109,115,114,111,260,2
125,123,121,113,112,109,113,112,109,113,112,109,457,1
113,112,109,99,98,95,113,112,109,110,109,106,599,1
99,98,95,113,112,109,110,109,106,113,112,109,368,2
113,112,109,125,123,121,113,112,109,105,104,101,751,1
113,112,109,113,112,109,125,123,121,113,112,109,385,1
113,112,109,113,112,109,113,112,109,108,106,104,807,1
113,112,109,99,98,95,113,112,109,105,104,101,927,1
113,112,109,125,123,121,113,112,109,120,119,116,922,2
99,98,95,113,112,109,110,109,106,113,112,109,500,2
99,98,95,113,112,109,118,116,114,113,112,109,74,1
113,112,109,125,123,121,113,112,109,118,116,114,327,2
99,98,95,113,112,109,102,101,98,113,112,109,2,2
113,112,109,113,112,109,113,112,109,122,121,118,714,2
113,112,109,113,112,109,105,104,101,113,112,109,443,2
113,112,109,113,112,109,113,112,109,102,101,98,343,1
113,112,109,113,112,109,113,112,109,113,112,109,809,1
113,112,109,125,123,121,113,112,109,122,121,118,65,2
113,112,109,125,123,121,113,112,109,115,114,111,458,2
113,112,109,113,112,109,102,101,98,113,112,109,937,2
113,112,109,99,98,95,113,112,109,118,116,114,338,2
113,112,109,99,98,95,113,112,109,110,109,106,467,1
125,123,121,113,112,109,102,101,98,113,112,109,24,2
99,98,95,113,112,109,118,116,114,113,112,109,866,1
113,112,109,113,112,109,113,112,109,120,119,116,911,2
113,112,109,113,112,109,110,109,106,113,112,109,874,2
113,112,109,113,112,109,120,119,116,113,112,109,350,1
