169,168,166,169,168,166,169,168,166,163,162,160,244,1
169,168,166,161,160,158,169,168,166,176,175,173,968,2
169,168,166,176,175,173,169,168,166,176,175,173,99,2
176,175,173,169,168,166,175,174,172,169,168,166,32,1
161,160,158,169,168,166,161,160,158,169,168,166,793,2
169,168,166,169,168,166,169,168,166,173,172,170,878,2
169,168,166,161,160,158,169,168,166,176,175,173,737,2
169,168,166,176,175,173,169,168,166,176,175,173,198,2
169,168,166,161,160,158,169,168,166,163,162,160,530,1
161,160,158,169,168,166,173,172,170,169,168,166,174,1
161,160,158,169,168,166,173,172,170,169,168,166,834,1
176,175,173,169,168,166,161,160,158,169,168,166,452,2
169,168,166,169,168,166,169,168,166,163,162,160,46,1
169,168,166,161,160,158,169,168,166,161,160,158,562,1
169,168,166,169,168,166,163,162,160,169,168,166,211,2
169,168,166,176,175,173,169,168,166,166,165,163,389,1
169,168,166,176,175,173,169,168,166,170,169,167,491,2
169,168,166,169,168,166,169,168,166,169,168,166,215,1
169,168,166,169,168,166,170,169,167,169,168,166,711,1
161,160,158,169,168,166,164,163,161,169,168,166,795,2
169,168,166,169,168,166,175,174,172,169,168,166,450,1
169,168,166,161,160,158,169,168,166,170,169,167,403,2
176,175,173,169,168,166,161,160,158,169,168,166,782,2
161,160,158,169,168,166,170,169,167,169,168,166,601,1
176,175,173,169,168,166,163,162,160,169,168,166,915,2
169,168,166,176,175,173,169,168,166,166,165,163,785,1
169,168,166,169,168,166,169,168,166,172,171,169,910,2
169,168,166,169,168,166,176,175,173,169,168,166,121,1
161,160,158,169,168,166,175,174,172,169,168,166,802,1
169,168,166,161,160,158,169,168,166,172,171,169,602,2
169,168,166,169,168,166,172,171,169,169,168,166,745,1
161,160,158,169,168,166,167,166,164,169,168,166,533,2
169,168,166,169,168,166,169,168,166,163,162,160,970,1
169,168,166,169,168,166,170,169,167,169,168,166,546,1
169,168,166,169,168,166,169,168,166,172,171,169,547,2
169,168,166,169,168,166,166,165,163,169,168,166,477,2
169,168,166,169,168,166,169,168,166,172,171,169,580,2
176,175,173,169,168,166,170,169,167,169,168,166,689,1
169,168,166,169,168,166,169,168,166,164,163,161,47,1
169,168,166,176,175,173,169,168,166,163,162,160,750,1
169,168,166,176,175,173,169,168,166,169,168,166,391,2
169,168,166,161,160,158,169,168,166,161,160,158,958,1
169,168,166,169,168,166,169,168,166,169,168,166,17,1
169,168,166,169,168,166,169,168,166,175,174,172,648,2
161,160,158,169,168,166,161,160,158,169,168,166,727,2
169,168,166,161,160,158,169,168,166,164,163,161,828,1
161,160,158,169,168,166,175,174,172,169,168,166,439,1
169,168,166,176,175,173,169,168,166,175,174,172,791,2
176,175,173,169,168,166,172,171,169,169,168,166,327,1
169,168,166,169,168,166,175,174,172,169,168,166,681,1
169,168,166,161,160,158,169,168,166,164,163,161,696,1
169,168,166,176,175,173,169,168,166,167,166,164,390,1
169,168,166,161,160,158,169,168,166,170,169,167,634,2
169,168,166,161,160,158,169,168,166,173,172,170,141,2
161,160,158,169,168,166,173,172,170,169,168,166,669,1
169,168,166,169,168,166,169,168,166,164,163,161,377,1
169,168,166,169,168,166,161,160,158,169,168,166,639,2
169,168,166,161,160,158,169,168,166,170,169,167,40,2
169,168,166,161,160,158,169,168,166,176,175,173,275,2
169,168,166,169,168,166,169,168,166,161,160,158,243,1
176,175,173,169,168,166,161,160,158,169,168,166,716,2
161,160,158,169,168,166,175,174,172,169,168,166,538,1
161,160,158,169,168,166,167,166,164,169,168,166,698,2
169,168,166,161,160,158,169,168,166,172,171,169,866,2
161,160,158,169,168,166,166,165,163,169,168,166,730,2
169,168,166,176,175,173,169,168,166,167,166,164,786,1
169,168,166,169,168,166,169,168,166,167,166,164,181,1
169,168,166,169,168,166,161,160,158,169,168,166,507,2
161,160,158,169,168,166,163,162,160,169,168,166,266,2
161,160,158,169,168,166,163,162,160,169,168,166,959,2
169,168,166,161,160,158,169,168,166,170,169,167,964,2
169,168,166,169,168,166,161,160,158,169,168,166,804,2
169,168,166,161,160,158,169,168,166,173,172,170,504,2
169,168,166,169,168,166,172,171,169,169,168,166,712,1
176,175,173,169,168,166,169,168,166,169,168,166,985,1
176,175,173,169,168,166,169,168,166,169,168,166,292,1
176,175,173,169,168,166,176,175,173,169,168,166,231,1
176,175,173,169,168,166,169,168,166,169,168,166,259,1
176,175,173,169,168,166,166,165,163,169,168,166,26,2
169,168,166,169,168,166,169,168,166,175,174,172,780,2
176,175,173,169,168,166,166,165,163,169,168,166,125,2
169,168,166,169,168,166,169,168,166,166,165,163,510,1
176,175,173,169,168,166,163,162,160,169,168,166,222,2
161,160,158,169,168,166,161,160,158,169,168,166,199,2
169,168,166,161,160,158,169,168,166,172,171,169,932,2
169,168,166,169,168,166,169,168,166,170,169,167,777,2
169,168,166,169,168,166,169,168,166,169,168,166,50,1
169,168,166,169,168,166,170,169,167,169,168,166,150,1
169,168,166,176,175,173,169,168,166,173,172,170,955,2
169,168,166,161,160,158,169,168,166,175,174,172,109,2
176,175,173,169,168,166,164,163,161,169,168,166,883,2
169,168,166,176,175,173,169,168,166,163,162,160,882,1
169,168,166,169,168,166,169,168,166,176,175,173,715,2
169,168,166,169,168,166,169,168,166,176,175,173,352,2
169,168,166,161,160,158,169,168,166,169,168,166,204,2
169,168,166,176,175,173,169,168,166,173,172,170,196,2
169,168,166,169,168,166,166,165,163,169,168,166,378,2
169,168,166,169,168,166,173,172,170,169,168,166,680,1
176,175,173,169,168,166,161,160,158,169,168,166,188,2
169,168,166,169,168,166,169,168,166,170,169,167,975,2
169,168,166,161,160,158,169,168,166,170,169,167,304,2
169,168,166,161,160,158,169,168,166,170,169,167,766,2
169,168,166,176,175,173,169,168,166,170,169,167,722,2
161,160,158,169,168,166,163,162,160,169,168,166,299,2
169,168,166,169,168,166,164,163,161,169,168,166,905,2
169,168,166,169,168,166,169,168,166,169,168,166,479,1
169,168,166,169,168,166,169,168,166,161,160,158,78,1
169,168,166,161,160,158,169,168,166,169,168,166,402,2
169,168,166,161,160,158,169,168,166,173,172,170,339,2
176,175,173,169,168,166,170,169,167,169,168,166,95,1
169,168,166,176,175,173,169,168,166,164,163,161,256,1
161,160,158,169,168,166,161,160,158,169,168,166,496,2
169,168,166,161,160,158,169,168,166,169,168,166,897,2
161,160,158,169,168,166,173,172,170,169,168,166,636,1
169,168,166,169,168,166,170,169,167,169,168,166,480,1
161,160,158,169,168,166,170,169,167,169,168,166,172,1
169,168,166,169,168,166,169,168,166,175,174,172,813,2
176,175,173,169,168,166,164,163,161,169,168,166,982,2
161,160,158,169,168,166,166,165,163,169,168,166,334,2
169,168,166,161,160,158,169,168,166,170,169,167,238,2
169,168,166,176,175,173,169,168,166,170,169,167,557,2
161,160,158,169,168,166,169,168,166,169,168,166,732,1
169,168,166,169,168,166,169,168,166,173,172,170,845,2
169,168,166,169,168,166,169,168,166,173,172,170,185,2
161,160,158,169,168,166,166,165,163,169,168,166,202,2
161,160,158,169,168,166,167,166,164,169,168,166,71,2
161,160,158,169,168,166,163,162,160,169,168,166,497,2
169,168,166,169,168,166,169,168,166,167,166,164,709,1
169,168,166,169,168,166,176,175,173,169,168,166,682,1
169,168,166,169,168,166,169,168,166,170,169,167,612,2
169,168,166,169,168,166,169,168,166,170,169,167,51,2
169,168,166,169,168,166,164,163,161,169,168,166,113,2
169,168,166,169,168,166,173,172,170,169,168,166,977,1
169,168,166,161,160,158,169,168,166,176,175,173,308,2
169,168,166,169,168,166,169,168,166,161,160,158,342,1
169,168,166,161,160,158,169,168,166,175,174,172,10,2
169,168,166,169,168,166,169,168,166,176,175,173,550,2
169,168,166,161,160,158,169,168,166,163,162,160,695,1
169,168,166,176,175,173,169,168,166,170,169,167,458,2
169,168,166,176,175,173,169,168,166,172,171,169,690,2
169,168,166,169,168,166,169,168,166,172,171,169,844,2
161,160,158,169,168,166,167,166,164,169,168,166,368,2
169,168,166,169,168,166,169,168,166,172,171,169,382,2
176,175,173,169,168,166,161,160,158,169,168,166,386,2
169,168,166,169,168,166,176,175,173,169,168,166,616,1
161,160,158,169,168,166,167,166,164,169,168,166,896,2
169,168,166,161,160,158,169,168,166,172,171,169,74,2
176,175,173,169,168,166,163,162,160,169,168,166,57,2
169,168,166,169,168,166,167,166,164,169,168,166,841,2
169,168,166,169,168,166,167,166,164,169,168,166,874,2
161,160,158,169,168,166,161,160,158,169,168,166,298,2
169,168,166,169,168,166,169,168,166,163,162,160,310,1
169,168,166,169,168,166,169,168,166,164,163,161,179,1
169,168,166,161,160,158,169,168,166,163,162,160,167,1
161,160,158,169,168,166,166,165,163,169,168,166,697,2
161,160,158,169,168,166,169,168,166,169,168,166,270,1
169,168,166,169,168,166,173,172,170,169,168,166,416,1
176,175,173,169,168,166,167,166,164,169,168,166,159,2
169,168,166,176,175,173,169,168,166,163,162,160,420,1
169,168,166,161,160,158,169,168,166,172,171,169,305,2
161,160,158,169,168,166,169,168,166,169,168,166,468,1
169,168,166,169,168,166,169,168,166,161,160,158,870,1
176,175,173,169,168,166,170,169,167,169,168,166,920,1
169,168,166,169,168,166,163,162,160,169,168,166,706,2
161,160,158,169,168,166,169,168,166,169,168,166,138,1
169,168,166,176,175,173,169,168,166,169,168,166,952,2
176,175,173,169,168,166,173,172,170,169,168,166,559,1
169,168,166,176,175,173,169,168,166,167,166,164,720,1
161,160,158,169,168,166,161,160,158,169,168,166,628,2
169,168,166,169,168,166,169,168,166,175,174,172,549,2
169,168,166,169,168,166,170,169,167,169,168,166,876,1
176,175,173,169,168,166,173,172,170,169,168,166,262,1
169,168,166,169,168,166,166,165,163,169,168,166,807,2
169,168,166,169,168,166,169,168,166,164,163,161,146,1
169,168,166,169,168,166,169,168,166,173,172,170,746,2
169,168,166,169,168,166,169,168,166,163,162,160,178,1
169,168,166,169,168,166,172,171,169,169,168,166,976,1
169,168,166,176,175,173,169,168,166,164,163,161,652,1
169,168,166,161,160,158,169,168,166,176,175,173,11,2
176,175,173,169,168,166,161,160,158,169,168,166,617,2
169,168,166,161,160,158,169,168,166,172,171,169,965,2
169,168,166,161,160,158,169,168,166,161,160,158,100,1
169,168,166,169,168,166,169,168,166,167,166,164,511,1
169,168,166,176,175,173,169,168,166,161,160,158,254,1
169,168,166,169,168,166,169,168,166,170,169,167,513,2
169,168,166,176,175,173,169,168,166,173,172,170,97,2
176,175,173,169,168,166,163,162,160,169,168,166,90,2
169,168,166,176,175,173,169,168,166,176,175,173,990,2
169,168,166,169,168,166,172,171,169,169,168,166,184,1
169,168,166,169,168,166,169,168,166,166,165,163,675,1
169,168,166,161,160,158,169,168,166,166,165,163,664,1
169,168,166,169,168,166,169,168,166,176,175,173,748,2
169,168,166,169,168,166,169,168,166,169,168,166,314,1
169,168,166,169,168,166,175,174,172,169,168,166,21,1
161,160,158,169,168,166,172,171,169,169,168,166,8,1
169,168,166,169,168,166,163,162,160,169,168,166,838,2
176,175,173,169,168,166,163,162,160,169,168,166,519,2
161,160,158,169,168,166,166,165,163,169,168,166,400,2
169,168,166,169,168,166,169,168,166,167,166,164,313,1
169,168,166,169,168,166,169,168,166,163,162,160,937,1
161,160,158,169,168,166,170,169,167,169,168,166,205,1
169,168,166,169,168,166,169,168,166,167,166,164,214,1
176,175,173,169,168,166,176,175,173,169,168,166,660,1
169,168,166,169,168,166,175,174,172,169,168,166,252,1
169,168,166,161,160,158,169,168,166,176,175,173,605,2
169,168,166,176,175,173,169,168,166,164,163,161,421,1
161,160,158,169,168,166,169,168,166,169,168,166,303,1
169,168,166,161,160,158,169,168,166,170,169,167,832,2
176,175,173,169,168,166,176,175,173,169,168,166,627,1
169,168,166,176,175,173,169,168,166,175,174,172,890,2
169,168,166,176,175,173,169,168,166,166,165,163,191,1
161,160,158,169,168,166,161,160,158,169,168,166,529,2
176,175,173,169,168,166,173,172,170,169,168,166,64,1
176,175,173,169,168,166,176,175,173,169,168,166,924,1
161,160,158,169,168,166,169,168,166,169,168,166,237,1
161,160,158,169,168,166,175,174,172,169,168,166,670,1
169,168,166,176,175,173,169,168,166,167,166,164,192,1
161,160,158,169,168,166,163,162,160,169,168,166,332,2
176,175,173,169,168,166,170,169,167,169,168,166,755,1
176,175,173,169,168,166,176,175,173,169,168,166,330,1
169,168,166,176,175,173,169,168,166,173,172,170,658,2
169,168,166,176,175,173,169,168,166,166,165,163,686,1
169,168,166,176,175,173,169,168,166,176,175,173,33,2
169,168,166,169,168,166,172,171,169,169,168,166,151,1
169,168,166,176,175,173,169,168,166,172,171,169,63,2
161,160,158,169,168,166,167,166,164,169,168,166,863,2
169,168,166,169,168,166,169,168,166,176,175,173,649,2
169,168,166,169,168,166,163,162,160,169,168,166,739,2
169,168,166,169,168,166,176,175,173,169,168,166,88,1
161,160,158,169,168,166,176,175,173,169,168,166,209,1
161,160,158,169,168,166,172,171,169,169,168,166,734,1
176,175,173,169,168,166,173,172,170,169,168,166,493,1
161,160,158,169,168,166,167,166,164,169,168,166,203,2
176,175,173,169,168,166,167,166,164,169,168,166,819,2
169,168,166,169,168,166,164,163,161,169,168,166,212,2
169,168,166,169,168,166,172,171,169,169,168,166,415,1
176,175,173,169,168,166,166,165,163,169,168,166,620,2
161,160,158,169,168,166,164,163,161,169,168,166,300,2
169,168,166,169,168,166,164,163,161,169,168,166,311,2
176,175,173,169,168,166,167,166,164,169,168,166,258,2
169,168,166,169,168,166,172,171,169,169,168,166,679,1
169,168,166,176,175,173,169,168,166,167,166,164,60,1
169,168,166,169,168,166,166,165,163,169,168,166,972,2
169,168,166,169,168,166,169,168,166,167,166,164,676,1
161,160,158,169,168,166,172,171,169,169,168,166,800,1
169,168,166,161,160,158,169,168,166,176,175,173,110,2
169,168,166,169,168,166,169,168,166,163,162,160,376,1
169,168,166,169,168,166,163,162,160,169,168,166,904,2
169,168,166,176,175,173,169,168,166,169,168,166,556,2
169,168,166,169,168,166,169,168,166,173,172,170,812,2
169,168,166,169,168,166,169,168,166,169,168,166,578,1
161,160,158,169,168,166,161,160,158,169,168,166,595,2
169,168,166,169,168,166,169,168,166,173,172,170,944,2
169,168,166,176,175,173,169,168,166,166,165,163,59,1
169,168,166,169,168,166,173,172,170,169,168,166,20,1
176,175,173,169,168,166,163,162,160,169,168,166,783,2
169,168,166,169,168,166,169,168,166,176,175,173,253,2
161,160,158,169,168,166,175,174,172,169,168,166,406,1
169,168,166,176,175,173,169,168,166,173,172,170,790,2
169,168,166,161,160,158,169,168,166,176,175,173,836,2
169,168,166,176,175,173,169,168,166,164,163,161,454,1
169,168,166,169,168,166,163,162,160,169,168,166,640,2
169,168,166,169,168,166,166,165,163,169,168,166,939,2
169,168,166,176,175,173,169,168,166,176,175,173,792,2
161,160,158,169,168,166,173,172,170,169,168,166,75,1
161,160,158,169,168,166,173,172,170,169,168,166,207,1
169,168,166,169,168,166,169,168,166,169,168,166,974,1
176,175,173,169,168,166,170,169,167,169,168,166,29,1
169,168,166,176,175,173,169,168,166,172,171,169,261,2
169,168,166,176,175,173,169,168,166,164,163,161,289,1
169,168,166,169,168,166,169,168,166,166,165,163,279,1
169,168,166,176,175,173,169,168,166,175,174,172,197,2
176,175,173,169,168,166,172,171,169,169,168,166,888,1
169,168,166,176,175,173,169,168,166,163,162,160,585,1
169,168,166,161,160,158,169,168,166,167,166,164,797,1
169,168,166,169,168,166,169,168,166,175,174,172,120,2
169,168,166,161,160,158,169,168,166,175,174,172,505,2
169,168,166,176,175,173,169,168,166,163,162,160,684,1
169,168,166,176,175,173,169,168,166,175,174,172,395,2
169,168,166,169,168,166,170,169,167,169,168,166,843,1
176,175,173,169,168,166,175,174,172,169,168,166,263,1
169,168,166,169,168,166,169,168,166,170,169,167,645,2
176,175,173,169,168,166,172,171,169,169,168,166,228,1
169,168,166,169,168,166,169,168,166,161,160,158,837,1
169,168,166,161,160,158,169,168,166,163,162,160,761,1
169,168,166,169,168,166,166,165,163,169,168,166,147,2
169,168,166,169,168,166,164,163,161,169,168,166,575,2
169,168,166,176,175,173,169,168,166,164,163,161,58,1
161,160,158,169,168,166,173,172,170,169,168,166,372,1
169,168,166,169,168,166,169,168,166,169,168,166,512,2
169,168,166,169,168,166,169,168,166,173,172,170,515,2
169,168,166,161,160,158,169,168,166,166,165,163,532,1
176,175,173,169,168,166,169,168,166,169,168,166,61,1
176,175,173,169,168,166,161,160,158,169,168,166,980,2
161,160,158,169,168,166,175,174,172,169,168,166,934,1
169,168,166,169,168,166,169,168,166,161,160,158,309,1
169,168,166,161,160,158,169,168,166,161,160,158,67,1
176,175,173,169,168,166,166,165,163,169,168,166,884,2
176,175,173,169,168,166,173,172,170,169,168,166,130,1
169,168,166,176,175,173,169,168,166,175,174,172,296,2
169,168,166,169,168,166,175,174,172,169,168,166,54,1
169,168,166,169,168,166,169,168,166,166,165,163,609,1
176,175,173,169,168,166,164,163,161,169,168,166,322,2
169,168,166,169,168,166,169,168,166,176,175,173,946,2
161,160,158,169,168,166,172,171,169,169,168,166,140,1
176,175,173,169,168,166,170,169,167,169,168,166,62,1
169,168,166,169,168,166,169,168,166,176,175,173,979,2
169,168,166,176,175,173,169,168,166,172,171,169,30,2
176,175,173,169,168,166,173,172,170,169,168,166,856,1
169,168,166,161,160,158,169,168,166,175,174,172,571,2
169,168,166,161,160,158,169,168,166,176,175,173,44,2
169,168,166,161,160,158,169,168,166,161,160,158,694,1
169,168,166,169,168,166,169,168,166,166,165,163,15,1
169,168,166,169,168,166,169,168,166,167,166,164,247,1
161,160,158,169,168,166,176,175,173,169,168,166,671,1
169,168,166,169,168,166,175,174,172,169,168,166,87,1
169,168,166,161,160,158,169,168,166,164,163,161,267,1
169,168,166,176,175,173,169,168,166,167,166,164,27,1
169,168,166,161,160,158,169,168,166,167,166,164,500,1
161,160,158,169,168,166,173,172,170,169,168,166,405,1
169,168,166,161,160,158,169,168,166,172,171,169,833,2
169,168,166,176,175,173,169,168,166,175,174,172,593,2
169,168,166,161,160,158,169,168,166,175,174,172,307,2
176,175,173,169,168,166,167,166,164,169,168,166,984,2
169,168,166,169,168,166,176,175,173,169,168,166,319,1
176,175,173,169,168,166,175,174,172,169,168,166,428,1
161,160,158,169,168,166,164,163,161,169,168,166,960,2
169,168,166,169,168,166,161,160,158,169,168,166,540,2
161,160,158,169,168,166,164,163,161,169,168,166,531,2
161,160,158,169,168,166,166,165,163,169,168,166,268,2
169,168,166,169,168,166,161,160,158,169,168,166,111,2
161,160,158,169,168,166,170,169,167,169,168,166,733,1
169,168,166,161,160,158,169,168,166,173,172,170,273,2
169,168,166,161,160,158,169,168,166,169,168,166,171,2
169,168,166,161,160,158,169,168,166,167,166,164,434,1
161,160,158,169,168,166,176,175,173,169,168,166,638,1
169,168,166,176,175,173,169,168,166,161,160,158,419,1
169,168,166,176,175,173,169,168,166,166,165,163,455,1
169,168,166,169,168,166,169,168,166,170,169,167,249,2
169,168,166,169,168,166,173,172,170,169,168,166,251,1
169,168,166,169,168,166,176,175,173,169,168,166,385,1
169,168,166,169,168,166,169,168,166,161,160,158,771,1
169,168,166,161,160,158,169,168,166,163,162,160,893,1
169,168,166,161,160,158,169,168,166,166,165,163,763,1
161,160,158,169,168,166,175,174,172,169,168,166,736,1
176,175,173,169,168,166,164,163,161,169,168,166,850,2
169,168,166,169,168,166,172,171,169,169,168,166,448,1
176,175,173,169,168,166,173,172,170,169,168,166,823,1
169,168,166,176,175,173,169,168,166,173,172,170,328,2
161,160,158,169,168,166,163,162,160,169,168,166,827,2
169,168,166,176,175,173,169,168,166,164,163,161,586,1
169,168,166,161,160,158,169,168,166,169,168,166,963,2
169,168,166,161,160,158,169,168,166,176,175,173,176,2
169,168,166,169,168,166,169,168,166,161,160,158,573,1
169,168,166,161,160,158,169,168,166,166,165,163,103,1
169,168,166,161,160,158,169,168,166,163,162,160,398,1
161,160,158,169,168,166,170,169,167,169,168,166,931,1
169,168,166,176,175,173,169,168,166,166,165,163,818,1
169,168,166,169,168,166,161,160,158,169,168,166,441,2
169,168,166,169,168,166,163,162,160,169,168,166,574,2
169,168,166,176,175,173,169,168,166,170,169,167,590,2
169,168,166,161,160,158,169,168,166,176,175,173,803,2
161,160,158,169,168,166,169,168,166,169,168,166,501,1
176,175,173,169,168,166,170,169,167,169,168,166,425,1
176,175,173,169,168,166,163,162,160,169,168,166,651,2
169,168,166,169,168,166,169,168,166,166,165,163,48,1
176,175,173,169,168,166,161,160,158,169,168,166,848,2
169,168,166,176,175,173,169,168,166,172,171,169,96,2
169,168,166,169,168,166,167,166,164,169,168,166,16,2
169,168,166,176,175,173,169,168,166,166,165,163,950,1
169,168,166,161,160,158,169,168,166,166,165,163,367,1
169,168,166,176,175,173,169,168,166,163,162,160,255,1
161,160,158,169,168,166,173,172,170,169,168,166,42,1
169,168,166,169,168,166,169,168,166,173,172,170,548,2
169,168,166,176,175,173,169,168,166,175,174,172,329,2
169,168,166,161,160,158,169,168,166,164,163,161,168,1
169,168,166,176,175,173,169,168,166,173,172,170,889,2
176,175,173,169,168,166,175,174,172,169,168,166,857,1
169,168,166,169,168,166,169,168,166,163,162,160,607,1
169,168,166,176,175,173,169,168,166,172,171,169,459,2
161,160,158,169,168,166,172,171,169,169,168,166,899,1
169,168,166,176,175,173,169,168,166,166,165,163,653,1
169,168,166,169,168,166,169,168,166,169,168,166,347,2
169,168,166,169,168,166,169,168,166,169,168,166,545,1
161,160,158,169,168,166,172,171,169,169,168,166,404,1
169,168,166,176,175,173,169,168,166,164,163,161,124,1
169,168,166,161,160,158,169,168,166,161,160,158,166,1
169,168,166,161,160,158,169,168,166,164,163,161,597,1
169,168,166,169,168,166,166,165,163,169,168,166,81,2
169,168,166,161,160,158,169,168,166,175,174,172,604,2
161,160,158,169,168,166,166,165,163,169,168,166,928,2
169,168,166,161,160,158,169,168,166,169,168,166,765,2
169,168,166,169,168,166,163,162,160,169,168,166,541,2
169,168,166,169,168,166,169,168,166,169,168,166,83,1
169,168,166,161,160,158,169,168,166,167,166,164,962,1
169,168,166,176,175,173,169,168,166,164,163,161,223,1
161,160,158,169,168,166,164,163,161,169,168,166,399,2
169,168,166,176,175,173,169,168,166,175,174,172,626,2
176,175,173,169,168,166,176,175,173,169,168,166,561,1
169,168,166,169,168,166,169,168,166,169,168,166,908,2
161,160,158,169,168,166,167,166,164,169,168,166,5,2
169,168,166,176,175,173,169,168,166,175,174,172,98,2
169,168,166,176,175,173,169,168,166,167,166,164,918,1
176,175,173,169,168,166,166,165,163,169,168,166,521,2
169,168,166,161,160,158,169,168,166,175,174,172,175,2
169,168,166,169,168,166,169,168,166,167,166,164,280,1
176,175,173,169,168,166,172,171,169,169,168,166,492,1
169,168,166,176,175,173,169,168,166,167,166,164,357,1
161,160,158,169,168,166,161,160,158,169,168,166,892,2
169,168,166,169,168,166,169,168,166,175,174,172,318,2
169,168,166,176,175,173,169,168,166,173,172,170,31,2
169,168,166,169,168,166,163,162,160,169,168,166,871,2
176,175,173,169,168,166,163,162,160,169,168,166,123,2
176,175,173,169,168,166,170,169,167,169,168,166,821,1
161,160,158,169,168,166,166,165,163,169,168,166,37,2
169,168,166,169,168,166,169,168,166,169,168,166,380,1
169,168,166,169,168,166,175,174,172,169,168,166,417,1
169,168,166,169,168,166,166,165,163,169,168,166,840,2
169,168,166,176,175,173,169,168,166,173,172,170,229,2
161,160,158,169,168,166,176,175,173,169,168,166,869,1
169,168,166,176,175,173,169,168,166,166,165,163,224,1
169,168,166,176,175,173,169,168,166,163,162,160,387,1
169,168,166,169,168,166,167,166,164,169,168,166,643,2
176,175,173,169,168,166,175,174,172,169,168,166,725,1
169,168,166,161,160,158,169,168,166,163,162,160,629,1
176,175,173,169,168,166,172,171,169,169,168,166,558,1
169,168,166,161,160,158,169,168,166,167,166,164,665,1
169,168,166,169,168,166,169,168,166,167,166,164,544,1
169,168,166,169,168,166,169,168,166,161,160,158,672,1
169,168,166,161,160,158,169,168,166,169,168,166,72,2
169,168,166,169,168,166,169,168,166,166,165,163,873,1
169,168,166,169,168,166,169,168,166,164,163,161,14,1
161,160,158,169,168,166,163,162,160,169,168,166,35,2
161,160,158,169,168,166,161,160,158,169,168,166,430,2
161,160,158,169,168,166,166,165,163,169,168,166,499,2
161,160,158,169,168,166,167,166,164,169,168,166,269,2
176,175,173,169,168,166,163,162,160,169,168,166,981,2
161,160,158,169,168,166,169,168,166,169,168,166,666,1
176,175,173,169,168,166,169,168,166,169,168,166,424,1
169,168,166,169,168,166,169,168,166,164,163,161,740,1
169,168,166,169,168,166,170,169,167,169,168,166,942,1
161,160,158,169,168,166,161,160,158,169,168,166,232,2
169,168,166,176,175,173,169,168,166,167,166,164,456,1
161,160,158,169,168,166,167,166,164,169,168,166,170,2
169,168,166,169,168,166,169,168,166,163,162,160,277,1
161,160,158,169,168,166,169,168,166,169,168,166,39,1
169,168,166,169,168,166,169,168,166,164,163,161,938,1
161,160,158,169,168,166,166,165,163,169,168,166,433,2
169,168,166,169,168,166,169,168,166,175,174,172,186,2
176,175,173,169,168,166,161,160,158,169,168,166,914,2
176,175,173,169,168,166,172,171,169,169,168,166,393,1
169,168,166,161,160,158,169,168,166,172,171,169,371,2
169,168,166,161,160,158,169,168,166,164,163,161,432,1
176,175,173,169,168,166,161,160,158,169,168,166,23,2
169,168,166,169,168,166,169,168,166,172,171,169,217,2
161,160,158,169,168,166,173,172,170,169,168,166,801,1
169,168,166,176,175,173,169,168,166,164,163,161,751,1
169,168,166,169,168,166,169,168,166,166,165,163,213,1
161,160,158,169,168,166,169,168,166,169,168,166,336,1
176,175,173,169,168,166,166,165,163,169,168,166,323,2
176,175,173,169,168,166,164,163,161,169,168,166,553,2
161,160,158,169,168,166,161,160,158,169,168,166,925,2
169,168,166,176,175,173,169,168,166,169,168,166,820,2
169,168,166,169,168,166,169,168,166,163,162,160,79,1
169,168,166,161,160,158,169,168,166,173,172,170,768,2
176,175,173,169,168,166,169,168,166,169,168,166,490,1
169,168,166,176,175,173,169,168,166,169,168,166,358,2
169,168,166,169,168,166,169,168,166,167,166,164,49,1
169,168,166,161,160,158,169,168,166,164,163,161,69,1
169,168,166,161,160,158,169,168,166,163,162,160,68,1
169,168,166,169,168,166,170,169,167,169,168,166,447,1
161,160,158,169,168,166,172,171,169,169,168,166,338,1
169,168,166,169,168,166,164,163,161,169,168,166,80,2
169,168,166,161,160,158,169,168,166,172,171,169,272,2
169,168,166,169,168,166,169,168,166,170,169,167,216,2
169,168,166,169,168,166,169,168,166,172,171,169,349,2
169,168,166,169,168,166,166,165,163,169,168,166,543,2
161,160,158,169,168,166,167,166,164,169,168,166,566,2
161,160,158,169,168,166,163,162,160,169,168,166,200,2
161,160,158,169,168,166,176,175,173,169,168,166,935,1
169,168,166,169,168,166,167,166,164,169,168,166,577,2
161,160,158,169,168,166,167,166,164,169,168,166,236,2
176,175,173,169,168,166,164,163,161,169,168,166,949,2
161,160,158,169,168,166,173,172,170,169,168,166,966,1
169,168,166,169,168,166,167,166,164,169,168,166,379,2
169,168,166,169,168,166,172,171,169,169,168,166,613,1
176,175,173,169,168,166,173,172,170,169,168,166,988,1
176,175,173,169,168,166,169,168,166,169,168,166,523,1
176,175,173,169,168,166,169,168,166,169,168,166,655,1
161,160,158,169,168,166,176,175,173,169,168,166,902,1
169,168,166,176,175,173,169,168,166,176,175,173,528,2
169,168,166,176,175,173,169,168,166,166,165,163,290,1
176,175,173,169,168,166,176,175,173,169,168,166,462,1
169,168,166,169,168,166,169,168,166,161,160,158,606,1
169,168,166,169,168,166,169,168,166,170,169,167,315,2
176,175,173,169,168,166,164,163,161,169,168,166,916,2
169,168,166,161,160,158,169,168,166,172,171,169,767,2
169,168,166,176,175,173,169,168,166,166,165,163,488,1
176,175,173,169,168,166,166,165,163,169,168,166,257,2
176,175,173,169,168,166,164,163,161,169,168,166,619,2
169,168,166,169,168,166,169,168,166,173,172,170,284,2
176,175,173,169,168,166,166,165,163,169,168,166,554,2
169,168,166,161,160,158,169,168,166,173,172,170,537,2
169,168,166,169,168,166,169,168,166,164,163,161,674,1
176,175,173,169,168,166,175,174,172,169,168,166,131,1
161,160,158,169,168,166,175,174,172,169,168,166,835,1
169,168,166,161,160,158,169,168,166,170,169,167,139,2
169,168,166,169,168,166,161,160,158,169,168,166,936,2
161,160,158,169,168,166,163,162,160,169,168,166,365,2
176,175,173,169,168,166,163,162,160,169,168,166,321,2
169,168,166,169,168,166,166,165,163,169,168,166,741,2
176,175,173,169,168,166,176,175,173,169,168,166,297,1
176,175,173,169,168,166,172,171,169,169,168,166,294,1
169,168,166,176,175,173,169,168,166,170,169,167,656,2
169,168,166,169,168,166,169,168,166,172,171,169,85,2
161,160,158,169,168,166,172,171,169,169,168,166,239,1
169,168,166,161,160,158,169,168,166,167,166,164,335,1
176,175,173,169,168,166,169,168,166,169,168,166,457,1
176,175,173,169,168,166,163,162,160,169,168,166,354,2
169,168,166,176,175,173,169,168,166,176,175,173,957,2
169,168,166,169,168,166,169,168,166,175,174,172,483,2
169,168,166,169,168,166,175,174,172,169,168,166,945,1
169,168,166,176,175,173,169,168,166,166,165,163,917,1
161,160,158,169,168,166,164,163,161,169,168,166,762,2
169,168,166,169,168,166,172,171,169,169,168,166,481,1
169,168,166,161,160,158,169,168,166,163,162,160,431,1
176,175,173,169,168,166,172,171,169,169,168,166,756,1
176,175,173,169,168,166,176,175,173,169,168,166,429,1
169,168,166,176,175,173,169,168,166,164,163,161,190,1
176,175,173,169,168,166,170,169,167,169,168,166,623,1
161,160,158,169,168,166,175,174,172,169,168,166,241,1
161,160,158,169,168,166,164,163,161,169,168,166,102,2
169,168,166,169,168,166,176,175,173,169,168,166,484,1
169,168,166,169,168,166,169,168,166,161,160,158,375,1
176,175,173,169,168,166,175,174,172,169,168,166,461,1
169,168,166,169,168,166,169,168,166,164,163,161,443,1
161,160,158,169,168,166,169,168,166,169,168,166,831,1
161,160,158,169,168,166,173,172,170,169,168,166,603,1
169,168,166,169,168,166,169,168,166,163,162,160,805,1
169,168,166,161,160,158,169,168,166,173,172,170,570,2
169,168,166,169,168,166,169,168,166,164,163,161,245,1
176,175,173,169,168,166,163,162,160,169,168,166,24,2
169,168,166,161,160,158,169,168,166,176,175,173,572,2
161,160,158,169,168,166,170,169,167,169,168,166,865,1
169,168,166,176,175,173,169,168,166,176,175,173,66,2
169,168,166,176,175,173,169,168,166,175,174,172,560,2
169,168,166,176,175,173,169,168,166,169,168,166,688,2
169,168,166,176,175,173,169,168,166,166,165,163,158,1
161,160,158,169,168,166,169,168,166,169,168,166,798,1
176,175,173,169,168,166,172,171,169,169,168,166,360,1
169,168,166,169,168,166,169,168,166,163,162,160,145,1
176,175,173,169,168,166,176,175,173,169,168,166,693,1
169,168,166,176,175,173,169,168,166,173,172,170,625,2
169,168,166,169,168,166,166,165,163,169,168,166,708,2
169,168,166,169,168,166,169,168,166,173,172,170,647,2
169,168,166,169,168,166,169,168,166,176,175,173,913,2
176,175,173,169,168,166,161,160,158,169,168,166,749,2
176,175,173,169,168,166,173,172,170,169,168,166,460,1
169,168,166,176,175,173,169,168,166,161,160,158,947,1
176,175,173,169,168,166,170,169,167,169,168,166,227,1
169,168,166,169,168,166,161,160,158,169,168,166,12,2
169,168,166,169,168,166,169,168,166,176,175,173,286,2
169,168,166,161,160,158,169,168,166,161,160,158,760,1
169,168,166,161,160,158,169,168,166,175,174,172,274,2
161,160,158,169,168,166,167,166,164,169,168,166,632,2
169,168,166,169,168,166,170,169,167,169,168,166,810,1
169,168,166,169,168,166,163,162,160,169,168,166,772,2
169,168,166,169,168,166,164,163,161,169,168,166,971,2
169,168,166,176,175,173,169,168,166,167,166,164,522,1
169,168,166,161,160,158,169,168,166,173,172,170,240,2
169,168,166,169,168,166,169,168,166,169,168,166,743,2
169,168,166,169,168,166,169,168,166,173,172,170,713,2
169,168,166,169,168,166,169,168,166,161,160,158,144,1
176,175,173,169,168,166,173,172,170,169,168,166,592,1
169,168,166,169,168,166,169,168,166,176,175,173,781,2
169,168,166,176,175,173,169,168,166,172,171,169,789,2
169,168,166,169,168,166,176,175,173,169,168,166,55,1
169,168,166,176,175,173,169,168,166,172,171,169,987,2
169,168,166,169,168,166,169,168,166,170,169,167,282,2
176,175,173,169,168,166,167,166,164,169,168,166,951,2
169,168,166,169,168,166,167,166,164,169,168,166,115,2
161,160,158,169,168,166,175,174,172,169,168,166,769,1
169,168,166,161,160,158,169,168,166,176,175,173,539,2
169,168,166,169,168,166,176,175,173,169,168,166,517,1
169,168,166,176,175,173,169,168,166,173,172,170,163,2
169,168,166,169,168,166,169,168,166,176,175,173,847,2
169,168,166,169,168,166,169,168,166,170,169,167,909,2
169,168,166,176,175,173,169,168,166,175,174,172,956,2
176,175,173,169,168,166,169,168,166,169,168,166,754,1
169,168,166,176,175,173,169,168,166,164,163,161,355,1
176,175,173,169,168,166,176,175,173,169,168,166,825,1
161,160,158,169,168,166,169,168,166,169,168,166,864,1
161,160,158,169,168,166,161,160,158,169,168,166,1,2
176,175,173,169,168,166,166,165,163,169,168,166,92,2
169,168,166,161,160,158,169,168,166,166,165,163,466,1
169,168,166,161,160,158,169,168,166,166,165,163,136,1
169,168,166,161,160,158,169,168,166,163,162,160,464,1
169,168,166,169,168,166,172,171,169,169,168,166,811,1
169,168,166,169,168,166,169,168,166,175,174,172,219,2
169,168,166,169,168,166,175,174,172,169,168,166,153,1
176,175,173,169,168,166,161,160,158,169,168,166,221,2
169,168,166,161,160,158,169,168,166,163,162,160,596,1
161,160,158,169,168,166,164,163,161,169,168,166,36,2
169,168,166,169,168,166,175,174,172,169,168,166,384,1
169,168,166,169,168,166,169,168,166,164,163,161,773,1
161,160,158,169,168,166,173,172,170,169,168,166,702,1
176,175,173,169,168,166,175,174,172,169,168,166,230,1
169,168,166,169,168,166,169,168,166,173,172,170,482,2
169,168,166,169,168,166,172,171,169,169,168,166,19,1
169,168,166,176,175,173,169,168,166,164,163,161,91,1
169,168,166,176,175,173,169,168,166,175,174,172,758,2
169,168,166,161,160,158,169,168,166,172,171,169,173,2
169,168,166,169,168,166,161,160,158,169,168,166,969,2
169,168,166,161,160,158,169,168,166,167,166,164,467,1
169,168,166,169,168,166,172,171,169,169,168,166,316,1
169,168,166,169,168,166,175,174,172,169,168,166,846,1
169,168,166,161,160,158,169,168,166,167,166,164,731,1
169,168,166,176,175,173,169,168,166,161,160,158,353,1
169,168,166,169,168,166,169,168,166,163,162,160,673,1
169,168,166,169,168,166,169,168,166,166,165,163,642,1
176,175,173,169,168,166,170,169,167,169,168,166,260,1
169,168,166,176,175,173,169,168,166,172,171,169,162,2
169,168,166,161,160,158,169,168,166,176,175,173,374,2
169,168,166,161,160,158,169,168,166,172,171,169,668,2
169,168,166,169,168,166,170,169,167,169,168,166,84,1
169,168,166,169,168,166,169,168,166,169,168,166,182,1
169,168,166,169,168,166,169,168,166,166,165,163,906,1
176,175,173,169,168,166,166,165,163,169,168,166,422,2
169,168,166,169,168,166,172,171,169,169,168,166,646,1
169,168,166,176,175,173,169,168,166,175,174,172,527,2
169,168,166,169,168,166,166,165,163,169,168,166,312,2
169,168,166,169,168,166,163,162,160,169,168,166,112,2
176,175,173,169,168,166,170,169,167,169,168,166,194,1
169,168,166,176,175,173,169,168,166,164,163,161,388,1
169,168,166,161,160,158,169,168,166,167,166,164,830,1
169,168,166,161,160,158,169,168,166,175,174,172,868,2
169,168,166,169,168,166,169,168,166,169,168,166,116,2
176,175,173,169,168,166,161,160,158,169,168,166,89,2
169,168,166,169,168,166,169,168,166,173,172,170,86,2
169,168,166,176,175,173,169,168,166,167,166,164,654,1
169,168,166,169,168,166,169,168,166,166,165,163,180,1
169,168,166,169,168,166,163,162,160,169,168,166,409,2
169,168,166,161,160,158,169,168,166,163,162,160,2,1
169,168,166,169,168,166,167,166,164,169,168,166,973,2
169,168,166,169,168,166,169,168,166,173,172,170,581,2
169,168,166,161,160,158,169,168,166,170,169,167,502,2
169,168,166,161,160,158,169,168,166,175,174,172,76,2
161,160,158,169,168,166,172,171,169,169,168,166,437,1
176,175,173,169,168,166,167,166,164,169,168,166,291,2
161,160,158,169,168,166,164,163,161,169,168,166,201,2
169,168,166,161,160,158,169,168,166,172,171,169,536,2
176,175,173,169,168,166,175,174,172,169,168,166,494,1
169,168,166,169,168,166,169,168,166,167,166,164,610,1
169,168,166,176,175,173,169,168,166,169,168,166,853,2
169,168,166,169,168,166,169,168,166,164,163,161,806,1
176,175,173,169,168,166,175,174,172,169,168,166,692,1
169,168,166,161,160,158,169,168,166,164,163,161,135,1
176,175,173,169,168,166,167,166,164,169,168,166,885,2
169,168,166,169,168,166,169,168,166,167,166,164,478,1
169,168,166,176,175,173,169,168,166,176,175,173,165,2
169,168,166,169,168,166,167,166,164,169,168,166,346,2
169,168,166,176,175,173,169,168,166,176,175,173,594,2
169,168,166,169,168,166,176,175,173,169,168,166,220,1
169,168,166,169,168,166,169,168,166,169,168,166,677,2
169,168,166,169,168,166,169,168,166,163,162,160,475,1
176,175,173,169,168,166,175,174,172,169,168,166,164,1
176,175,173,169,168,166,176,175,173,169,168,166,363,1
169,168,166,169,168,166,169,168,166,166,165,163,114,1
161,160,158,169,168,166,169,168,166,169,168,166,435,1
169,168,166,176,175,173,169,168,166,161,160,158,122,1
169,168,166,161,160,158,169,168,166,166,165,163,961,1
169,168,166,176,175,173,169,168,166,169,168,166,226,2
161,160,158,169,168,166,170,169,167,169,168,166,568,1
169,168,166,169,168,166,169,168,166,164,163,161,839,1
169,168,166,176,175,173,169,168,166,176,175,173,264,2
169,168,166,161,160,158,169,168,166,176,175,173,506,2
161,160,158,169,168,166,169,168,166,169,168,166,930,1
161,160,158,169,168,166,161,160,158,169,168,166,331,2
169,168,166,161,160,158,169,168,166,172,171,169,569,2
169,168,166,161,160,158,169,168,166,161,160,158,859,1
169,168,166,169,168,166,170,169,167,169,168,166,348,1
169,168,166,169,168,166,169,168,166,164,163,161,410,1
161,160,158,169,168,166,175,174,172,169,168,166,967,1
169,168,166,169,168,166,169,168,166,169,168,166,875,1
169,168,166,169,168,166,169,168,166,172,171,169,52,2
169,168,166,161,160,158,169,168,166,163,162,160,233,1
161,160,158,169,168,166,167,166,164,169,168,166,137,2
169,168,166,169,168,166,169,168,166,169,168,166,842,2
169,168,166,169,168,166,169,168,166,173,172,170,350,2
169,168,166,169,168,166,161,160,158,169,168,166,474,2
169,168,166,169,168,166,169,168,166,166,165,163,345,1
169,168,166,161,160,158,169,168,166,175,174,172,703,2
169,168,166,169,168,166,169,168,166,170,169,167,678,2
169,168,166,176,175,173,169,168,166,163,162,160,156,1
169,168,166,169,168,166,167,166,164,169,168,166,412,2
169,168,166,161,160,158,169,168,166,167,166,164,401,1
169,168,166,169,168,166,169,168,166,169,168,166,281,2
161,160,158,169,168,166,170,169,167,169,168,166,667,1
169,168,166,161,160,158,169,168,166,172,171,169,206,2
169,168,166,169,168,166,169,168,166,169,168,166,149,1
169,168,166,161,160,158,169,168,166,166,165,163,169,1
176,175,173,169,168,166,164,163,161,169,168,166,25,2
169,168,166,161,160,158,169,168,166,164,163,161,366,1
161,160,158,169,168,166,166,165,163,169,168,166,70,2
169,168,166,169,168,166,169,168,166,172,171,169,118,2
169,168,166,169,168,166,163,162,160,169,168,166,442,2
169,168,166,169,168,166,169,168,166,164,163,161,707,1
169,168,166,169,168,166,169,168,166,176,175,173,451,2
161,160,158,169,168,166,172,171,169,169,168,166,41,1
169,168,166,161,160,158,169,168,166,164,163,161,564,1
169,168,166,169,168,166,170,169,167,169,168,166,579,1
176,175,173,169,168,166,175,174,172,169,168,166,824,1
176,175,173,169,168,166,163,162,160,169,168,166,552,2
161,160,158,169,168,166,176,175,173,169,168,166,704,1
161,160,158,169,168,166,169,168,166,169,168,166,369,1
169,168,166,169,168,166,173,172,170,169,168,166,152,1
169,168,166,169,168,166,173,172,170,169,168,166,449,1
169,168,166,169,168,166,169,168,166,170,169,167,744,2
176,175,173,169,168,166,163,162,160,169,168,166,816,2
161,160,158,169,168,166,169,168,166,169,168,166,6,1
161,160,158,169,168,166,170,169,167,169,168,166,436,1
169,168,166,161,160,158,169,168,166,164,163,161,234,1
169,168,166,176,175,173,169,168,166,164,163,161,718,1
176,175,173,169,168,166,172,171,169,169,168,166,954,1
169,168,166,176,175,173,169,168,166,167,166,164,687,1
161,160,158,169,168,166,166,165,163,169,168,166,235,2
169,168,166,161,160,158,169,168,166,169,168,166,633,2
176,175,173,169,168,166,169,168,166,169,168,166,160,1
169,168,166,176,175,173,169,168,166,172,171,169,624,2
169,168,166,169,168,166,167,166,164,169,168,166,445,2
169,168,166,176,175,173,169,168,166,169,168,166,787,2
161,160,158,169,168,166,167,166,164,169,168,166,302,2
176,175,173,169,168,166,173,172,170,169,168,166,361,1
169,168,166,161,160,158,169,168,166,175,174,172,472,2
161,160,158,169,168,166,167,166,164,169,168,166,929,2
176,175,173,169,168,166,176,175,173,169,168,166,858,1
169,168,166,169,168,166,166,165,163,169,168,166,774,2
169,168,166,169,168,166,175,174,172,169,168,166,615,1
169,168,166,169,168,166,169,168,166,173,172,170,614,2
169,168,166,176,175,173,169,168,166,167,166,164,852,1
169,168,166,161,160,158,169,168,166,163,162,160,563,1
169,168,166,176,175,173,169,168,166,169,168,166,919,2
176,175,173,169,168,166,164,163,161,169,168,166,487,2
169,168,166,176,175,173,169,168,166,169,168,166,28,2
169,168,166,176,175,173,169,168,166,164,163,161,817,1
169,168,166,176,175,173,169,168,166,173,172,170,724,2
161,160,158,169,168,166,173,172,170,169,168,166,108,1
161,160,158,169,168,166,164,163,161,169,168,166,663,2
169,168,166,176,175,173,169,168,166,170,169,167,293,2
169,168,166,161,160,158,169,168,166,170,169,167,337,2
169,168,166,176,175,173,169,168,166,164,163,161,685,1
161,160,158,169,168,166,176,175,173,169,168,166,440,1
169,168,166,176,175,173,169,168,166,164,163,161,520,1
169,168,166,176,175,173,169,168,166,161,160,158,518,1
176,175,173,169,168,166,166,165,163,169,168,166,851,2
161,160,158,169,168,166,164,163,161,169,168,166,498,2
176,175,173,169,168,166,163,162,160,169,168,166,849,2
176,175,173,169,168,166,163,162,160,169,168,166,486,2
169,168,166,176,175,173,169,168,166,170,169,167,128,2
169,168,166,176,175,173,169,168,166,169,168,166,94,2
169,168,166,176,175,173,169,168,166,172,171,169,426,2
176,175,173,169,168,166,161,160,158,169,168,166,881,2
169,168,166,169,168,166,163,162,160,169,168,166,343,2
169,168,166,169,168,166,169,168,166,161,160,158,210,1
169,168,166,161,160,158,169,168,166,167,166,164,104,1
176,175,173,169,168,166,161,160,158,169,168,166,584,2
169,168,166,176,175,173,169,168,166,173,172,170,427,2
169,168,166,169,168,166,169,168,166,161,160,158,408,1
169,168,166,176,175,173,169,168,166,164,163,161,157,1
176,175,173,169,168,166,175,174,172,169,168,166,659,1
169,168,166,169,168,166,169,168,166,173,172,170,53,2
169,168,166,176,175,173,169,168,166,176,175,173,396,2
176,175,173,169,168,166,173,172,170,169,168,166,757,1
161,160,158,169,168,166,170,169,167,169,168,166,898,1
161,160,158,169,168,166,175,174,172,169,168,166,637,1
169,168,166,169,168,166,164,163,161,169,168,166,641,2
169,168,166,176,175,173,169,168,166,167,166,164,588,1
169,168,166,176,175,173,169,168,166,172,171,169,723,2
169,168,166,176,175,173,169,168,166,161,160,158,683,1
176,175,173,169,168,166,167,166,164,169,168,166,93,2
169,168,166,176,175,173,169,168,166,169,168,166,721,2
169,168,166,169,168,166,169,168,166,166,165,163,411,1
176,175,173,169,168,166,167,166,164,169,168,166,225,2
169,168,166,169,168,166,172,171,169,169,168,166,877,1
169,168,166,161,160,158,169,168,166,163,162,160,794,1
169,168,166,169,168,166,169,168,166,173,172,170,317,2
169,168,166,169,168,166,169,168,166,161,160,158,903,1
176,175,173,169,168,166,166,165,163,169,168,166,983,2
169,168,166,161,160,158,169,168,166,166,165,163,598,1
169,168,166,169,168,166,167,166,164,169,168,166,907,2
176,175,173,169,168,166,161,160,158,169,168,166,56,2
169,168,166,169,168,166,169,168,166,169,168,166,413,2
169,168,166,176,175,173,169,168,166,161,160,158,551,1
169,168,166,169,168,166,172,171,169,169,168,166,250,1
161,160,158,169,168,166,163,162,160,169,168,166,728,2
169,168,166,169,168,166,169,168,166,172,171,169,943,2
169,168,166,169,168,166,169,168,166,161,160,158,177,1
176,175,173,169,168,166,172,171,169,169,168,166,822,1
169,168,166,161,160,158,169,168,166,166,165,163,796,1
161,160,158,169,168,166,167,166,164,169,168,166,599,2
161,160,158,169,168,166,161,160,158,169,168,166,133,2
169,168,166,176,175,173,169,168,166,169,168,166,127,2
169,168,166,169,168,166,169,168,166,175,174,172,285,2
169,168,166,176,175,173,169,168,166,161,160,158,650,1
169,168,166,169,168,166,164,163,161,169,168,166,476,2
161,160,158,169,168,166,169,168,166,169,168,166,567,1
169,168,166,169,168,166,169,168,166,169,168,166,248,2
161,160,158,169,168,166,166,165,163,169,168,166,895,2
176,175,173,169,168,166,170,169,167,169,168,166,788,1
169,168,166,176,175,173,169,168,166,166,165,163,587,1
169,168,166,176,175,173,169,168,166,161,160,158,815,1
169,168,166,169,168,166,169,168,166,170,169,167,183,2
169,168,166,176,175,173,169,168,166,163,162,160,618,1
169,168,166,169,168,166,169,168,166,163,162,160,13,1
169,168,166,161,160,158,169,168,166,169,168,166,600,2
176,175,173,169,168,166,167,166,164,169,168,166,126,2
169,168,166,169,168,166,175,174,172,169,168,166,582,1
161,160,158,169,168,166,163,162,160,169,168,166,860,2
176,175,173,169,168,166,169,168,166,169,168,166,193,1
169,168,166,161,160,158,169,168,166,161,160,158,34,1
169,168,166,176,175,173,169,168,166,167,166,164,324,1
169,168,166,169,168,166,169,168,166,169,168,166,941,1
169,168,166,161,160,158,169,168,166,166,165,163,4,1
176,175,173,169,168,166,172,171,169,169,168,166,855,1
176,175,173,169,168,166,170,169,167,169,168,166,161,1
169,168,166,169,168,166,169,168,166,164,163,161,509,1
169,168,166,176,175,173,169,168,166,172,171,169,525,2
169,168,166,176,175,173,169,168,166,170,169,167,524,2
169,168,166,169,168,166,169,168,166,164,163,161,608,1
176,175,173,169,168,166,176,175,173,169,168,166,726,1
169,168,166,176,175,173,169,168,166,163,162,160,453,1
176,175,173,169,168,166,173,172,170,169,168,166,526,1
161,160,158,169,168,166,166,165,163,169,168,166,631,2
169,168,166,169,168,166,169,168,166,176,175,173,187,2
169,168,166,176,175,173,169,168,166,166,165,163,719,1
176,175,173,169,168,166,170,169,167,169,168,166,359,1
176,175,173,169,168,166,167,166,164,169,168,166,753,2
161,160,158,169,168,166,175,174,172,169,168,166,142,1
161,160,158,169,168,166,164,163,161,169,168,166,729,2
169,168,166,169,168,166,169,168,166,176,175,173,418,2
169,168,166,169,168,166,175,174,172,169,168,166,879,1
176,175,173,169,168,166,169,168,166,169,168,166,325,1
169,168,166,169,168,166,172,171,169,169,168,166,283,1
169,168,166,169,168,166,169,168,166,175,174,172,912,2
169,168,166,176,175,173,169,168,166,163,162,160,189,1
161,160,158,169,168,166,170,169,167,169,168,166,535,1
169,168,166,161,160,158,169,168,166,164,163,161,3,1
169,168,166,176,175,173,169,168,166,175,174,172,989,2
169,168,166,176,175,173,169,168,166,166,165,163,356,1
161,160,158,169,168,166,176,175,173,169,168,166,242,1
169,168,166,169,168,166,163,162,160,169,168,166,508,2
161,160,158,169,168,166,170,169,167,169,168,166,271,1
169,168,166,161,160,158,169,168,166,161,160,158,265,1
161,160,158,169,168,166,173,172,170,169,168,166,867,1
169,168,166,169,168,166,170,169,167,169,168,166,117,1
169,168,166,176,175,173,169,168,166,170,169,167,326,2
169,168,166,169,168,166,173,172,170,169,168,166,779,1
169,168,166,161,160,158,169,168,166,161,160,158,826,1
169,168,166,161,160,158,169,168,166,161,160,158,397,1
176,175,173,169,168,166,176,175,173,169,168,166,891,1
169,168,166,169,168,166,169,168,166,164,163,161,872,1
169,168,166,176,175,173,169,168,166,163,162,160,288,1
169,168,166,169,168,166,169,168,166,169,168,166,644,1
161,160,158,169,168,166,175,174,172,169,168,166,901,1
169,168,166,161,160,158,169,168,166,164,163,161,927,1
176,175,173,169,168,166,169,168,166,169,168,166,886,1
169,168,166,161,160,158,169,168,166,163,162,160,662,1
169,168,166,176,175,173,169,168,166,163,162,160,717,1
176,175,173,169,168,166,172,171,169,169,168,166,195,1
169,168,166,176,175,173,169,168,166,170,169,167,986,2
161,160,158,169,168,166,170,169,167,169,168,166,73,1
176,175,173,169,168,166,170,169,167,169,168,166,887,1
169,168,166,161,160,158,169,168,166,161,160,158,661,1
169,168,166,176,175,173,169,168,166,169,168,166,589,2
176,175,173,169,168,166,172,171,169,169,168,166,921,1
176,175,173,169,168,166,173,172,170,169,168,166,922,1
169,168,166,169,168,166,169,168,166,169,168,166,446,1
161,160,158,169,168,166,173,172,170,169,168,166,9,1
169,168,166,161,160,158,169,168,166,169,168,166,105,2
169,168,166,169,168,166,169,168,166,175,174,172,714,2
169,168,166,169,168,166,164,163,161,169,168,166,278,2
169,168,166,161,160,158,169,168,166,161,160,158,364,1
169,168,166,176,175,173,169,168,166,161,160,158,485,1
169,168,166,169,168,166,169,168,166,176,175,173,154,2
176,175,173,169,168,166,172,171,169,169,168,166,657,1
169,168,166,176,175,173,169,168,166,161,160,158,155,1
176,175,173,169,168,166,172,171,169,169,168,166,129,1
161,160,158,169,168,166,169,168,166,169,168,166,699,1
176,175,173,169,168,166,173,172,170,169,168,166,691,1
161,160,158,169,168,166,172,171,169,169,168,166,701,1
169,168,166,169,168,166,169,168,166,175,174,172,351,2
169,168,166,176,175,173,169,168,166,170,169,167,392,2
176,175,173,169,168,166,176,175,173,169,168,166,495,1
169,168,166,169,168,166,169,168,166,167,166,164,148,1
169,168,166,169,168,166,161,160,158,169,168,166,705,2
176,175,173,169,168,166,163,162,160,169,168,166,948,2
169,168,166,176,175,173,169,168,166,176,175,173,132,2
169,168,166,161,160,158,169,168,166,176,175,173,473,2
169,168,166,169,168,166,173,172,170,169,168,166,911,1
169,168,166,161,160,158,169,168,166,169,168,166,534,2
169,168,166,169,168,166,169,168,166,167,166,164,775,1
176,175,173,169,168,166,176,175,173,169,168,166,759,1
169,168,166,161,160,158,169,168,166,170,169,167,106,2
161,160,158,169,168,166,170,169,167,169,168,166,7,1
169,168,166,169,168,166,169,168,166,167,166,164,82,1
169,168,166,169,168,166,169,168,166,167,166,164,940,1
169,168,166,161,160,158,169,168,166,176,175,173,407,2
161,160,158,169,168,166,172,171,169,169,168,166,635,1
161,160,158,169,168,166,173,172,170,169,168,166,933,1
176,175,173,169,168,166,172,171,169,169,168,166,591,1
169,168,166,161,160,158,169,168,166,173,172,170,306,2
161,160,158,169,168,166,167,166,164,169,168,166,38,2
176,175,173,169,168,166,175,174,172,169,168,166,362,1
169,168,166,176,175,173,169,168,166,164,163,161,784,1
169,168,166,169,168,166,169,168,166,161,160,158,276,1
176,175,173,169,168,166,167,166,164,169,168,166,555,2
176,175,173,169,168,166,167,166,164,169,168,166,423,2
169,168,166,161,160,158,169,168,166,175,174,172,373,2
169,168,166,176,175,173,169,168,166,173,172,170,295,2
169,168,166,161,160,158,169,168,166,172,171,169,107,2
169,168,166,169,168,166,169,168,166,164,163,161,542,1
169,168,166,169,168,166,169,168,166,167,166,164,808,1
176,175,173,169,168,166,175,174,172,169,168,166,923,1
169,168,166,161,160,158,169,168,166,166,165,163,862,1
169,168,166,169,168,166,169,168,166,166,165,163,246,1
169,168,166,169,168,166,166,165,163,169,168,166,444,2
169,168,166,161,160,158,169,168,166,166,165,163,301,1
169,168,166,169,168,166,169,168,166,169,168,166,809,1
169,168,166,161,160,158,169,168,166,161,160,158,463,1
169,168,166,169,168,166,169,168,166,176,175,173,22,2
169,168,166,161,160,158,169,168,166,167,166,164,764,1
161,160,158,169,168,166,164,163,161,169,168,166,894,2
169,168,166,169,168,166,175,174,172,169,168,166,516,1
161,160,158,169,168,166,176,175,173,169,168,166,770,1
169,168,166,169,168,166,169,168,166,175,174,172,747,2
169,168,166,169,168,166,176,175,173,169,168,166,880,1
169,168,166,161,160,158,169,168,166,170,169,167,799,2
169,168,166,169,168,166,169,168,166,161,160,158,738,1
169,168,166,169,168,166,169,168,166,176,175,173,814,2
169,168,166,161,160,158,169,168,166,176,175,173,77,2
169,168,166,169,168,166,170,169,167,169,168,166,18,1
176,175,173,169,168,166,167,166,164,169,168,166,621,2
169,168,166,161,160,158,169,168,166,176,175,173,341,2
169,168,166,169,168,166,169,168,166,172,171,169,778,2
161,160,158,169,168,166,172,171,169,169,168,166,470,1
161,160,158,169,168,166,175,174,172,169,168,166,340,1
169,168,166,176,175,173,169,168,166,175,174,172,65,2
161,160,158,169,168,166,173,172,170,169,168,166,438,1
169,168,166,161,160,158,169,168,166,164,163,161,465,1
169,168,166,169,168,166,169,168,166,166,165,163,576,1
161,160,158,169,168,166,175,174,172,169,168,166,208,1
169,168,166,161,160,158,169,168,166,164,163,161,333,1
169,168,166,169,168,166,169,168,166,170,169,167,414,2
176,175,173,169,168,166,169,168,166,169,168,166,622,1
169,168,166,169,168,166,176,175,173,169,168,166,583,1
169,168,166,169,168,166,173,172,170,169,168,166,218,1
161,160,158,169,168,166,164,163,161,169,168,166,861,2
169,168,166,169,168,166,169,168,166,161,160,158,45,1
169,168,166,169,168,166,169,168,166,173,172,170,119,2
161,160,158,169,168,166,163,162,160,169,168,166,926,2
169,168,166,169,168,166,169,168,166,173,172,170,383,2
161,160,158,169,168,166,170,169,167,169,168,166,469,1
169,168,166,169,168,166,175,174,172,169,168,166,978,1
161,160,158,169,168,166,172,171,169,169,168,166,503,1
169,168,166,169,168,166,169,168,166,169,168,166,776,1
176,175,173,169,168,166,167,166,164,169,168,166,489,2
169,168,166,161,160,158,169,168,166,163,162,160,134,1
161,160,158,169,168,166,163,162,160,169,168,166,101,2
169,168,166,176,175,173,169,168,166,166,165,163,752,1
169,168,166,169,168,166,167,166,164,169,168,166,742,2
169,168,166,169,168,166,170,169,167,169,168,166,381,1
169,168,166,161,160,158,169,168,166,176,175,173,143,2
161,160,158,169,168,166,166,165,163,169,168,166,565,2
161,160,158,169,168,166,173,172,170,169,168,166,471,1
169,168,166,169,168,166,169,168,166,169,168,166,611,2
169,168,166,176,175,173,169,168,166,161,160,158,287,1
161,160,158,169,168,166,175,174,172,169,168,166,43,1
161,160,158,169,168,166,166,165,163,169,168,166,829,2
169,168,166,161,160,158,169,168,166,170,169,167,700,2
169,168,166,176,175,173,169,168,166,161,160,158,320,1
169,168,166,169,168,166,169,168,166,164,163,161,344,1
176,175,173,169,168,166,170,169,167,169,168,166,953,1
176,175,173,169,168,166,170,169,167,169,168,166,854,1
169,168,166,169,168,166,172,171,169,169,168,166,514,1
169,168,166,169,168,166,169,168,166,169,168,166,710,2
176,175,173,169,168,166,173,172,170,169,168,166,394,1
161,160,158,169,168,166,170,169,167,169,168,166,370,1
169,168,166,161,160,158,169,168,166,173,172,170,735,2
161,160,158,169,168,166,173,172,170,169,168,166,900,1
169,168,166,161,160,158,169,168,166,164,163,161,630,1
