100,100,100,100,100,100,100,100,100,92,92,92,244,1
100,100,100,90,90,90,100,100,100,110,110,110,968,2
100,100,100,110,110,110,100,100,100,110,110,110,99,2
110,110,110,100,100,100,108,108,108,100,100,100,32,1
90,90,90,100,100,100,90,90,90,100,100,100,793,2
100,100,100,100,100,100,100,100,100,106,106,106,878,2
100,100,100,90,90,90,100,100,100,110,110,110,737,2
100,100,100,110,110,110,100,100,100,110,110,110,198,2
100,100,100,90,90,90,100,100,100,92,92,92,530,1
90,90,90,100,100,100,106,106,106,100,100,100,174,1
90,90,90,100,100,100,106,106,106,100,100,100,834,1
110,110,110,100,100,100,90,90,90,100,100,100,452,2
100,100,100,100,100,100,100,100,100,92,92,92,46,1
100,100,100,90,90,90,100,100,100,90,90,90,562,1
100,100,100,100,100,100,92,92,92,100,100,100,211,2
100,100,100,110,110,110,100,100,100,96,96,96,389,1
100,100,100,110,110,110,100,100,100,102,102,102,491,2
100,100,100,100,100,100,100,100,100,100,100,100,215,1
100,100,100,100,100,100,102,102,102,100,100,100,711,1
90,90,90,100,100,100,94,94,94,100,100,100,795,2
100,100,100,100,100,100,108,108,108,100,100,100,450,1
100,100,100,90,90,90,100,100,100,102,102,102,403,2
110,110,110,100,100,100,90,90,90,100,100,100,782,2
90,90,90,100,100,100,102,102,102,100,100,100,601,1
110,110,110,100,100,100,92,92,92,100,100,100,915,2
100,100,100,110,110,110,100,100,100,96,96,96,785,1
100,100,100,100,100,100,100,100,100,104,104,104,910,2
100,100,100,100,100,100,110,110,110,100,100,100,121,1
90,90,90,100,100,100,108,108,108,100,100,100,802,1
100,100,100,90,90,90,100,100,100,104,104,104,602,2
100,100,100,100,100,100,104,104,104,100,100,100,745,1
90,90,90,100,100,100,98,98,98,100,100,100,533,2
100,100,100,100,100,100,100,100,100,92,92,92,970,1
100,100,100,100,100,100,102,102,102,100,100,100,546,1
100,100,100,100,100,100,100,100,100,104,104,104,547,2
100,100,100,100,100,100,96,96,96,100,100,100,477,2
100,100,100,100,100,100,100,100,100,104,104,104,580,2
110,110,110,100,100,100,102,102,102,100,100,100,689,1
100,100,100,100,100,100,100,100,100,94,94,94,47,1
100,100,100,110,110,110,100,100,100,92,92,92,750,1
100,100,100,110,110,110,100,100,100,100,100,100,391,2
100,100,100,90,90,90,100,100,100,90,90,90,958,1
100,100,100,100,100,100,100,100,100,100,100,100,17,1
100,100,100,100,100,100,100,100,100,108,108,108,648,2
90,90,90,100,100,100,90,90,90,100,100,100,727,2
100,100,100,90,90,90,100,100,100,94,94,94,828,1
90,90,90,100,100,100,108,108,108,100,100,100,439,1
100,100,100,110,110,110,100,100,100,108,108,108,791,2
110,110,110,100,100,100,104,104,104,100,100,100,327,1
100,100,100,100,100,100,108,108,108,100,100,100,681,1
100,100,100,90,90,90,100,100,100,94,94,94,696,1
100,100,100,110,110,110,100,100,100,98,98,98,390,1
100,100,100,90,90,90,100,100,100,102,102,102,634,2
100,100,100,90,90,90,100,100,100,106,106,106,141,2
90,90,90,100,100,100,106,106,106,100,100,100,669,1
100,100,100,100,100,100,100,100,100,94,94,94,377,1
100,100,100,100,100,100,90,90,90,100,100,100,639,2
100,100,100,90,90,90,100,100,100,102,102,102,40,2
100,100,100,90,90,90,100,100,100,110,110,110,275,2
100,100,100,100,100,100,100,100,100,90,90,90,243,1
110,110,110,100,100,100,90,90,90,100,100,100,716,2
90,90,90,100,100,100,108,108,108,100,100,100,538,1
90,90,90,100,100,100,98,98,98,100,100,100,698,2
100,100,100,90,90,90,100,100,100,104,104,104,866,2
90,90,90,100,100,100,96,96,96,100,100,100,730,2
100,100,100,110,110,110,100,100,100,98,98,98,786,1
100,100,100,100,100,100,100,100,100,98,98,98,181,1
100,100,100,100,100,100,90,90,90,100,100,100,507,2
90,90,90,100,100,100,92,92,92,100,100,100,266,2
90,90,90,100,100,100,92,92,92,100,100,100,959,2
100,100,100,90,90,90,100,100,100,102,102,102,964,2
100,100,100,100,100,100,90,90,90,100,100,100,804,2
100,100,100,90,90,90,100,100,100,106,106,106,504,2
100,100,100,100,100,100,104,104,104,100,100,100,712,1
110,110,110,100,100,100,100,100,100,100,100,100,985,1
110,110,110,100,100,100,100,100,100,100,100,100,292,1
110,110,110,100,100,100,110,110,110,100,100,100,231,1
110,110,110,100,100,100,100,100,100,100,100,100,259,1
110,110,110,100,100,100,96,96,96,100,100,100,26,2
100,100,100,100,100,100,100,100,100,108,108,108,780,2
110,110,110,100,100,100,96,96,96,100,100,100,125,2
100,100,100,100,100,100,100,100,100,96,96,96,510,1
110,110,110,100,100,100,92,92,92,100,100,100,222,2
90,90,90,100,100,100,90,90,90,100,100,100,199,2
100,100,100,90,90,90,100,100,100,104,104,104,932,2
100,100,100,100,100,100,100,100,100,102,102,102,777,2
100,100,100,100,100,100,100,100,100,100,100,100,50,1
100,100,100,100,100,100,102,102,102,100,100,100,150,1
100,100,100,110,110,110,100,100,100,106,106,106,955,2
100,100,100,90,90,90,100,100,100,108,108,108,109,2
110,110,110,100,100,100,94,94,94,100,100,100,883,2
100,100,100,110,110,110,100,100,100,92,92,92,882,1
100,100,100,100,100,100,100,100,100,110,110,110,715,2
100,100,100,100,100,100,100,100,100,110,110,110,352,2
100,100,100,90,90,90,100,100,100,100,100,100,204,2
100,100,100,110,110,110,100,100,100,106,106,106,196,2
100,100,100,100,100,100,96,96,96,100,100,100,378,2
100,100,100,100,100,100,106,106,106,100,100,100,680,1
110,110,110,100,100,100,90,90,90,100,100,100,188,2
100,100,100,100,100,100,100,100,100,102,102,102,975,2
100,100,100,90,90,90,100,100,100,102,102,102,304,2
100,100,100,90,90,90,100,100,100,102,102,102,766,2
100,100,100,110,110,110,100,100,100,102,102,102,722,2
90,90,90,100,100,100,92,92,92,100,100,100,299,2
100,100,100,100,100,100,94,94,94,100,100,100,905,2
100,100,100,100,100,100,100,100,100,100,100,100,479,1
100,100,100,100,100,100,100,100,100,90,90,90,78,1
100,100,100,90,90,90,100,100,100,100,100,100,402,2
100,100,100,90,90,90,100,100,100,106,106,106,339,2
110,110,110,100,100,100,102,102,102,100,100,100,95,1
100,100,100,110,110,110,100,100,100,94,94,94,256,1
90,90,90,100,100,100,90,90,90,100,100,100,496,2
100,100,100,90,90,90,100,100,100,100,100,100,897,2
90,90,90,100,100,100,106,106,106,100,100,100,636,1
100,100,100,100,100,100,102,102,102,100,100,100,480,1
90,90,90,100,100,100,102,102,102,100,100,100,172,1
100,100,100,100,100,100,100,100,100,108,108,108,813,2
110,110,110,100,100,100,94,94,94,100,100,100,982,2
90,90,90,100,100,100,96,96,96,100,100,100,334,2
100,100,100,90,90,90,100,100,100,102,102,102,238,2
100,100,100,110,110,110,100,100,100,102,102,102,557,2
90,90,90,100,100,100,100,100,100,100,100,100,732,1
100,100,100,100,100,100,100,100,100,106,106,106,845,2
100,100,100,100,100,100,100,100,100,106,106,106,185,2
90,90,90,100,100,100,96,96,96,100,100,100,202,2
90,90,90,100,100,100,98,98,98,100,100,100,71,2
90,90,90,100,100,100,92,92,92,100,100,100,497,2
100,100,100,100,100,100,100,100,100,98,98,98,709,1
100,100,100,100,100,100,110,110,110,100,100,100,682,1
100,100,100,100,100,100,100,100,100,102,102,102,612,2
100,100,100,100,100,100,100,100,100,102,102,102,51,2
100,100,100,100,100,100,94,94,94,100,100,100,113,2
100,100,100,100,100,100,106,106,106,100,100,100,977,1
100,100,100,90,90,90,100,100,100,110,110,110,308,2
100,100,100,100,100,100,100,100,100,90,90,90,342,1
100,100,100,90,90,90,100,100,100,108,108,108,10,2
100,100,100,100,100,100,100,100,100,110,110,110,550,2
100,100,100,90,90,90,100,100,100,92,92,92,695,1
100,100,100,110,110,110,100,100,100,102,102,102,458,2
100,100,100,110,110,110,100,100,100,104,104,104,690,2
100,100,100,100,100,100,100,100,100,104,104,104,844,2
90,90,90,100,100,100,98,98,98,100,100,100,368,2
100,100,100,100,100,100,100,100,100,104,104,104,382,2
110,110,110,100,100,100,90,90,90,100,100,100,386,2
100,100,100,100,100,100,110,110,110,100,100,100,616,1
90,90,90,100,100,100,98,98,98,100,100,100,896,2
100,100,100,90,90,90,100,100,100,104,104,104,74,2
110,110,110,100,100,100,92,92,92,100,100,100,57,2
100,100,100,100,100,100,98,98,98,100,100,100,841,2
100,100,100,100,100,100,98,98,98,100,100,100,874,2
90,90,90,100,100,100,90,90,90,100,100,100,298,2
100,100,100,100,100,100,100,100,100,92,92,92,310,1
100,100,100,100,100,100,100,100,100,94,94,94,179,1
100,100,100,90,90,90,100,100,100,92,92,92,167,1
90,90,90,100,100,100,96,96,96,100,100,100,697,2
90,90,90,100,100,100,100,100,100,100,100,100,270,1
100,100,100,100,100,100,106,106,106,100,100,100,416,1
110,110,110,100,100,100,98,98,98,100,100,100,159,2
100,100,100,110,110,110,100,100,100,92,92,92,420,1
100,100,100,90,90,90,100,100,100,104,104,104,305,2
90,90,90,100,100,100,100,100,100,100,100,100,468,1
100,100,100,100,100,100,100,100,100,90,90,90,870,1
110,110,110,100,100,100,102,102,102,100,100,100,920,1
100,100,100,100,100,100,92,92,92,100,100,100,706,2
90,90,90,100,100,100,100,100,100,100,100,100,138,1
100,100,100,110,110,110,100,100,100,100,100,100,952,2
110,110,110,100,100,100,106,106,106,100,100,100,559,1
100,100,100,110,110,110,100,100,100,98,98,98,720,1
90,90,90,100,100,100,90,90,90,100,100,100,628,2
100,100,100,100,100,100,100,100,100,108,108,108,549,2
100,100,100,100,100,100,102,102,102,100,100,100,876,1
110,110,110,100,100,100,106,106,106,100,100,100,262,1
100,100,100,100,100,100,96,96,96,100,100,100,807,2
100,100,100,100,100,100,100,100,100,94,94,94,146,1
100,100,100,100,100,100,100,100,100,106,106,106,746,2
100,100,100,100,100,100,100,100,100,92,92,92,178,1
100,100,100,100,100,100,104,104,104,100,100,100,976,1
100,100,100,110,110,110,100,100,100,94,94,94,652,1
100,100,100,90,90,90,100,100,100,110,110,110,11,2
110,110,110,100,100,100,90,90,90,100,100,100,617,2
100,100,100,90,90,90,100,100,100,104,104,104,965,2
100,100,100,90,90,90,100,100,100,90,90,90,100,1
100,100,100,100,100,100,100,100,100,98,98,98,511,1
100,100,100,110,110,110,100,100,100,90,90,90,254,1
100,100,100,100,100,100,100,100,100,102,102,102,513,2
100,100,100,110,110,110,100,100,100,106,106,106,97,2
110,110,110,100,100,100,92,92,92,100,100,100,90,2
100,100,100,110,110,110,100,100,100,110,110,110,990,2
100,100,100,100,100,100,104,104,104,100,100,100,184,1
100,100,100,100,100,100,100,100,100,96,96,96,675,1
100,100,100,90,90,90,100,100,100,96,96,96,664,1
100,100,100,100,100,100,100,100,100,110,110,110,748,2
100,100,100,100,100,100,100,100,100,100,100,100,314,1
100,100,100,100,100,100,108,108,108,100,100,100,21,1
90,90,90,100,100,100,104,104,104,100,100,100,8,1
100,100,100,100,100,100,92,92,92,100,100,100,838,2
110,110,110,100,100,100,92,92,92,100,100,100,519,2
90,90,90,100,100,100,96,96,96,100,100,100,400,2
100,100,100,100,100,100,100,100,100,98,98,98,313,1
100,100,100,100,100,100,100,100,100,92,92,92,937,1
90,90,90,100,100,100,102,102,102,100,100,100,205,1
100,100,100,100,100,100,100,100,100,98,98,98,214,1
110,110,110,100,100,100,110,110,110,100,100,100,660,1
100,100,100,100,100,100,108,108,108,100,100,100,252,1
100,100,100,90,90,90,100,100,100,110,110,110,605,2
100,100,100,110,110,110,100,100,100,94,94,94,421,1
90,90,90,100,100,100,100,100,100,100,100,100,303,1
100,100,100,90,90,90,100,100,100,102,102,102,832,2
110,110,110,100,100,100,110,110,110,100,100,100,627,1
100,100,100,110,110,110,100,100,100,108,108,108,890,2
100,100,100,110,110,110,100,100,100,96,96,96,191,1
90,90,90,100,100,100,90,90,90,100,100,100,529,2
110,110,110,100,100,100,106,106,106,100,100,100,64,1
110,110,110,100,100,100,110,110,110,100,100,100,924,1
90,90,90,100,100,100,100,100,100,100,100,100,237,1
90,90,90,100,100,100,108,108,108,100,100,100,670,1
100,100,100,110,110,110,100,100,100,98,98,98,192,1
90,90,90,100,100,100,92,92,92,100,100,100,332,2
110,110,110,100,100,100,102,102,102,100,100,100,755,1
110,110,110,100,100,100,110,110,110,100,100,100,330,1
100,100,100,110,110,110,100,100,100,106,106,106,658,2
100,100,100,110,110,110,100,100,100,96,96,96,686,1
100,100,100,110,110,110,100,100,100,110,110,110,33,2
100,100,100,100,100,100,104,104,104,100,100,100,151,1
100,100,100,110,110,110,100,100,100,104,104,104,63,2
90,90,90,100,100,100,98,98,98,100,100,100,863,2
100,100,100,100,100,100,100,100,100,110,110,110,649,2
100,100,100,100,100,100,92,92,92,100,100,100,739,2
100,100,100,100,100,100,110,110,110,100,100,100,88,1
90,90,90,100,100,100,110,110,110,100,100,100,209,1
90,90,90,100,100,100,104,104,104,100,100,100,734,1
110,110,110,100,100,100,106,106,106,100,100,100,493,1
90,90,90,100,100,100,98,98,98,100,100,100,203,2
110,110,110,100,100,100,98,98,98,100,100,100,819,2
100,100,100,100,100,100,94,94,94,100,100,100,212,2
100,100,100,100,100,100,104,104,104,100,100,100,415,1
110,110,110,100,100,100,96,96,96,100,100,100,620,2
90,90,90,100,100,100,94,94,94,100,100,100,300,2
100,100,100,100,100,100,94,94,94,100,100,100,311,2
110,110,110,100,100,100,98,98,98,100,100,100,258,2
100,100,100,100,100,100,104,104,104,100,100,100,679,1
100,100,100,110,110,110,100,100,100,98,98,98,60,1
100,100,100,100,100,100,96,96,96,100,100,100,972,2
100,100,100,100,100,100,100,100,100,98,98,98,676,1
90,90,90,100,100,100,104,104,104,100,100,100,800,1
100,100,100,90,90,90,100,100,100,110,110,110,110,2
100,100,100,100,100,100,100,100,100,92,92,92,376,1
100,100,100,100,100,100,92,92,92,100,100,100,904,2
100,100,100,110,110,110,100,100,100,100,100,100,556,2
100,100,100,100,100,100,100,100,100,106,106,106,812,2
100,100,100,100,100,100,100,100,100,100,100,100,578,1
90,90,90,100,100,100,90,90,90,100,100,100,595,2
100,100,100,100,100,100,100,100,100,106,106,106,944,2
100,100,100,110,110,110,100,100,100,96,96,96,59,1
100,100,100,100,100,100,106,106,106,100,100,100,20,1
110,110,110,100,100,100,92,92,92,100,100,100,783,2
100,100,100,100,100,100,100,100,100,110,110,110,253,2
90,90,90,100,100,100,108,108,108,100,100,100,406,1
100,100,100,110,110,110,100,100,100,106,106,106,790,2
100,100,100,90,90,90,100,100,100,110,110,110,836,2
100,100,100,110,110,110,100,100,100,94,94,94,454,1
100,100,100,100,100,100,92,92,92,100,100,100,640,2
100,100,100,100,100,100,96,96,96,100,100,100,939,2
100,100,100,110,110,110,100,100,100,110,110,110,792,2
90,90,90,100,100,100,106,106,106,100,100,100,75,1
90,90,90,100,100,100,106,106,106,100,100,100,207,1
100,100,100,100,100,100,100,100,100,100,100,100,974,1
110,110,110,100,100,100,102,102,102,100,100,100,29,1
100,100,100,110,110,110,100,100,100,104,104,104,261,2
100,100,100,110,110,110,100,100,100,94,94,94,289,1
100,100,100,100,100,100,100,100,100,96,96,96,279,1
100,100,100,110,110,110,100,100,100,108,108,108,197,2
110,110,110,100,100,100,104,104,104,100,100,100,888,1
100,100,100,110,110,110,100,100,100,92,92,92,585,1
100,100,100,90,90,90,100,100,100,98,98,98,797,1
100,100,100,100,100,100,100,100,100,108,108,108,120,2
100,100,100,90,90,90,100,100,100,108,108,108,505,2
100,100,100,110,110,110,100,100,100,92,92,92,684,1
100,100,100,110,110,110,100,100,100,108,108,108,395,2
100,100,100,100,100,100,102,102,102,100,100,100,843,1
110,110,110,100,100,100,108,108,108,100,100,100,263,1
100,100,100,100,100,100,100,100,100,102,102,102,645,2
110,110,110,100,100,100,104,104,104,100,100,100,228,1
100,100,100,100,100,100,100,100,100,90,90,90,837,1
100,100,100,90,90,90,100,100,100,92,92,92,761,1
100,100,100,100,100,100,96,96,96,100,100,100,147,2
100,100,100,100,100,100,94,94,94,100,100,100,575,2
100,100,100,110,110,110,100,100,100,94,94,94,58,1
90,90,90,100,100,100,106,106,106,100,100,100,372,1
100,100,100,100,100,100,100,100,100,100,100,100,512,2
100,100,100,100,100,100,100,100,100,106,106,106,515,2
100,100,100,90,90,90,100,100,100,96,96,96,532,1
110,110,110,100,100,100,100,100,100,100,100,100,61,1
110,110,110,100,100,100,90,90,90,100,100,100,980,2
90,90,90,100,100,100,108,108,108,100,100,100,934,1
100,100,100,100,100,100,100,100,100,90,90,90,309,1
100,100,100,90,90,90,100,100,100,90,90,90,67,1
110,110,110,100,100,100,96,96,96,100,100,100,884,2
110,110,110,100,100,100,106,106,106,100,100,100,130,1
100,100,100,110,110,110,100,100,100,108,108,108,296,2
100,100,100,100,100,100,108,108,108,100,100,100,54,1
100,100,100,100,100,100,100,100,100,96,96,96,609,1
110,110,110,100,100,100,94,94,94,100,100,100,322,2
100,100,100,100,100,100,100,100,100,110,110,110,946,2
90,90,90,100,100,100,104,104,104,100,100,100,140,1
110,110,110,100,100,100,102,102,102,100,100,100,62,1
100,100,100,100,100,100,100,100,100,110,110,110,979,2
100,100,100,110,110,110,100,100,100,104,104,104,30,2
110,110,110,100,100,100,106,106,106,100,100,100,856,1
100,100,100,90,90,90,100,100,100,108,108,108,571,2
100,100,100,90,90,90,100,100,100,110,110,110,44,2
100,100,100,90,90,90,100,100,100,90,90,90,694,1
100,100,100,100,100,100,100,100,100,96,96,96,15,1
100,100,100,100,100,100,100,100,100,98,98,98,247,1
90,90,90,100,100,100,110,110,110,100,100,100,671,1
100,100,100,100,100,100,108,108,108,100,100,100,87,1
100,100,100,90,90,90,100,100,100,94,94,94,267,1
100,100,100,110,110,110,100,100,100,98,98,98,27,1
100,100,100,90,90,90,100,100,100,98,98,98,500,1
90,90,90,100,100,100,106,106,106,100,100,100,405,1
100,100,100,90,90,90,100,100,100,104,104,104,833,2
100,100,100,110,110,110,100,100,100,108,108,108,593,2
100,100,100,90,90,90,100,100,100,108,108,108,307,2
110,110,110,100,100,100,98,98,98,100,100,100,984,2
100,100,100,100,100,100,110,110,110,100,100,100,319,1
110,110,110,100,100,100,108,108,108,100,100,100,428,1
90,90,90,100,100,100,94,94,94,100,100,100,960,2
100,100,100,100,100,100,90,90,90,100,100,100,540,2
90,90,90,100,100,100,94,94,94,100,100,100,531,2
90,90,90,100,100,100,96,96,96,100,100,100,268,2
100,100,100,100,100,100,90,90,90,100,100,100,111,2
90,90,90,100,100,100,102,102,102,100,100,100,733,1
100,100,100,90,90,90,100,100,100,106,106,106,273,2
100,100,100,90,90,90,100,100,100,100,100,100,171,2
100,100,100,90,90,90,100,100,100,98,98,98,434,1
90,90,90,100,100,100,110,110,110,100,100,100,638,1
100,100,100,110,110,110,100,100,100,90,90,90,419,1
100,100,100,110,110,110,100,100,100,96,96,96,455,1
100,100,100,100,100,100,100,100,100,102,102,102,249,2
100,100,100,100,100,100,106,106,106,100,100,100,251,1
100,100,100,100,100,100,110,110,110,100,100,100,385,1
100,100,100,100,100,100,100,100,100,90,90,90,771,1
100,100,100,90,90,90,100,100,100,92,92,92,893,1
100,100,100,90,90,90,100,100,100,96,96,96,763,1
90,90,90,100,100,100,108,108,108,100,100,100,736,1
110,110,110,100,100,100,94,94,94,100,100,100,850,2
100,100,100,100,100,100,104,104,104,100,100,100,448,1
110,110,110,100,100,100,106,106,106,100,100,100,823,1
100,100,100,110,110,110,100,100,100,106,106,106,328,2
90,90,90,100,100,100,92,92,92,100,100,100,827,2
100,100,100,110,110,110,100,100,100,94,94,94,586,1
100,100,100,90,90,90,100,100,100,100,100,100,963,2
100,100,100,90,90,90,100,100,100,110,110,110,176,2
100,100,100,100,100,100,100,100,100,90,90,90,573,1
100,100,100,90,90,90,100,100,100,96,96,96,103,1
100,100,100,90,90,90,100,100,100,92,92,92,398,1
90,90,90,100,100,100,102,102,102,100,100,100,931,1
100,100,100,110,110,110,100,100,100,96,96,96,818,1
100,100,100,100,100,100,90,90,90,100,100,100,441,2
100,100,100,100,100,100,92,92,92,100,100,100,574,2
100,100,100,110,110,110,100,100,100,102,102,102,590,2
100,100,100,90,90,90,100,100,100,110,110,110,803,2
90,90,90,100,100,100,100,100,100,100,100,100,501,1
110,110,110,100,100,100,102,102,102,100,100,100,425,1
110,110,110,100,100,100,92,92,92,100,100,100,651,2
100,100,100,100,100,100,100,100,100,96,96,96,48,1
110,110,110,100,100,100,90,90,90,100,100,100,848,2
100,100,100,110,110,110,100,100,100,104,104,104,96,2
100,100,100,100,100,100,98,98,98,100,100,100,16,2
100,100,100,110,110,110,100,100,100,96,96,96,950,1
100,100,100,90,90,90,100,100,100,96,96,96,367,1
100,100,100,110,110,110,100,100,100,92,92,92,255,1
90,90,90,100,100,100,106,106,106,100,100,100,42,1
100,100,100,100,100,100,100,100,100,106,106,106,548,2
100,100,100,110,110,110,100,100,100,108,108,108,329,2
100,100,100,90,90,90,100,100,100,94,94,94,168,1
100,100,100,110,110,110,100,100,100,106,106,106,889,2
110,110,110,100,100,100,108,108,108,100,100,100,857,1
100,100,100,100,100,100,100,100,100,92,92,92,607,1
100,100,100,110,110,110,100,100,100,104,104,104,459,2
90,90,90,100,100,100,104,104,104,100,100,100,899,1
100,100,100,110,110,110,100,100,100,96,96,96,653,1
100,100,100,100,100,100,100,100,100,100,100,100,347,2
100,100,100,100,100,100,100,100,100,100,100,100,545,1
90,90,90,100,100,100,104,104,104,100,100,100,404,1
100,100,100,110,110,110,100,100,100,94,94,94,124,1
100,100,100,90,90,90,100,100,100,90,90,90,166,1
100,100,100,90,90,90,100,100,100,94,94,94,597,1
100,100,100,100,100,100,96,96,96,100,100,100,81,2
100,100,100,90,90,90,100,100,100,108,108,108,604,2
90,90,90,100,100,100,96,96,96,100,100,100,928,2
100,100,100,90,90,90,100,100,100,100,100,100,765,2
100,100,100,100,100,100,92,92,92,100,100,100,541,2
100,100,100,100,100,100,100,100,100,100,100,100,83,1
100,100,100,90,90,90,100,100,100,98,98,98,962,1
100,100,100,110,110,110,100,100,100,94,94,94,223,1
90,90,90,100,100,100,94,94,94,100,100,100,399,2
100,100,100,110,110,110,100,100,100,108,108,108,626,2
110,110,110,100,100,100,110,110,110,100,100,100,561,1
100,100,100,100,100,100,100,100,100,100,100,100,908,2
90,90,90,100,100,100,98,98,98,100,100,100,5,2
100,100,100,110,110,110,100,100,100,108,108,108,98,2
100,100,100,110,110,110,100,100,100,98,98,98,918,1
110,110,110,100,100,100,96,96,96,100,100,100,521,2
100,100,100,90,90,90,100,100,100,108,108,108,175,2
100,100,100,100,100,100,100,100,100,98,98,98,280,1
110,110,110,100,100,100,104,104,104,100,100,100,492,1
100,100,100,110,110,110,100,100,100,98,98,98,357,1
90,90,90,100,100,100,90,90,90,100,100,100,892,2
100,100,100,100,100,100,100,100,100,108,108,108,318,2
100,100,100,110,110,110,100,100,100,106,106,106,31,2
100,100,100,100,100,100,92,92,92,100,100,100,871,2
110,110,110,100,100,100,92,92,92,100,100,100,123,2
110,110,110,100,100,100,102,102,102,100,100,100,821,1
90,90,90,100,100,100,96,96,96,100,100,100,37,2
100,100,100,100,100,100,100,100,100,100,100,100,380,1
100,100,100,100,100,100,108,108,108,100,100,100,417,1
100,100,100,100,100,100,96,96,96,100,100,100,840,2
100,100,100,110,110,110,100,100,100,106,106,106,229,2
90,90,90,100,100,100,110,110,110,100,100,100,869,1
100,100,100,110,110,110,100,100,100,96,96,96,224,1
100,100,100,110,110,110,100,100,100,92,92,92,387,1
100,100,100,100,100,100,98,98,98,100,100,100,643,2
110,110,110,100,100,100,108,108,108,100,100,100,725,1
100,100,100,90,90,90,100,100,100,92,92,92,629,1
110,110,110,100,100,100,104,104,104,100,100,100,558,1
100,100,100,90,90,90,100,100,100,98,98,98,665,1
100,100,100,100,100,100,100,100,100,98,98,98,544,1
100,100,100,100,100,100,100,100,100,90,90,90,672,1
100,100,100,90,90,90,100,100,100,100,100,100,72,2
100,100,100,100,100,100,100,100,100,96,96,96,873,1
100,100,100,100,100,100,100,100,100,94,94,94,14,1
90,90,90,100,100,100,92,92,92,100,100,100,35,2
90,90,90,100,100,100,90,90,90,100,100,100,430,2
90,90,90,100,100,100,96,96,96,100,100,100,499,2
90,90,90,100,100,100,98,98,98,100,100,100,269,2
110,110,110,100,100,100,92,92,92,100,100,100,981,2
90,90,90,100,100,100,100,100,100,100,100,100,666,1
110,110,110,100,100,100,100,100,100,100,100,100,424,1
100,100,100,100,100,100,100,100,100,94,94,94,740,1
100,100,100,100,100,100,102,102,102,100,100,100,942,1
90,90,90,100,100,100,90,90,90,100,100,100,232,2
100,100,100,110,110,110,100,100,100,98,98,98,456,1
90,90,90,100,100,100,98,98,98,100,100,100,170,2
100,100,100,100,100,100,100,100,100,92,92,92,277,1
90,90,90,100,100,100,100,100,100,100,100,100,39,1
100,100,100,100,100,100,100,100,100,94,94,94,938,1
90,90,90,100,100,100,96,96,96,100,100,100,433,2
100,100,100,100,100,100,100,100,100,108,108,108,186,2
110,110,110,100,100,100,90,90,90,100,100,100,914,2
110,110,110,100,100,100,104,104,104,100,100,100,393,1
100,100,100,90,90,90,100,100,100,104,104,104,371,2
100,100,100,90,90,90,100,100,100,94,94,94,432,1
110,110,110,100,100,100,90,90,90,100,100,100,23,2
100,100,100,100,100,100,100,100,100,104,104,104,217,2
90,90,90,100,100,100,106,106,106,100,100,100,801,1
100,100,100,110,110,110,100,100,100,94,94,94,751,1
100,100,100,100,100,100,100,100,100,96,96,96,213,1
90,90,90,100,100,100,100,100,100,100,100,100,336,1
110,110,110,100,100,100,96,96,96,100,100,100,323,2
110,110,110,100,100,100,94,94,94,100,100,100,553,2
90,90,90,100,100,100,90,90,90,100,100,100,925,2
100,100,100,110,110,110,100,100,100,100,100,100,820,2
100,100,100,100,100,100,100,100,100,92,92,92,79,1
100,100,100,90,90,90,100,100,100,106,106,106,768,2
110,110,110,100,100,100,100,100,100,100,100,100,490,1
100,100,100,110,110,110,100,100,100,100,100,100,358,2
100,100,100,100,100,100,100,100,100,98,98,98,49,1
100,100,100,90,90,90,100,100,100,94,94,94,69,1
100,100,100,90,90,90,100,100,100,92,92,92,68,1
100,100,100,100,100,100,102,102,102,100,100,100,447,1
90,90,90,100,100,100,104,104,104,100,100,100,338,1
100,100,100,100,100,100,94,94,94,100,100,100,80,2
100,100,100,90,90,90,100,100,100,104,104,104,272,2
100,100,100,100,100,100,100,100,100,102,102,102,216,2
100,100,100,100,100,100,100,100,100,104,104,104,349,2
100,100,100,100,100,100,96,96,96,100,100,100,543,2
90,90,90,100,100,100,98,98,98,100,100,100,566,2
90,90,90,100,100,100,92,92,92,100,100,100,200,2
90,90,90,100,100,100,110,110,110,100,100,100,935,1
100,100,100,100,100,100,98,98,98,100,100,100,577,2
90,90,90,100,100,100,98,98,98,100,100,100,236,2
110,110,110,100,100,100,94,94,94,100,100,100,949,2
90,90,90,100,100,100,106,106,106,100,100,100,966,1
100,100,100,100,100,100,98,98,98,100,100,100,379,2
100,100,100,100,100,100,104,104,104,100,100,100,613,1
110,110,110,100,100,100,106,106,106,100,100,100,988,1
110,110,110,100,100,100,100,100,100,100,100,100,523,1
110,110,110,100,100,100,100,100,100,100,100,100,655,1
90,90,90,100,100,100,110,110,110,100,100,100,902,1
100,100,100,110,110,110,100,100,100,110,110,110,528,2
100,100,100,110,110,110,100,100,100,96,96,96,290,1
110,110,110,100,100,100,110,110,110,100,100,100,462,1
100,100,100,100,100,100,100,100,100,90,90,90,606,1
100,100,100,100,100,100,100,100,100,102,102,102,315,2
110,110,110,100,100,100,94,94,94,100,100,100,916,2
100,100,100,90,90,90,100,100,100,104,104,104,767,2
100,100,100,110,110,110,100,100,100,96,96,96,488,1
110,110,110,100,100,100,96,96,96,100,100,100,257,2
110,110,110,100,100,100,94,94,94,100,100,100,619,2
100,100,100,100,100,100,100,100,100,106,106,106,284,2
110,110,110,100,100,100,96,96,96,100,100,100,554,2
100,100,100,90,90,90,100,100,100,106,106,106,537,2
100,100,100,100,100,100,100,100,100,94,94,94,674,1
110,110,110,100,100,100,108,108,108,100,100,100,131,1
90,90,90,100,100,100,108,108,108,100,100,100,835,1
100,100,100,90,90,90,100,100,100,102,102,102,139,2
100,100,100,100,100,100,90,90,90,100,100,100,936,2
90,90,90,100,100,100,92,92,92,100,100,100,365,2
110,110,110,100,100,100,92,92,92,100,100,100,321,2
100,100,100,100,100,100,96,96,96,100,100,100,741,2
110,110,110,100,100,100,110,110,110,100,100,100,297,1
110,110,110,100,100,100,104,104,104,100,100,100,294,1
100,100,100,110,110,110,100,100,100,102,102,102,656,2
100,100,100,100,100,100,100,100,100,104,104,104,85,2
90,90,90,100,100,100,104,104,104,100,100,100,239,1
100,100,100,90,90,90,100,100,100,98,98,98,335,1
110,110,110,100,100,100,100,100,100,100,100,100,457,1
110,110,110,100,100,100,92,92,92,100,100,100,354,2
100,100,100,110,110,110,100,100,100,110,110,110,957,2
100,100,100,100,100,100,100,100,100,108,108,108,483,2
100,100,100,100,100,100,108,108,108,100,100,100,945,1
100,100,100,110,110,110,100,100,100,96,96,96,917,1
90,90,90,100,100,100,94,94,94,100,100,100,762,2
100,100,100,100,100,100,104,104,104,100,100,100,481,1
100,100,100,90,90,90,100,100,100,92,92,92,431,1
110,110,110,100,100,100,104,104,104,100,100,100,756,1
110,110,110,100,100,100,110,110,110,100,100,100,429,1
100,100,100,110,110,110,100,100,100,94,94,94,190,1
110,110,110,100,100,100,102,102,102,100,100,100,623,1
90,90,90,100,100,100,108,108,108,100,100,100,241,1
90,90,90,100,100,100,94,94,94,100,100,100,102,2
100,100,100,100,100,100,110,110,110,100,100,100,484,1
100,100,100,100,100,100,100,100,100,90,90,90,375,1
110,110,110,100,100,100,108,108,108,100,100,100,461,1
100,100,100,100,100,100,100,100,100,94,94,94,443,1
90,90,90,100,100,100,100,100,100,100,100,100,831,1
90,90,90,100,100,100,106,106,106,100,100,100,603,1
100,100,100,100,100,100,100,100,100,92,92,92,805,1
100,100,100,90,90,90,100,100,100,106,106,106,570,2
100,100,100,100,100,100,100,100,100,94,94,94,245,1
110,110,110,100,100,100,92,92,92,100,100,100,24,2
100,100,100,90,90,90,100,100,100,110,110,110,572,2
90,90,90,100,100,100,102,102,102,100,100,100,865,1
100,100,100,110,110,110,100,100,100,110,110,110,66,2
100,100,100,110,110,110,100,100,100,108,108,108,560,2
100,100,100,110,110,110,100,100,100,100,100,100,688,2
100,100,100,110,110,110,100,100,100,96,96,96,158,1
90,90,90,100,100,100,100,100,100,100,100,100,798,1
110,110,110,100,100,100,104,104,104,100,100,100,360,1
100,100,100,100,100,100,100,100,100,92,92,92,145,1
110,110,110,100,100,100,110,110,110,100,100,100,693,1
100,100,100,110,110,110,100,100,100,106,106,106,625,2
100,100,100,100,100,100,96,96,96,100,100,100,708,2
100,100,100,100,100,100,100,100,100,106,106,106,647,2
100,100,100,100,100,100,100,100,100,110,110,110,913,2
110,110,110,100,100,100,90,90,90,100,100,100,749,2
110,110,110,100,100,100,106,106,106,100,100,100,460,1
100,100,100,110,110,110,100,100,100,90,90,90,947,1
110,110,110,100,100,100,102,102,102,100,100,100,227,1
100,100,100,100,100,100,90,90,90,100,100,100,12,2
100,100,100,100,100,100,100,100,100,110,110,110,286,2
100,100,100,90,90,90,100,100,100,90,90,90,760,1
100,100,100,90,90,90,100,100,100,108,108,108,274,2
90,90,90,100,100,100,98,98,98,100,100,100,632,2
100,100,100,100,100,100,102,102,102,100,100,100,810,1
100,100,100,100,100,100,92,92,92,100,100,100,772,2
100,100,100,100,100,100,94,94,94,100,100,100,971,2
100,100,100,110,110,110,100,100,100,98,98,98,522,1
100,100,100,90,90,90,100,100,100,106,106,106,240,2
100,100,100,100,100,100,100,100,100,100,100,100,743,2
100,100,100,100,100,100,100,100,100,106,106,106,713,2
100,100,100,100,100,100,100,100,100,90,90,90,144,1
110,110,110,100,100,100,106,106,106,100,100,100,592,1
100,100,100,100,100,100,100,100,100,110,110,110,781,2
100,100,100,110,110,110,100,100,100,104,104,104,789,2
100,100,100,100,100,100,110,110,110,100,100,100,55,1
100,100,100,110,110,110,100,100,100,104,104,104,987,2
100,100,100,100,100,100,100,100,100,102,102,102,282,2
110,110,110,100,100,100,98,98,98,100,100,100,951,2
100,100,100,100,100,100,98,98,98,100,100,100,115,2
90,90,90,100,100,100,108,108,108,100,100,100,769,1
100,100,100,90,90,90,100,100,100,110,110,110,539,2
100,100,100,100,100,100,110,110,110,100,100,100,517,1
100,100,100,110,110,110,100,100,100,106,106,106,163,2
100,100,100,100,100,100,100,100,100,110,110,110,847,2
100,100,100,100,100,100,100,100,100,102,102,102,909,2
100,100,100,110,110,110,100,100,100,108,108,108,956,2
110,110,110,100,100,100,100,100,100,100,100,100,754,1
100,100,100,110,110,110,100,100,100,94,94,94,355,1
110,110,110,100,100,100,110,110,110,100,100,100,825,1
90,90,90,100,100,100,100,100,100,100,100,100,864,1
90,90,90,100,100,100,90,90,90,100,100,100,1,2
110,110,110,100,100,100,96,96,96,100,100,100,92,2
100,100,100,90,90,90,100,100,100,96,96,96,466,1
100,100,100,90,90,90,100,100,100,96,96,96,136,1
100,100,100,90,90,90,100,100,100,92,92,92,464,1
100,100,100,100,100,100,104,104,104,100,100,100,811,1
100,100,100,100,100,100,100,100,100,108,108,108,219,2
100,100,100,100,100,100,108,108,108,100,100,100,153,1
110,110,110,100,100,100,90,90,90,100,100,100,221,2
100,100,100,90,90,90,100,100,100,92,92,92,596,1
90,90,90,100,100,100,94,94,94,100,100,100,36,2
100,100,100,100,100,100,108,108,108,100,100,100,384,1
100,100,100,100,100,100,100,100,100,94,94,94,773,1
90,90,90,100,100,100,106,106,106,100,100,100,702,1
110,110,110,100,100,100,108,108,108,100,100,100,230,1
100,100,100,100,100,100,100,100,100,106,106,106,482,2
100,100,100,100,100,100,104,104,104,100,100,100,19,1
100,100,100,110,110,110,100,100,100,94,94,94,91,1
100,100,100,110,110,110,100,100,100,108,108,108,758,2
100,100,100,90,90,90,100,100,100,104,104,104,173,2
100,100,100,100,100,100,90,90,90,100,100,100,969,2
100,100,100,90,90,90,100,100,100,98,98,98,467,1
100,100,100,100,100,100,104,104,104,100,100,100,316,1
100,100,100,100,100,100,108,108,108,100,100,100,846,1
100,100,100,90,90,90,100,100,100,98,98,98,731,1
100,100,100,110,110,110,100,100,100,90,90,90,353,1
100,100,100,100,100,100,100,100,100,92,92,92,673,1
100,100,100,100,100,100,100,100,100,96,96,96,642,1
110,110,110,100,100,100,102,102,102,100,100,100,260,1
100,100,100,110,110,110,100,100,100,104,104,104,162,2
100,100,100,90,90,90,100,100,100,110,110,110,374,2
100,100,100,90,90,90,100,100,100,104,104,104,668,2
100,100,100,100,100,100,102,102,102,100,100,100,84,1
100,100,100,100,100,100,100,100,100,100,100,100,182,1
100,100,100,100,100,100,100,100,100,96,96,96,906,1
110,110,110,100,100,100,96,96,96,100,100,100,422,2
100,100,100,100,100,100,104,104,104,100,100,100,646,1
100,100,100,110,110,110,100,100,100,108,108,108,527,2
100,100,100,100,100,100,96,96,96,100,100,100,312,2
100,100,100,100,100,100,92,92,92,100,100,100,112,2
110,110,110,100,100,100,102,102,102,100,100,100,194,1
100,100,100,110,110,110,100,100,100,94,94,94,388,1
100,100,100,90,90,90,100,100,100,98,98,98,830,1
100,100,100,90,90,90,100,100,100,108,108,108,868,2
100,100,100,100,100,100,100,100,100,100,100,100,116,2
110,110,110,100,100,100,90,90,90,100,100,100,89,2
100,100,100,100,100,100,100,100,100,106,106,106,86,2
100,100,100,110,110,110,100,100,100,98,98,98,654,1
100,100,100,100,100,100,100,100,100,96,96,96,180,1
100,100,100,100,100,100,92,92,92,100,100,100,409,2
100,100,100,90,90,90,100,100,100,92,92,92,2,1
100,100,100,100,100,100,98,98,98,100,100,100,973,2
100,100,100,100,100,100,100,100,100,106,106,106,581,2
100,100,100,90,90,90,100,100,100,102,102,102,502,2
100,100,100,90,90,90,100,100,100,108,108,108,76,2
90,90,90,100,100,100,104,104,104,100,100,100,437,1
110,110,110,100,100,100,98,98,98,100,100,100,291,2
90,90,90,100,100,100,94,94,94,100,100,100,201,2
100,100,100,90,90,90,100,100,100,104,104,104,536,2
110,110,110,100,100,100,108,108,108,100,100,100,494,1
100,100,100,100,100,100,100,100,100,98,98,98,610,1
100,100,100,110,110,110,100,100,100,100,100,100,853,2
100,100,100,100,100,100,100,100,100,94,94,94,806,1
110,110,110,100,100,100,108,108,108,100,100,100,692,1
100,100,100,90,90,90,100,100,100,94,94,94,135,1
110,110,110,100,100,100,98,98,98,100,100,100,885,2
100,100,100,100,100,100,100,100,100,98,98,98,478,1
100,100,100,110,110,110,100,100,100,110,110,110,165,2
100,100,100,100,100,100,98,98,98,100,100,100,346,2
100,100,100,110,110,110,100,100,100,110,110,110,594,2
100,100,100,100,100,100,110,110,110,100,100,100,220,1
100,100,100,100,100,100,100,100,100,100,100,100,677,2
100,100,100,100,100,100,100,100,100,92,92,92,475,1
110,110,110,100,100,100,108,108,108,100,100,100,164,1
110,110,110,100,100,100,110,110,110,100,100,100,363,1
100,100,100,100,100,100,100,100,100,96,96,96,114,1
90,90,90,100,100,100,100,100,100,100,100,100,435,1
100,100,100,110,110,110,100,100,100,90,90,90,122,1
100,100,100,90,90,90,100,100,100,96,96,96,961,1
100,100,100,110,110,110,100,100,100,100,100,100,226,2
90,90,90,100,100,100,102,102,102,100,100,100,568,1
100,100,100,100,100,100,100,100,100,94,94,94,839,1
100,100,100,110,110,110,100,100,100,110,110,110,264,2
100,100,100,90,90,90,100,100,100,110,110,110,506,2
90,90,90,100,100,100,100,100,100,100,100,100,930,1
90,90,90,100,100,100,90,90,90,100,100,100,331,2
100,100,100,90,90,90,100,100,100,104,104,104,569,2
100,100,100,90,90,90,100,100,100,90,90,90,859,1
100,100,100,100,100,100,102,102,102,100,100,100,348,1
100,100,100,100,100,100,100,100,100,94,94,94,410,1
90,90,90,100,100,100,108,108,108,100,100,100,967,1
100,100,100,100,100,100,100,100,100,100,100,100,875,1
100,100,100,100,100,100,100,100,100,104,104,104,52,2
100,100,100,90,90,90,100,100,100,92,92,92,233,1
90,90,90,100,100,100,98,98,98,100,100,100,137,2
100,100,100,100,100,100,100,100,100,100,100,100,842,2
100,100,100,100,100,100,100,100,100,106,106,106,350,2
100,100,100,100,100,100,90,90,90,100,100,100,474,2
100,100,100,100,100,100,100,100,100,96,96,96,345,1
100,100,100,90,90,90,100,100,100,108,108,108,703,2
100,100,100,100,100,100,100,100,100,102,102,102,678,2
100,100,100,110,110,110,100,100,100,92,92,92,156,1
100,100,100,100,100,100,98,98,98,100,100,100,412,2
100,100,100,90,90,90,100,100,100,98,98,98,401,1
100,100,100,100,100,100,100,100,100,100,100,100,281,2
90,90,90,100,100,100,102,102,102,100,100,100,667,1
100,100,100,90,90,90,100,100,100,104,104,104,206,2
100,100,100,100,100,100,100,100,100,100,100,100,149,1
100,100,100,90,90,90,100,100,100,96,96,96,169,1
110,110,110,100,100,100,94,94,94,100,100,100,25,2
100,100,100,90,90,90,100,100,100,94,94,94,366,1
90,90,90,100,100,100,96,96,96,100,100,100,70,2
100,100,100,100,100,100,100,100,100,104,104,104,118,2
100,100,100,100,100,100,92,92,92,100,100,100,442,2
100,100,100,100,100,100,100,100,100,94,94,94,707,1
100,100,100,100,100,100,100,100,100,110,110,110,451,2
90,90,90,100,100,100,104,104,104,100,100,100,41,1
100,100,100,90,90,90,100,100,100,94,94,94,564,1
100,100,100,100,100,100,102,102,102,100,100,100,579,1
110,110,110,100,100,100,108,108,108,100,100,100,824,1
110,110,110,100,100,100,92,92,92,100,100,100,552,2
90,90,90,100,100,100,110,110,110,100,100,100,704,1
90,90,90,100,100,100,100,100,100,100,100,100,369,1
100,100,100,100,100,100,106,106,106,100,100,100,152,1
100,100,100,100,100,100,106,106,106,100,100,100,449,1
100,100,100,100,100,100,100,100,100,102,102,102,744,2
110,110,110,100,100,100,92,92,92,100,100,100,816,2
90,90,90,100,100,100,100,100,100,100,100,100,6,1
90,90,90,100,100,100,102,102,102,100,100,100,436,1
100,100,100,90,90,90,100,100,100,94,94,94,234,1
100,100,100,110,110,110,100,100,100,94,94,94,718,1
110,110,110,100,100,100,104,104,104,100,100,100,954,1
100,100,100,110,110,110,100,100,100,98,98,98,687,1
90,90,90,100,100,100,96,96,96,100,100,100,235,2
100,100,100,90,90,90,100,100,100,100,100,100,633,2
110,110,110,100,100,100,100,100,100,100,100,100,160,1
100,100,100,110,110,110,100,100,100,104,104,104,624,2
100,100,100,100,100,100,98,98,98,100,100,100,445,2
100,100,100,110,110,110,100,100,100,100,100,100,787,2
90,90,90,100,100,100,98,98,98,100,100,100,302,2
110,110,110,100,100,100,106,106,106,100,100,100,361,1
100,100,100,90,90,90,100,100,100,108,108,108,472,2
90,90,90,100,100,100,98,98,98,100,100,100,929,2
110,110,110,100,100,100,110,110,110,100,100,100,858,1
100,100,100,100,100,100,96,96,96,100,100,100,774,2
100,100,100,100,100,100,108,108,108,100,100,100,615,1
100,100,100,100,100,100,100,100,100,106,106,106,614,2
100,100,100,110,110,110,100,100,100,98,98,98,852,1
100,100,100,90,90,90,100,100,100,92,92,92,563,1
100,100,100,110,110,110,100,100,100,100,100,100,919,2
110,110,110,100,100,100,94,94,94,100,100,100,487,2
100,100,100,110,110,110,100,100,100,100,100,100,28,2
100,100,100,110,110,110,100,100,100,94,94,94,817,1
100,100,100,110,110,110,100,100,100,106,106,106,724,2
90,90,90,100,100,100,106,106,106,100,100,100,108,1
90,90,90,100,100,100,94,94,94,100,100,100,663,2
100,100,100,110,110,110,100,100,100,102,102,102,293,2
100,100,100,90,90,90,100,100,100,102,102,102,337,2
100,100,100,110,110,110,100,100,100,94,94,94,685,1
90,90,90,100,100,100,110,110,110,100,100,100,440,1
100,100,100,110,110,110,100,100,100,94,94,94,520,1
100,100,100,110,110,110,100,100,100,90,90,90,518,1
110,110,110,100,100,100,96,96,96,100,100,100,851,2
90,90,90,100,100,100,94,94,94,100,100,100,498,2
110,110,110,100,100,100,92,92,92,100,100,100,849,2
110,110,110,100,100,100,92,92,92,100,100,100,486,2
100,100,100,110,110,110,100,100,100,102,102,102,128,2
100,100,100,110,110,110,100,100,100,100,100,100,94,2
100,100,100,110,110,110,100,100,100,104,104,104,426,2
110,110,110,100,100,100,90,90,90,100,100,100,881,2
100,100,100,100,100,100,92,92,92,100,100,100,343,2
100,100,100,100,100,100,100,100,100,90,90,90,210,1
100,100,100,90,90,90,100,100,100,98,98,98,104,1
110,110,110,100,100,100,90,90,90,100,100,100,584,2
100,100,100,110,110,110,100,100,100,106,106,106,427,2
100,100,100,100,100,100,100,100,100,90,90,90,408,1
100,100,100,110,110,110,100,100,100,94,94,94,157,1
110,110,110,100,100,100,108,108,108,100,100,100,659,1
100,100,100,100,100,100,100,100,100,106,106,106,53,2
100,100,100,110,110,110,100,100,100,110,110,110,396,2
110,110,110,100,100,100,106,106,106,100,100,100,757,1
90,90,90,100,100,100,102,102,102,100,100,100,898,1
90,90,90,100,100,100,108,108,108,100,100,100,637,1
100,100,100,100,100,100,94,94,94,100,100,100,641,2
100,100,100,110,110,110,100,100,100,98,98,98,588,1
100,100,100,110,110,110,100,100,100,104,104,104,723,2
100,100,100,110,110,110,100,100,100,90,90,90,683,1
110,110,110,100,100,100,98,98,98,100,100,100,93,2
100,100,100,110,110,110,100,100,100,100,100,100,721,2
100,100,100,100,100,100,100,100,100,96,96,96,411,1
110,110,110,100,100,100,98,98,98,100,100,100,225,2
100,100,100,100,100,100,104,104,104,100,100,100,877,1
100,100,100,90,90,90,100,100,100,92,92,92,794,1
100,100,100,100,100,100,100,100,100,106,106,106,317,2
100,100,100,100,100,100,100,100,100,90,90,90,903,1
110,110,110,100,100,100,96,96,96,100,100,100,983,2
100,100,100,90,90,90,100,100,100,96,96,96,598,1
100,100,100,100,100,100,98,98,98,100,100,100,907,2
110,110,110,100,100,100,90,90,90,100,100,100,56,2
100,100,100,100,100,100,100,100,100,100,100,100,413,2
100,100,100,110,110,110,100,100,100,90,90,90,551,1
100,100,100,100,100,100,104,104,104,100,100,100,250,1
90,90,90,100,100,100,92,92,92,100,100,100,728,2
100,100,100,100,100,100,100,100,100,104,104,104,943,2
100,100,100,100,100,100,100,100,100,90,90,90,177,1
110,110,110,100,100,100,104,104,104,100,100,100,822,1
100,100,100,90,90,90,100,100,100,96,96,96,796,1
90,90,90,100,100,100,98,98,98,100,100,100,599,2
90,90,90,100,100,100,90,90,90,100,100,100,133,2
100,100,100,110,110,110,100,100,100,100,100,100,127,2
100,100,100,100,100,100,100,100,100,108,108,108,285,2
100,100,100,110,110,110,100,100,100,90,90,90,650,1
100,100,100,100,100,100,94,94,94,100,100,100,476,2
90,90,90,100,100,100,100,100,100,100,100,100,567,1
100,100,100,100,100,100,100,100,100,100,100,100,248,2
90,90,90,100,100,100,96,96,96,100,100,100,895,2
110,110,110,100,100,100,102,102,102,100,100,100,788,1
100,100,100,110,110,110,100,100,100,96,96,96,587,1
100,100,100,110,110,110,100,100,100,90,90,90,815,1
100,100,100,100,100,100,100,100,100,102,102,102,183,2
100,100,100,110,110,110,100,100,100,92,92,92,618,1
100,100,100,100,100,100,100,100,100,92,92,92,13,1
100,100,100,90,90,90,100,100,100,100,100,100,600,2
110,110,110,100,100,100,98,98,98,100,100,100,126,2
100,100,100,100,100,100,108,108,108,100,100,100,582,1
90,90,90,100,100,100,92,92,92,100,100,100,860,2
110,110,110,100,100,100,100,100,100,100,100,100,193,1
100,100,100,90,90,90,100,100,100,90,90,90,34,1
100,100,100,110,110,110,100,100,100,98,98,98,324,1
100,100,100,100,100,100,100,100,100,100,100,100,941,1
100,100,100,90,90,90,100,100,100,96,96,96,4,1
110,110,110,100,100,100,104,104,104,100,100,100,855,1
110,110,110,100,100,100,102,102,102,100,100,100,161,1
100,100,100,100,100,100,100,100,100,94,94,94,509,1
100,100,100,110,110,110,100,100,100,104,104,104,525,2
100,100,100,110,110,110,100,100,100,102,102,102,524,2
100,100,100,100,100,100,100,100,100,94,94,94,608,1
110,110,110,100,100,100,110,110,110,100,100,100,726,1
100,100,100,110,110,110,100,100,100,92,92,92,453,1
110,110,110,100,100,100,106,106,106,100,100,100,526,1
90,90,90,100,100,100,96,96,96,100,100,100,631,2
100,100,100,100,100,100,100,100,100,110,110,110,187,2
100,100,100,110,110,110,100,100,100,96,96,96,719,1
110,110,110,100,100,100,102,102,102,100,100,100,359,1
110,110,110,100,100,100,98,98,98,100,100,100,753,2
90,90,90,100,100,100,108,108,108,100,100,100,142,1
90,90,90,100,100,100,94,94,94,100,100,100,729,2
100,100,100,100,100,100,100,100,100,110,110,110,418,2
100,100,100,100,100,100,108,108,108,100,100,100,879,1
110,110,110,100,100,100,100,100,100,100,100,100,325,1
100,100,100,100,100,100,104,104,104,100,100,100,283,1
100,100,100,100,100,100,100,100,100,108,108,108,912,2
100,100,100,110,110,110,100,100,100,92,92,92,189,1
90,90,90,100,100,100,102,102,102,100,100,100,535,1
100,100,100,90,90,90,100,100,100,94,94,94,3,1
100,100,100,110,110,110,100,100,100,108,108,108,989,2
100,100,100,110,110,110,100,100,100,96,96,96,356,1
90,90,90,100,100,100,110,110,110,100,100,100,242,1
100,100,100,100,100,100,92,92,92,100,100,100,508,2
90,90,90,100,100,100,102,102,102,100,100,100,271,1
100,100,100,90,90,90,100,100,100,90,90,90,265,1
90,90,90,100,100,100,106,106,106,100,100,100,867,1
100,100,100,100,100,100,102,102,102,100,100,100,117,1
100,100,100,110,110,110,100,100,100,102,102,102,326,2
100,100,100,100,100,100,106,106,106,100,100,100,779,1
100,100,100,90,90,90,100,100,100,90,90,90,826,1
100,100,100,90,90,90,100,100,100,90,90,90,397,1
110,110,110,100,100,100,110,110,110,100,100,100,891,1
100,100,100,100,100,100,100,100,100,94,94,94,872,1
100,100,100,110,110,110,100,100,100,92,92,92,288,1
100,100,100,100,100,100,100,100,100,100,100,100,644,1
90,90,90,100,100,100,108,108,108,100,100,100,901,1
100,100,100,90,90,90,100,100,100,94,94,94,927,1
110,110,110,100,100,100,100,100,100,100,100,100,886,1
100,100,100,90,90,90,100,100,100,92,92,92,662,1
100,100,100,110,110,110,100,100,100,92,92,92,717,1
110,110,110,100,100,100,104,104,104,100,100,100,195,1
100,100,100,110,110,110,100,100,100,102,102,102,986,2
90,90,90,100,100,100,102,102,102,100,100,100,73,1
110,110,110,100,100,100,102,102,102,100,100,100,887,1
100,100,100,90,90,90,100,100,100,90,90,90,661,1
100,100,100,110,110,110,100,100,100,100,100,100,589,2
110,110,110,100,100,100,104,104,104,100,100,100,921,1
110,110,110,100,100,100,106,106,106,100,100,100,922,1
100,100,100,100,100,100,100,100,100,100,100,100,446,1
90,90,90,100,100,100,106,106,106,100,100,100,9,1
100,100,100,90,90,90,100,100,100,100,100,100,105,2
100,100,100,100,100,100,100,100,100,108,108,108,714,2
100,100,100,100,100,100,94,94,94,100,100,100,278,2
100,100,100,90,90,90,100,100,100,90,90,90,364,1
100,100,100,110,110,110,100,100,100,90,90,90,485,1
100,100,100,100,100,100,100,100,100,110,110,110,154,2
110,110,110,100,100,100,104,104,104,100,100,100,657,1
100,100,100,110,110,110,100,100,100,90,90,90,155,1
110,110,110,100,100,100,104,104,104,100,100,100,129,1
90,90,90,100,100,100,100,100,100,100,100,100,699,1
110,110,110,100,100,100,106,106,106,100,100,100,691,1
90,90,90,100,100,100,104,104,104,100,100,100,701,1
100,100,100,100,100,100,100,100,100,108,108,108,351,2
100,100,100,110,110,110,100,100,100,102,102,102,392,2
110,110,110,100,100,100,110,110,110,100,100,100,495,1
100,100,100,100,100,100,100,100,100,98,98,98,148,1
100,100,100,100,100,100,90,90,90,100,100,100,705,2
110,110,110,100,100,100,92,92,92,100,100,100,948,2
100,100,100,110,110,110,100,100,100,110,110,110,132,2
100,100,100,90,90,90,100,100,100,110,110,110,473,2
100,100,100,100,100,100,106,106,106,100,100,100,911,1
100,100,100,90,90,90,100,100,100,100,100,100,534,2
100,100,100,100,100,100,100,100,100,98,98,98,775,1
110,110,110,100,100,100,110,110,110,100,100,100,759,1
100,100,100,90,90,90,100,100,100,102,102,102,106,2
90,90,90,100,100,100,102,102,102,100,100,100,7,1
100,100,100,100,100,100,100,100,100,98,98,98,82,1
100,100,100,100,100,100,100,100,100,98,98,98,940,1
100,100,100,90,90,90,100,100,100,110,110,110,407,2
90,90,90,100,100,100,104,104,104,100,100,100,635,1
90,90,90,100,100,100,106,106,106,100,100,100,933,1
110,110,110,100,100,100,104,104,104,100,100,100,591,1
100,100,100,90,90,90,100,100,100,106,106,106,306,2
90,90,90,100,100,100,98,98,98,100,100,100,38,2
110,110,110,100,100,100,108,108,108,100,100,100,362,1
100,100,100,110,110,110,100,100,100,94,94,94,784,1
100,100,100,100,100,100,100,100,100,90,90,90,276,1
110,110,110,100,100,100,98,98,98,100,100,100,555,2
110,110,110,100,100,100,98,98,98,100,100,100,423,2
100,100,100,90,90,90,100,100,100,108,108,108,373,2
100,100,100,110,110,110,100,100,100,106,106,106,295,2
100,100,100,90,90,90,100,100,100,104,104,104,107,2
100,100,100,100,100,100,100,100,100,94,94,94,542,1
100,100,100,100,100,100,100,100,100,98,98,98,808,1
110,110,110,100,100,100,108,108,108,100,100,100,923,1
100,100,100,90,90,90,100,100,100,96,96,96,862,1
100,100,100,100,100,100,100,100,100,96,96,96,246,1
100,100,100,100,100,100,96,96,96,100,100,100,444,2
100,100,100,90,90,90,100,100,100,96,96,96,301,1
100,100,100,100,100,100,100,100,100,100,100,100,809,1
100,100,100,90,90,90,100,100,100,90,90,90,463,1
100,100,100,100,100,100,100,100,100,110,110,110,22,2
100,100,100,90,90,90,100,100,100,98,98,98,764,1
90,90,90,100,100,100,94,94,94,100,100,100,894,2
100,100,100,100,100,100,108,108,108,100,100,100,516,1
90,90,90,100,100,100,110,110,110,100,100,100,770,1
100,100,100,100,100,100,100,100,100,108,108,108,747,2
100,100,100,100,100,100,110,110,110,100,100,100,880,1
100,100,100,90,90,90,100,100,100,102,102,102,799,2
100,100,100,100,100,100,100,100,100,90,90,90,738,1
100,100,100,100,100,100,100,100,100,110,110,110,814,2
100,100,100,90,90,90,100,100,100,110,110,110,77,2
100,100,100,100,100,100,102,102,102,100,100,100,18,1
110,110,110,100,100,100,98,98,98,100,100,100,621,2
100,100,100,90,90,90,100,100,100,110,110,110,341,2
100,100,100,100,100,100,100,100,100,104,104,104,778,2
90,90,90,100,100,100,104,104,104,100,100,100,470,1
90,90,90,100,100,100,108,108,108,100,100,100,340,1
100,100,100,110,110,110,100,100,100,108,108,108,65,2
90,90,90,100,100,100,106,106,106,100,100,100,438,1
100,100,100,90,90,90,100,100,100,94,94,94,465,1
100,100,100,100,100,100,100,100,100,96,96,96,576,1
90,90,90,100,100,100,108,108,108,100,100,100,208,1
100,100,100,90,90,90,100,100,100,94,94,94,333,1
100,100,100,100,100,100,100,100,100,102,102,102,414,2
110,110,110,100,100,100,100,100,100,100,100,100,622,1
100,100,100,100,100,100,110,110,110,100,100,100,583,1
100,100,100,100,100,100,106,106,106,100,100,100,218,1
90,90,90,100,100,100,94,94,94,100,100,100,861,2
100,100,100,100,100,100,100,100,100,90,90,90,45,1
100,100,100,100,100,100,100,100,100,106,106,106,119,2
90,90,90,100,100,100,92,92,92,100,100,100,926,2
100,100,100,100,100,100,100,100,100,106,106,106,383,2
90,90,90,100,100,100,102,102,102,100,100,100,469,1
100,100,100,100,100,100,108,108,108,100,100,100,978,1
90,90,90,100,100,100,104,104,104,100,100,100,503,1
100,100,100,100,100,100,100,100,100,100,100,100,776,1
110,110,110,100,100,100,98,98,98,100,100,100,489,2
100,100,100,90,90,90,100,100,100,92,92,92,134,1
90,90,90,100,100,100,92,92,92,100,100,100,101,2
100,100,100,110,110,110,100,100,100,96,96,96,752,1
100,100,100,100,100,100,98,98,98,100,100,100,742,2
100,100,100,100,100,100,102,102,102,100,100,100,381,1
100,100,100,90,90,90,100,100,100,110,110,110,143,2
90,90,90,100,100,100,96,96,96,100,100,100,565,2
90,90,90,100,100,100,106,106,106,100,100,100,471,1
100,100,100,100,100,100,100,100,100,100,100,100,611,2
100,100,100,110,110,110,100,100,100,90,90,90,287,1
90,90,90,100,100,100,108,108,108,100,100,100,43,1
90,90,90,100,100,100,96,96,96,100,100,100,829,2
100,100,100,90,90,90,100,100,100,102,102,102,700,2
100,100,100,110,110,110,100,100,100,90,90,90,320,1
100,100,100,100,100,100,100,100,100,94,94,94,344,1
110,110,110,100,100,100,102,102,102,100,100,100,953,1
110,110,110,100,100,100,102,102,102,100,100,100,854,1
100,100,100,100,100,100,104,104,104,100,100,100,514,1
100,100,100,100,100,100,100,100,100,100,100,100,710,2
110,110,110,100,100,100,106,106,106,100,100,100,394,1
90,90,90,100,100,100,102,102,102,100,100,100,370,1
100,100,100,90,90,90,100,100,100,106,106,106,735,2
90,90,90,100,100,100,106,106,106,100,100,100,900,1
100,100,100,90,90,90,100,100,100,94,94,94,630,1
