70,70,70,70,70,70,70,70,70,76,76,76,152,2
70,70,70,70,70,70,70,70,70,70,70,70,17,1
60,60,60,70,70,70,72,72,72,70,70,70,700,1
70,70,70,70,70,70,70,70,70,62,62,62,640,1
70,70,70,70,70,70,70,70,70,72,72,72,876,2
70,70,70,80,80,80,70,70,70,76,76,76,526,2
80,80,80,70,70,70,66,66,66,70,70,70,818,2
60,60,60,70,70,70,64,64,64,70,70,70,498,2
70,70,70,70,70,70,70,70,70,68,68,68,874,1
70,70,70,60,60,60,70,70,70,70,70,70,468,2
60,60,60,70,70,70,76,76,76,70,70,70,108,1
60,60,60,70,70,70,66,66,66,70,70,70,367,2
70,70,70,70,70,70,70,70,70,70,70,70,182,1
70,70,70,80,80,80,70,70,70,70,70,70,457,2
60,60,60,70,70,70,64,64,64,70,70,70,828,2
70,70,70,70,70,70,70,70,70,64,64,64,410,1
70,70,70,70,70,70,70,70,70,60,60,60,243,1
70,70,70,80,80,80,70,70,70,62,62,62,849,1
70,70,70,70,70,70,70,70,70,76,76,76,581,2
70,70,70,70,70,70,76,76,76,70,70,70,86,1
70,70,70,80,80,80,70,70,70,78,78,78,428,2
80,80,80,70,70,70,60,60,60,70,70,70,914,2
70,70,70,70,70,70,70,70,70,70,70,70,776,2
80,80,80,70,70,70,66,66,66,70,70,70,851,2
70,70,70,70,70,70,80,80,80,70,70,70,319,1
70,70,70,80,80,80,70,70,70,74,74,74,63,2
70,70,70,60,60,60,70,70,70,60,60,60,595,1
70,70,70,60,60,60,70,70,70,62,62,62,398,1
70,70,70,70,70,70,74,74,74,70,70,70,745,1
70,70,70,70,70,70,70,70,70,70,70,70,50,2
70,70,70,70,70,70,70,70,70,70,70,70,83,2
60,60,60,70,70,70,72,72,72,70,70,70,205,1
70,70,70,80,80,80,70,70,70,64,64,64,157,1
60,60,60,70,70,70,76,76,76,70,70,70,306,1
70,70,70,60,60,60,70,70,70,62,62,62,431,1
70,70,70,70,70,70,78,78,78,70,70,70,615,1
70,70,70,70,70,70,66,66,66,70,70,70,807,2
70,70,70,70,70,70,70,70,70,66,66,66,378,1
70,70,70,70,70,70,72,72,72,70,70,70,381,1
70,70,70,70,70,70,76,76,76,70,70,70,713,1
70,70,70,70,70,70,62,62,62,70,70,70,376,2
70,70,70,60,60,60,70,70,70,70,70,70,798,2
60,60,60,70,70,70,68,68,68,70,70,70,533,2
70,70,70,70,70,70,70,70,70,70,70,70,413,1
70,70,70,70,70,70,78,78,78,70,70,70,813,1
80,80,80,70,70,70,64,64,64,70,70,70,982,2
70,70,70,80,80,80,70,70,70,68,68,68,819,1
80,80,80,70,70,70,62,62,62,70,70,70,651,2
80,80,80,70,70,70,80,80,80,70,70,70,462,1
70,70,70,70,70,70,76,76,76,70,70,70,20,1
70,70,70,70,70,70,76,76,76,70,70,70,251,1
60,60,60,70,70,70,62,62,62,70,70,70,167,2
70,70,70,70,70,70,78,78,78,70,70,70,87,1
70,70,70,70,70,70,70,70,70,62,62,62,739,1
70,70,70,70,70,70,70,70,70,74,74,74,976,2
70,70,70,80,80,80,70,70,70,64,64,64,883,1
70,70,70,70,70,70,70,70,70,80,80,80,385,2
70,70,70,70,70,70,70,70,70,62,62,62,673,1
60,60,60,70,70,70,70,70,70,70,70,70,6,1
60,60,60,70,70,70,60,60,60,70,70,70,463,2
80,80,80,70,70,70,70,70,70,70,70,70,226,1
60,60,60,70,70,70,80,80,80,70,70,70,605,1
70,70,70,60,60,60,70,70,70,72,72,72,7,2
70,70,70,60,60,60,70,70,70,64,64,64,465,1
60,60,60,70,70,70,68,68,68,70,70,70,401,2
70,70,70,70,70,70,78,78,78,70,70,70,450,1
70,70,70,70,70,70,66,66,66,70,70,70,477,2
70,70,70,60,60,60,70,70,70,64,64,64,960,1
70,70,70,70,70,70,60,60,60,70,70,70,936,2
70,70,70,80,80,80,70,70,70,66,66,66,686,1
80,80,80,70,70,70,66,66,66,70,70,70,950,2
70,70,70,60,60,60,70,70,70,62,62,62,563,1
70,70,70,80,80,80,70,70,70,68,68,68,489,1
60,60,60,70,70,70,64,64,64,70,70,70,300,2
80,80,80,70,70,70,68,68,68,70,70,70,522,2
60,60,60,70,70,70,60,60,60,70,70,70,397,2
70,70,70,70,70,70,60,60,60,70,70,70,177,2
70,70,70,70,70,70,80,80,80,70,70,70,979,1
70,70,70,70,70,70,70,70,70,76,76,76,647,2
60,60,60,70,70,70,72,72,72,70,70,70,370,1
60,60,60,70,70,70,68,68,68,70,70,70,632,2
70,70,70,60,60,60,70,70,70,72,72,72,931,2
70,70,70,60,60,60,70,70,70,80,80,80,572,2
60,60,60,70,70,70,70,70,70,70,70,70,105,1
60,60,60,70,70,70,68,68,68,70,70,70,434,2
60,60,60,70,70,70,72,72,72,70,70,70,271,1
70,70,70,60,60,60,70,70,70,80,80,80,737,2
70,70,70,70,70,70,66,66,66,70,70,70,114,2
70,70,70,60,60,60,70,70,70,60,60,60,100,1
70,70,70,70,70,70,70,70,70,78,78,78,582,2
80,80,80,70,70,70,64,64,64,70,70,70,256,2
60,60,60,70,70,70,64,64,64,70,70,70,69,2
70,70,70,70,70,70,78,78,78,70,70,70,747,1
70,70,70,80,80,80,70,70,70,72,72,72,854,2
80,80,80,70,70,70,60,60,60,70,70,70,683,2
80,80,80,70,70,70,78,78,78,70,70,70,395,1
70,70,70,60,60,60,70,70,70,76,76,76,636,2
70,70,70,80,80,80,70,70,70,66,66,66,290,1
80,80,80,70,70,70,62,62,62,70,70,70,57,2
70,70,70,80,80,80,70,70,70,72,72,72,887,2
80,80,80,70,70,70,78,78,78,70,70,70,98,1
60,60,60,70,70,70,62,62,62,70,70,70,35,2
60,60,60,70,70,70,66,66,66,70,70,70,37,2
80,80,80,70,70,70,76,76,76,70,70,70,427,1
70,70,70,80,80,80,70,70,70,64,64,64,619,1
60,60,60,70,70,70,70,70,70,70,70,70,501,1
80,80,80,70,70,70,66,66,66,70,70,70,356,2
70,70,70,70,70,70,70,70,70,80,80,80,946,2
70,70,70,80,80,80,70,70,70,70,70,70,193,2
70,70,70,70,70,70,70,70,70,74,74,74,184,2
70,70,70,60,60,60,70,70,70,72,72,72,238,2
70,70,70,60,60,60,70,70,70,60,60,60,133,1
60,60,60,70,70,70,66,66,66,70,70,70,862,2
70,70,70,80,80,80,70,70,70,72,72,72,788,2
60,60,60,70,70,70,68,68,68,70,70,70,467,2
70,70,70,70,70,70,80,80,80,70,70,70,220,1
70,70,70,70,70,70,80,80,80,70,70,70,253,1
70,70,70,70,70,70,64,64,64,70,70,70,509,2
70,70,70,80,80,80,70,70,70,72,72,72,392,2
80,80,80,70,70,70,72,72,72,70,70,70,755,1
70,70,70,60,60,60,70,70,70,68,68,68,269,1
70,70,70,70,70,70,70,70,70,70,70,70,842,1
60,60,60,70,70,70,80,80,80,70,70,70,836,1
70,70,70,60,60,60,70,70,70,78,78,78,142,2
60,60,60,70,70,70,62,62,62,70,70,70,134,2
70,70,70,70,70,70,64,64,64,70,70,70,740,2
70,70,70,70,70,70,70,70,70,74,74,74,283,2
70,70,70,70,70,70,80,80,80,70,70,70,88,1
70,70,70,70,70,70,70,70,70,80,80,80,22,2
80,80,80,70,70,70,70,70,70,70,70,70,391,1
70,70,70,60,60,60,70,70,70,70,70,70,633,2
80,80,80,70,70,70,74,74,74,70,70,70,195,1
60,60,60,70,70,70,76,76,76,70,70,70,42,1
70,70,70,60,60,60,70,70,70,60,60,60,67,1
70,70,70,60,60,60,70,70,70,76,76,76,966,2
70,70,70,70,70,70,70,70,70,68,68,68,973,1
70,70,70,60,60,60,70,70,70,78,78,78,76,2
70,70,70,60,60,60,70,70,70,70,70,70,831,2
70,70,70,60,60,60,70,70,70,70,70,70,204,2
80,80,80,70,70,70,60,60,60,70,70,70,122,2
70,70,70,80,80,80,70,70,70,66,66,66,554,1
80,80,80,70,70,70,72,72,72,70,70,70,293,1
80,80,80,70,70,70,72,72,72,70,70,70,326,1
80,80,80,70,70,70,60,60,60,70,70,70,23,2
70,70,70,80,80,80,70,70,70,64,64,64,487,1
70,70,70,70,70,70,70,70,70,70,70,70,743,1
80,80,80,70,70,70,76,76,76,70,70,70,493,1
70,70,70,70,70,70,80,80,80,70,70,70,781,1
70,70,70,80,80,80,70,70,70,68,68,68,951,1
70,70,70,80,80,80,70,70,70,78,78,78,164,2
70,70,70,60,60,60,70,70,70,60,60,60,859,1
70,70,70,70,70,70,78,78,78,70,70,70,648,1
70,70,70,70,70,70,70,70,70,72,72,72,480,2
70,70,70,70,70,70,80,80,80,70,70,70,418,1
70,70,70,70,70,70,72,72,72,70,70,70,942,1
70,70,70,60,60,60,70,70,70,80,80,80,407,2
70,70,70,70,70,70,70,70,70,76,76,76,779,2
80,80,80,70,70,70,80,80,80,70,70,70,99,1
70,70,70,60,60,60,70,70,70,72,72,72,733,2
70,70,70,70,70,70,70,70,70,62,62,62,805,1
70,70,70,70,70,70,70,70,70,60,60,60,837,1
80,80,80,70,70,70,74,74,74,70,70,70,228,1
70,70,70,70,70,70,64,64,64,70,70,70,608,2
70,70,70,70,70,70,74,74,74,70,70,70,547,1
70,70,70,70,70,70,70,70,70,76,76,76,185,2
70,70,70,70,70,70,74,74,74,70,70,70,646,1
70,70,70,60,60,60,70,70,70,74,74,74,866,2
70,70,70,80,80,80,70,70,70,68,68,68,192,1
70,70,70,70,70,70,70,70,70,64,64,64,806,1
70,70,70,70,70,70,70,70,70,66,66,66,444,1
70,70,70,70,70,70,70,70,70,74,74,74,217,2
70,70,70,70,70,70,68,68,68,70,70,70,346,2
70,70,70,70,70,70,72,72,72,70,70,70,315,1
70,70,70,60,60,60,70,70,70,66,66,66,961,1
60,60,60,70,70,70,70,70,70,70,70,70,303,1
70,70,70,70,70,70,60,60,60,70,70,70,573,2
60,60,60,70,70,70,62,62,62,70,70,70,332,2
70,70,70,60,60,60,70,70,70,62,62,62,200,1
60,60,60,70,70,70,74,74,74,70,70,70,932,1
80,80,80,70,70,70,62,62,62,70,70,70,585,2
70,70,70,80,80,80,70,70,70,68,68,68,159,1
70,70,70,60,60,60,70,70,70,66,66,66,235,1
70,70,70,60,60,60,70,70,70,76,76,76,372,2
70,70,70,80,80,80,70,70,70,64,64,64,718,1
70,70,70,60,60,60,70,70,70,72,72,72,106,2
60,60,60,70,70,70,70,70,70,70,70,70,39,1
80,80,80,70,70,70,62,62,62,70,70,70,222,2
60,60,60,70,70,70,74,74,74,70,70,70,503,1
70,70,70,70,70,70,62,62,62,70,70,70,79,2
60,60,60,70,70,70,66,66,66,70,70,70,301,2
60,60,60,70,70,70,66,66,66,70,70,70,664,2
60,60,60,70,70,70,80,80,80,70,70,70,374,1
60,60,60,70,70,70,62,62,62,70,70,70,959,2
70,70,70,80,80,80,70,70,70,80,80,80,33,2
70,70,70,70,70,70,78,78,78,70,70,70,384,1
70,70,70,70,70,70,72,72,72,70,70,70,150,1
80,80,80,70,70,70,68,68,68,70,70,70,291,2
60,60,60,70,70,70,64,64,64,70,70,70,201,2
70,70,70,80,80,80,70,70,70,70,70,70,952,2
70,70,70,70,70,70,70,70,70,80,80,80,880,2
70,70,70,60,60,60,70,70,70,62,62,62,266,1
70,70,70,70,70,70,70,70,70,74,74,74,415,2
70,70,70,70,70,70,70,70,70,76,76,76,746,2
70,70,70,70,70,70,80,80,80,70,70,70,748,1
70,70,70,70,70,70,66,66,66,70,70,70,906,2
70,70,70,70,70,70,66,66,66,70,70,70,312,2
70,70,70,70,70,70,72,72,72,70,70,70,51,1
80,80,80,70,70,70,60,60,60,70,70,70,881,2
70,70,70,70,70,70,70,70,70,74,74,74,778,2
60,60,60,70,70,70,70,70,70,70,70,70,567,1
70,70,70,80,80,80,70,70,70,80,80,80,528,2
70,70,70,60,60,60,70,70,70,74,74,74,701,2
60,60,60,70,70,70,76,76,76,70,70,70,834,1
60,60,60,70,70,70,60,60,60,70,70,70,694,2
70,70,70,70,70,70,70,70,70,64,64,64,245,1
80,80,80,70,70,70,72,72,72,70,70,70,29,1
70,70,70,70,70,70,70,70,70,80,80,80,451,2
70,70,70,60,60,60,70,70,70,60,60,60,826,1
70,70,70,70,70,70,76,76,76,70,70,70,383,1
70,70,70,60,60,60,70,70,70,72,72,72,403,2
70,70,70,80,80,80,70,70,70,76,76,76,31,2
70,70,70,70,70,70,70,70,70,62,62,62,904,1
80,80,80,70,70,70,70,70,70,70,70,70,61,1
80,80,80,70,70,70,66,66,66,70,70,70,884,2
70,70,70,60,60,60,70,70,70,76,76,76,669,2
60,60,60,70,70,70,80,80,80,70,70,70,704,1
60,60,60,70,70,70,68,68,68,70,70,70,500,2
60,60,60,70,70,70,74,74,74,70,70,70,8,1
70,70,70,80,80,80,70,70,70,62,62,62,354,1
80,80,80,70,70,70,66,66,66,70,70,70,752,2
70,70,70,80,80,80,70,70,70,78,78,78,461,2
70,70,70,70,70,70,60,60,60,70,70,70,606,2
80,80,80,70,70,70,78,78,78,70,70,70,263,1
70,70,70,70,70,70,72,72,72,70,70,70,546,1
70,70,70,70,70,70,70,70,70,74,74,74,943,2
60,60,60,70,70,70,70,70,70,70,70,70,72,1
80,80,80,70,70,70,76,76,76,70,70,70,130,1
70,70,70,70,70,70,70,70,70,74,74,74,85,2
60,60,60,70,70,70,70,70,70,70,70,70,699,1
70,70,70,80,80,80,70,70,70,78,78,78,527,2
60,60,60,70,70,70,76,76,76,70,70,70,471,1
80,80,80,70,70,70,76,76,76,70,70,70,262,1
80,80,80,70,70,70,72,72,72,70,70,70,491,1
70,70,70,70,70,70,70,70,70,60,60,60,441,1
70,70,70,80,80,80,70,70,70,70,70,70,589,2
70,70,70,70,70,70,70,70,70,74,74,74,316,2
70,70,70,80,80,80,70,70,70,74,74,74,954,2
80,80,80,70,70,70,74,74,74,70,70,70,327,1
80,80,80,70,70,70,60,60,60,70,70,70,353,2
70,70,70,60,60,60,70,70,70,62,62,62,926,1
70,70,70,60,60,60,70,70,70,72,72,72,898,2
60,60,60,70,70,70,78,78,78,70,70,70,373,1
60,60,60,70,70,70,80,80,80,70,70,70,473,1
80,80,80,70,70,70,80,80,80,70,70,70,264,1
80,80,80,70,70,70,60,60,60,70,70,70,419,2
70,70,70,60,60,60,70,70,70,70,70,70,930,2
70,70,70,60,60,60,70,70,70,70,70,70,402,2
70,70,70,70,70,70,70,70,70,64,64,64,674,1
70,70,70,80,80,80,70,70,70,78,78,78,593,2
60,60,60,70,70,70,80,80,80,70,70,70,506,1
80,80,80,70,70,70,60,60,60,70,70,70,551,2
70,70,70,60,60,60,70,70,70,68,68,68,104,1
70,70,70,70,70,70,70,70,70,76,76,76,53,2
70,70,70,70,70,70,70,70,70,70,70,70,644,1
70,70,70,70,70,70,60,60,60,70,70,70,12,2
60,60,60,70,70,70,62,62,62,70,70,70,761,2
70,70,70,70,70,70,70,70,70,66,66,66,972,1
70,70,70,60,60,60,70,70,70,76,76,76,273,2
70,70,70,70,70,70,70,70,70,72,72,72,579,2
70,70,70,80,80,80,70,70,70,76,76,76,559,2
80,80,80,70,70,70,68,68,68,70,70,70,753,2
70,70,70,60,60,60,70,70,70,80,80,80,935,2
60,60,60,70,70,70,76,76,76,70,70,70,9,1
70,70,70,70,70,70,78,78,78,70,70,70,285,1
80,80,80,70,70,70,64,64,64,70,70,70,916,2
70,70,70,80,80,80,70,70,70,74,74,74,525,2
70,70,70,70,70,70,74,74,74,70,70,70,844,1
70,70,70,60,60,60,70,70,70,80,80,80,869,2
70,70,70,60,60,60,70,70,70,64,64,64,267,1
70,70,70,70,70,70,70,70,70,74,74,74,811,2
60,60,60,70,70,70,64,64,64,70,70,70,3,2
70,70,70,70,70,70,70,70,70,68,68,68,247,1
70,70,70,70,70,70,70,70,70,60,60,60,969,1
70,70,70,70,70,70,80,80,80,70,70,70,352,1
70,70,70,80,80,80,70,70,70,68,68,68,324,1
80,80,80,70,70,70,78,78,78,70,70,70,32,1
80,80,80,70,70,70,66,66,66,70,70,70,191,2
70,70,70,70,70,70,74,74,74,70,70,70,448,1
70,70,70,70,70,70,78,78,78,70,70,70,516,1
60,60,60,70,70,70,62,62,62,70,70,70,2,2
70,70,70,60,60,60,70,70,70,72,72,72,436,2
70,70,70,70,70,70,70,70,70,70,70,70,149,1
60,60,60,70,70,70,60,60,60,70,70,70,298,2
70,70,70,70,70,70,70,70,70,60,60,60,474,1
70,70,70,80,80,80,70,70,70,62,62,62,24,1
80,80,80,70,70,70,60,60,60,70,70,70,320,2
70,70,70,80,80,80,70,70,70,72,72,72,623,2
80,80,80,70,70,70,64,64,64,70,70,70,553,2
60,60,60,70,70,70,68,68,68,70,70,70,5,2
70,70,70,70,70,70,70,70,70,78,78,78,879,2
70,70,70,70,70,70,74,74,74,70,70,70,481,1
80,80,80,70,70,70,78,78,78,70,70,70,362,1
60,60,60,70,70,70,68,68,68,70,70,70,137,2
70,70,70,70,70,70,70,70,70,76,76,76,284,2
70,70,70,70,70,70,70,70,70,60,60,60,705,1
70,70,70,80,80,80,70,70,70,64,64,64,652,1
80,80,80,70,70,70,68,68,68,70,70,70,654,2
70,70,70,70,70,70,70,70,70,68,68,68,709,1
70,70,70,70,70,70,64,64,64,70,70,70,113,2
80,80,80,70,70,70,80,80,80,70,70,70,957,1
70,70,70,60,60,60,70,70,70,80,80,80,308,2
80,80,80,70,70,70,70,70,70,70,70,70,787,1
70,70,70,60,60,60,70,70,70,78,78,78,802,2
70,70,70,70,70,70,70,70,70,68,68,68,181,1
80,80,80,70,70,70,66,66,66,70,70,70,257,2
60,60,60,70,70,70,60,60,60,70,70,70,34,2
70,70,70,70,70,70,70,70,70,60,60,60,540,1
70,70,70,80,80,80,70,70,70,70,70,70,556,2
70,70,70,60,60,60,70,70,70,74,74,74,371,2
70,70,70,80,80,80,70,70,70,68,68,68,918,1
60,60,60,70,70,70,62,62,62,70,70,70,530,2
70,70,70,70,70,70,70,70,70,70,70,70,116,1
60,60,60,70,70,70,60,60,60,70,70,70,1,2
70,70,70,70,70,70,70,70,70,70,70,70,941,1
70,70,70,70,70,70,70,70,70,62,62,62,541,1
60,60,60,70,70,70,68,68,68,70,70,70,302,2
60,60,60,70,70,70,78,78,78,70,70,70,604,1
70,70,70,60,60,60,70,70,70,62,62,62,68,1
70,70,70,70,70,70,70,70,70,64,64,64,47,1
60,60,60,70,70,70,78,78,78,70,70,70,307,1
70,70,70,70,70,70,60,60,60,70,70,70,375,2
70,70,70,70,70,70,70,70,70,68,68,68,544,1
80,80,80,70,70,70,60,60,60,70,70,70,848,2
60,60,60,70,70,70,62,62,62,70,70,70,893,2
70,70,70,70,70,70,70,70,70,66,66,66,81,1
70,70,70,80,80,80,70,70,70,70,70,70,358,2
70,70,70,70,70,70,68,68,68,70,70,70,775,2
70,70,70,70,70,70,70,70,70,62,62,62,46,1
70,70,70,70,70,70,70,70,70,62,62,62,310,1
80,80,80,70,70,70,62,62,62,70,70,70,189,2
60,60,60,70,70,70,66,66,66,70,70,70,829,2
70,70,70,60,60,60,70,70,70,78,78,78,703,2
80,80,80,70,70,70,62,62,62,70,70,70,519,2
70,70,70,70,70,70,70,70,70,60,60,60,408,1
60,60,60,70,70,70,68,68,68,70,70,70,170,2
70,70,70,70,70,70,70,70,70,80,80,80,55,2
70,70,70,80,80,80,70,70,70,76,76,76,97,2
70,70,70,60,60,60,70,70,70,66,66,66,895,1
80,80,80,70,70,70,78,78,78,70,70,70,725,1
80,80,80,70,70,70,80,80,80,70,70,70,825,1
70,70,70,70,70,70,64,64,64,70,70,70,377,2
70,70,70,60,60,60,70,70,70,74,74,74,800,2
80,80,80,70,70,70,62,62,62,70,70,70,717,2
60,60,60,70,70,70,64,64,64,70,70,70,729,2
70,70,70,80,80,80,70,70,70,60,60,60,287,1
70,70,70,60,60,60,70,70,70,74,74,74,536,2
60,60,60,70,70,70,80,80,80,70,70,70,539,1
80,80,80,70,70,70,78,78,78,70,70,70,329,1
70,70,70,70,70,70,70,70,70,70,70,70,281,1
60,60,60,70,70,70,64,64,64,70,70,70,894,2
80,80,80,70,70,70,72,72,72,70,70,70,161,1
70,70,70,80,80,80,70,70,70,68,68,68,456,1
60,60,60,70,70,70,60,60,60,70,70,70,628,2
70,70,70,70,70,70,70,70,70,80,80,80,187,2
70,70,70,60,60,60,70,70,70,68,68,68,863,1
60,60,60,70,70,70,62,62,62,70,70,70,233,2
70,70,70,80,80,80,70,70,70,60,60,60,188,1
80,80,80,70,70,70,66,66,66,70,70,70,917,2
70,70,70,70,70,70,78,78,78,70,70,70,54,1
70,70,70,80,80,80,70,70,70,74,74,74,822,2
70,70,70,80,80,80,70,70,70,72,72,72,458,2
60,60,60,70,70,70,76,76,76,70,70,70,141,1
80,80,80,70,70,70,74,74,74,70,70,70,855,1
70,70,70,70,70,70,70,70,70,78,78,78,912,2
80,80,80,70,70,70,60,60,60,70,70,70,584,2
60,60,60,70,70,70,64,64,64,70,70,70,333,2
60,60,60,70,70,70,62,62,62,70,70,70,596,2
70,70,70,60,60,60,70,70,70,72,72,72,535,2
70,70,70,70,70,70,70,70,70,68,68,68,412,1
70,70,70,60,60,60,70,70,70,66,66,66,4,1
70,70,70,70,70,70,62,62,62,70,70,70,13,2
60,60,60,70,70,70,62,62,62,70,70,70,794,2
60,60,60,70,70,70,80,80,80,70,70,70,902,1
70,70,70,60,60,60,70,70,70,70,70,70,138,2
80,80,80,70,70,70,66,66,66,70,70,70,158,2
70,70,70,70,70,70,70,70,70,76,76,76,218,2
70,70,70,60,60,60,70,70,70,78,78,78,109,2
60,60,60,70,70,70,76,76,76,70,70,70,933,1
70,70,70,70,70,70,80,80,80,70,70,70,286,1
70,70,70,60,60,60,70,70,70,62,62,62,728,1
70,70,70,70,70,70,72,72,72,70,70,70,117,1
80,80,80,70,70,70,78,78,78,70,70,70,890,1
60,60,60,70,70,70,60,60,60,70,70,70,727,2
70,70,70,80,80,80,70,70,70,62,62,62,420,1
70,70,70,70,70,70,70,70,70,68,68,68,511,1
70,70,70,80,80,80,70,70,70,76,76,76,394,2
80,80,80,70,70,70,76,76,76,70,70,70,724,1
60,60,60,70,70,70,62,62,62,70,70,70,860,2
70,70,70,80,80,80,70,70,70,78,78,78,197,2
60,60,60,70,70,70,64,64,64,70,70,70,795,2
80,80,80,70,70,70,80,80,80,70,70,70,660,1
70,70,70,70,70,70,80,80,80,70,70,70,913,1
60,60,60,70,70,70,66,66,66,70,70,70,796,2
60,60,60,70,70,70,80,80,80,70,70,70,110,1
70,70,70,80,80,80,70,70,70,80,80,80,924,2
70,70,70,60,60,60,70,70,70,66,66,66,466,1
70,70,70,70,70,70,70,70,70,72,72,72,777,2
70,70,70,60,60,60,70,70,70,66,66,66,400,1
60,60,60,70,70,70,64,64,64,70,70,70,234,2
70,70,70,70,70,70,70,70,70,74,74,74,19,2
70,70,70,60,60,60,70,70,70,66,66,66,70,1
80,80,80,70,70,70,62,62,62,70,70,70,618,2
70,70,70,70,70,70,74,74,74,70,70,70,250,1
70,70,70,80,80,80,70,70,70,68,68,68,885,1
60,60,60,70,70,70,80,80,80,70,70,70,341,1
70,70,70,80,80,80,70,70,70,68,68,68,687,1
70,70,70,60,60,60,70,70,70,60,60,60,430,1
60,60,60,70,70,70,74,74,74,70,70,70,404,1
80,80,80,70,70,70,80,80,80,70,70,70,66,1
70,70,70,70,70,70,66,66,66,70,70,70,48,2
70,70,70,60,60,60,70,70,70,64,64,64,102,1
70,70,70,60,60,60,70,70,70,68,68,68,665,1
70,70,70,60,60,60,70,70,70,78,78,78,439,2
70,70,70,70,70,70,70,70,70,80,80,80,583,2
70,70,70,60,60,60,70,70,70,78,78,78,736,2
70,70,70,70,70,70,70,70,70,62,62,62,937,1
70,70,70,70,70,70,70,70,70,78,78,78,186,2
70,70,70,60,60,60,70,70,70,72,72,72,667,2
70,70,70,70,70,70,70,70,70,76,76,76,614,2
70,70,70,80,80,80,70,70,70,74,74,74,558,2
70,70,70,60,60,60,70,70,70,80,80,80,275,2
70,70,70,60,60,60,70,70,70,72,72,72,964,2
70,70,70,70,70,70,62,62,62,70,70,70,475,2
70,70,70,70,70,70,64,64,64,70,70,70,278,2
70,70,70,70,70,70,70,70,70,60,60,60,639,1
60,60,60,70,70,70,60,60,60,70,70,70,661,2
70,70,70,70,70,70,80,80,80,70,70,70,616,1
70,70,70,80,80,80,70,70,70,62,62,62,783,1
70,70,70,70,70,70,78,78,78,70,70,70,153,1
60,60,60,70,70,70,74,74,74,70,70,70,74,1
70,70,70,60,60,60,70,70,70,78,78,78,571,2
60,60,60,70,70,70,70,70,70,70,70,70,237,1
60,60,60,70,70,70,76,76,76,70,70,70,339,1
70,70,70,60,60,60,70,70,70,66,66,66,598,1
70,70,70,70,70,70,70,70,70,66,66,66,675,1
70,70,70,60,60,60,70,70,70,68,68,68,698,1
70,70,70,70,70,70,74,74,74,70,70,70,910,1
70,70,70,70,70,70,76,76,76,70,70,70,812,1
70,70,70,60,60,60,70,70,70,66,66,66,268,1
70,70,70,60,60,60,70,70,70,76,76,76,768,2
70,70,70,70,70,70,68,68,68,70,70,70,676,2
60,60,60,70,70,70,62,62,62,70,70,70,695,2
70,70,70,70,70,70,74,74,74,70,70,70,52,1
70,70,70,70,70,70,62,62,62,70,70,70,409,2
70,70,70,60,60,60,70,70,70,78,78,78,538,2
70,70,70,80,80,80,70,70,70,74,74,74,789,2
70,70,70,60,60,60,70,70,70,80,80,80,11,2
70,70,70,80,80,80,70,70,70,68,68,68,984,1
70,70,70,80,80,80,70,70,70,74,74,74,690,2
70,70,70,70,70,70,66,66,66,70,70,70,609,2
70,70,70,60,60,60,70,70,70,72,72,72,139,2
80,80,80,70,70,70,80,80,80,70,70,70,132,1
70,70,70,70,70,70,64,64,64,70,70,70,179,2
70,70,70,70,70,70,80,80,80,70,70,70,550,1
70,70,70,70,70,70,62,62,62,70,70,70,244,2
80,80,80,70,70,70,80,80,80,70,70,70,858,1
80,80,80,70,70,70,74,74,74,70,70,70,888,1
70,70,70,70,70,70,78,78,78,70,70,70,945,1
70,70,70,60,60,60,70,70,70,70,70,70,435,2
70,70,70,80,80,80,70,70,70,72,72,72,722,2
80,80,80,70,70,70,64,64,64,70,70,70,685,2
70,70,70,60,60,60,70,70,70,78,78,78,868,2
70,70,70,60,60,60,70,70,70,72,72,72,865,2
70,70,70,60,60,60,70,70,70,78,78,78,175,2
80,80,80,70,70,70,74,74,74,70,70,70,360,1
80,80,80,70,70,70,80,80,80,70,70,70,627,1
70,70,70,80,80,80,70,70,70,80,80,80,165,2
70,70,70,60,60,60,70,70,70,64,64,64,432,1
70,70,70,60,60,60,70,70,70,70,70,70,765,2
60,60,60,70,70,70,76,76,76,70,70,70,900,1
80,80,80,70,70,70,70,70,70,70,70,70,127,1
70,70,70,80,80,80,70,70,70,70,70,70,886,2
70,70,70,70,70,70,70,70,70,74,74,74,151,2
70,70,70,60,60,60,70,70,70,78,78,78,769,2
80,80,80,70,70,70,64,64,64,70,70,70,322,2
80,80,80,70,70,70,62,62,62,70,70,70,684,2
70,70,70,70,70,70,70,70,70,70,70,70,875,1
70,70,70,60,60,60,70,70,70,68,68,68,368,1
60,60,60,70,70,70,64,64,64,70,70,70,597,2
80,80,80,70,70,70,64,64,64,70,70,70,520,2
60,60,60,70,70,70,80,80,80,70,70,70,770,1
70,70,70,60,60,60,70,70,70,66,66,66,763,1
60,60,60,70,70,70,70,70,70,70,70,70,171,1
60,60,60,70,70,70,74,74,74,70,70,70,965,1
80,80,80,70,70,70,70,70,70,70,70,70,490,1
80,80,80,70,70,70,76,76,76,70,70,70,658,1
70,70,70,70,70,70,70,70,70,70,70,70,314,1
70,70,70,70,70,70,70,70,70,72,72,72,909,2
60,60,60,70,70,70,66,66,66,70,70,70,928,2
70,70,70,70,70,70,64,64,64,70,70,70,80,2
80,80,80,70,70,70,80,80,80,70,70,70,726,1
70,70,70,80,80,80,70,70,70,64,64,64,124,1
70,70,70,80,80,80,70,70,70,80,80,80,297,2
70,70,70,70,70,70,78,78,78,70,70,70,252,1
70,70,70,80,80,80,70,70,70,66,66,66,455,1
70,70,70,70,70,70,70,70,70,74,74,74,613,2
70,70,70,80,80,80,70,70,70,74,74,74,261,2
80,80,80,70,70,70,62,62,62,70,70,70,321,2
80,80,80,70,70,70,72,72,72,70,70,70,689,1
70,70,70,80,80,80,70,70,70,76,76,76,691,2
70,70,70,70,70,70,80,80,80,70,70,70,154,1
60,60,60,70,70,70,70,70,70,70,70,70,732,1
70,70,70,80,80,80,70,70,70,72,72,72,62,2
60,60,60,70,70,70,70,70,70,70,70,70,666,1
70,70,70,80,80,80,70,70,70,66,66,66,389,1
80,80,80,70,70,70,68,68,68,70,70,70,126,2
70,70,70,60,60,60,70,70,70,66,66,66,103,1
70,70,70,70,70,70,70,70,70,76,76,76,119,2
70,70,70,80,80,80,70,70,70,62,62,62,915,1
80,80,80,70,70,70,64,64,64,70,70,70,355,2
70,70,70,80,80,80,70,70,70,62,62,62,453,1
60,60,60,70,70,70,78,78,78,70,70,70,967,1
80,80,80,70,70,70,62,62,62,70,70,70,816,2
70,70,70,70,70,70,66,66,66,70,70,70,213,2
70,70,70,70,70,70,70,70,70,76,76,76,548,2
70,70,70,60,60,60,70,70,70,78,78,78,934,2
60,60,60,70,70,70,68,68,68,70,70,70,764,2
70,70,70,70,70,70,70,70,70,62,62,62,970,1
70,70,70,80,80,80,70,70,70,60,60,60,980,1
70,70,70,70,70,70,76,76,76,70,70,70,944,1
70,70,70,80,80,80,70,70,70,80,80,80,198,2
70,70,70,80,80,80,70,70,70,80,80,80,594,2
70,70,70,70,70,70,70,70,70,68,68,68,115,1
80,80,80,70,70,70,78,78,78,70,70,70,923,1
70,70,70,60,60,60,70,70,70,74,74,74,569,2
70,70,70,80,80,80,70,70,70,80,80,80,429,2
80,80,80,70,70,70,70,70,70,70,70,70,94,1
70,70,70,60,60,60,70,70,70,74,74,74,140,2
60,60,60,70,70,70,60,60,60,70,70,70,166,2
70,70,70,60,60,60,70,70,70,80,80,80,143,2
70,70,70,70,70,70,70,70,70,70,70,70,908,2
70,70,70,70,70,70,78,78,78,70,70,70,483,1
70,70,70,70,70,70,70,70,70,70,70,70,479,1
70,70,70,60,60,60,70,70,70,74,74,74,635,2
70,70,70,70,70,70,78,78,78,70,70,70,120,1
70,70,70,70,70,70,62,62,62,70,70,70,211,2
70,70,70,80,80,80,70,70,70,70,70,70,688,2
70,70,70,80,80,80,70,70,70,64,64,64,850,1
70,70,70,60,60,60,70,70,70,74,74,74,107,2
70,70,70,70,70,70,72,72,72,70,70,70,18,1
70,70,70,80,80,80,70,70,70,68,68,68,786,1
60,60,60,70,70,70,80,80,80,70,70,70,440,1
70,70,70,60,60,60,70,70,70,60,60,60,529,1
70,70,70,70,70,70,70,70,70,74,74,74,349,2
70,70,70,70,70,70,70,70,70,70,70,70,974,2
60,60,60,70,70,70,68,68,68,70,70,70,929,2
80,80,80,70,70,70,70,70,70,70,70,70,28,1
70,70,70,80,80,80,70,70,70,76,76,76,295,2
80,80,80,70,70,70,68,68,68,70,70,70,423,2
70,70,70,60,60,60,70,70,70,76,76,76,75,2
70,70,70,70,70,70,64,64,64,70,70,70,443,2
70,70,70,70,70,70,70,70,70,76,76,76,845,2
70,70,70,70,70,70,70,70,70,76,76,76,680,2
70,70,70,70,70,70,70,70,70,64,64,64,542,1
80,80,80,70,70,70,66,66,66,70,70,70,620,2
70,70,70,80,80,80,70,70,70,70,70,70,424,2
70,70,70,70,70,70,70,70,70,74,74,74,580,2
70,70,70,60,60,60,70,70,70,64,64,64,366,1
70,70,70,80,80,80,70,70,70,60,60,60,749,1
60,60,60,70,70,70,72,72,72,70,70,70,799,1
70,70,70,70,70,70,60,60,60,70,70,70,144,2
70,70,70,80,80,80,70,70,70,64,64,64,817,1
70,70,70,70,70,70,66,66,66,70,70,70,939,2
70,70,70,70,70,70,70,70,70,64,64,64,773,1
60,60,60,70,70,70,66,66,66,70,70,70,136,2
70,70,70,70,70,70,70,70,70,72,72,72,744,2
70,70,70,60,60,60,70,70,70,78,78,78,637,2
70,70,70,70,70,70,68,68,68,70,70,70,379,2
70,70,70,60,60,60,70,70,70,60,60,60,496,1
70,70,70,70,70,70,68,68,68,70,70,70,610,2
70,70,70,60,60,60,70,70,70,80,80,80,803,2
70,70,70,70,70,70,70,70,70,80,80,80,814,2
60,60,60,70,70,70,76,76,76,70,70,70,801,1
70,70,70,80,80,80,70,70,70,68,68,68,93,1
70,70,70,60,60,60,70,70,70,72,72,72,40,2
70,70,70,70,70,70,72,72,72,70,70,70,216,1
80,80,80,70,70,70,64,64,64,70,70,70,586,2
70,70,70,70,70,70,70,70,70,68,68,68,940,1
70,70,70,60,60,60,70,70,70,70,70,70,864,2
70,70,70,70,70,70,70,70,70,78,78,78,549,2
70,70,70,80,80,80,70,70,70,78,78,78,131,2
70,70,70,60,60,60,70,70,70,60,60,60,562,1
80,80,80,70,70,70,60,60,60,70,70,70,89,2
70,70,70,70,70,70,70,70,70,70,70,70,578,1
80,80,80,70,70,70,68,68,68,70,70,70,720,2
70,70,70,70,70,70,70,70,70,68,68,68,280,1
70,70,70,80,80,80,70,70,70,60,60,60,155,1
70,70,70,80,80,80,70,70,70,62,62,62,255,1
70,70,70,70,70,70,70,70,70,66,66,66,642,1
80,80,80,70,70,70,78,78,78,70,70,70,230,1
70,70,70,80,80,80,70,70,70,70,70,70,655,2
70,70,70,70,70,70,78,78,78,70,70,70,351,1
70,70,70,80,80,80,70,70,70,80,80,80,990,2
60,60,60,70,70,70,72,72,72,70,70,70,568,1
80,80,80,70,70,70,72,72,72,70,70,70,656,1
80,80,80,70,70,70,68,68,68,70,70,70,390,2
70,70,70,60,60,60,70,70,70,78,78,78,901,2
80,80,80,70,70,70,64,64,64,70,70,70,949,2
70,70,70,70,70,70,70,70,70,72,72,72,645,2
70,70,70,60,60,60,70,70,70,70,70,70,336,2
70,70,70,60,60,60,70,70,70,78,78,78,274,2
70,70,70,80,80,80,70,70,70,62,62,62,981,1
70,70,70,70,70,70,66,66,66,70,70,70,147,2
80,80,80,70,70,70,68,68,68,70,70,70,60,2
70,70,70,70,70,70,76,76,76,70,70,70,317,1
60,60,60,70,70,70,80,80,80,70,70,70,209,1
70,70,70,80,80,80,70,70,70,70,70,70,523,2
70,70,70,70,70,70,64,64,64,70,70,70,344,2
70,70,70,80,80,80,70,70,70,78,78,78,824,2
70,70,70,60,60,60,70,70,70,78,78,78,340,2
70,70,70,70,70,70,70,70,70,66,66,66,741,1
80,80,80,70,70,70,76,76,76,70,70,70,196,1
80,80,80,70,70,70,76,76,76,70,70,70,988,1
70,70,70,70,70,70,70,70,70,74,74,74,382,2
70,70,70,70,70,70,72,72,72,70,70,70,84,1
70,70,70,80,80,80,70,70,70,74,74,74,162,2
70,70,70,70,70,70,70,70,70,70,70,70,611,2
70,70,70,80,80,80,70,70,70,60,60,60,452,1
80,80,80,70,70,70,62,62,62,70,70,70,387,2
60,60,60,70,70,70,76,76,76,70,70,70,504,1
80,80,80,70,70,70,60,60,60,70,70,70,56,2
70,70,70,70,70,70,60,60,60,70,70,70,771,2
70,70,70,80,80,80,70,70,70,78,78,78,956,2
70,70,70,80,80,80,70,70,70,76,76,76,361,2
70,70,70,60,60,60,70,70,70,72,72,72,73,2
70,70,70,80,80,80,70,70,70,62,62,62,123,1
70,70,70,70,70,70,70,70,70,62,62,62,607,1
70,70,70,70,70,70,70,70,70,60,60,60,342,1
70,70,70,70,70,70,66,66,66,70,70,70,279,2
70,70,70,70,70,70,70,70,70,72,72,72,249,2
70,70,70,60,60,60,70,70,70,64,64,64,399,1
70,70,70,70,70,70,70,70,70,66,66,66,873,1
70,70,70,80,80,80,70,70,70,72,72,72,920,2
60,60,60,70,70,70,80,80,80,70,70,70,44,1
70,70,70,70,70,70,60,60,60,70,70,70,804,2
70,70,70,80,80,80,70,70,70,66,66,66,92,1
70,70,70,80,80,80,70,70,70,78,78,78,857,2
70,70,70,70,70,70,70,70,70,80,80,80,847,2
70,70,70,70,70,70,66,66,66,70,70,70,510,2
70,70,70,80,80,80,70,70,70,62,62,62,486,1
70,70,70,70,70,70,76,76,76,70,70,70,416,1
70,70,70,60,60,60,70,70,70,60,60,60,331,1
70,70,70,70,70,70,70,70,70,62,62,62,343,1
70,70,70,60,60,60,70,70,70,76,76,76,207,2
70,70,70,80,80,80,70,70,70,76,76,76,64,2
70,70,70,80,80,80,70,70,70,62,62,62,948,1
70,70,70,80,80,80,70,70,70,70,70,70,160,2
70,70,70,70,70,70,70,70,70,62,62,62,508,1
80,80,80,70,70,70,66,66,66,70,70,70,323,2
80,80,80,70,70,70,74,74,74,70,70,70,624,1
70,70,70,70,70,70,76,76,76,70,70,70,482,1
70,70,70,70,70,70,80,80,80,70,70,70,121,1
60,60,60,70,70,70,76,76,76,70,70,70,537,1
80,80,80,70,70,70,76,76,76,70,70,70,163,1
70,70,70,70,70,70,70,70,70,64,64,64,971,1
70,70,70,60,60,60,70,70,70,78,78,78,43,2
70,70,70,70,70,70,70,70,70,70,70,70,380,2
60,60,60,70,70,70,64,64,64,70,70,70,663,2
70,70,70,80,80,80,70,70,70,80,80,80,693,2
70,70,70,60,60,60,70,70,70,74,74,74,899,2
70,70,70,70,70,70,70,70,70,74,74,74,118,2
70,70,70,80,80,80,70,70,70,80,80,80,330,2
70,70,70,70,70,70,62,62,62,70,70,70,145,2
80,80,80,70,70,70,62,62,62,70,70,70,288,2
60,60,60,70,70,70,76,76,76,70,70,70,405,1
70,70,70,60,60,60,70,70,70,68,68,68,71,1
70,70,70,70,70,70,70,70,70,64,64,64,476,1
80,80,80,70,70,70,76,76,76,70,70,70,955,1
70,70,70,70,70,70,70,70,70,62,62,62,574,1
70,70,70,70,70,70,70,70,70,72,72,72,678,2
70,70,70,80,80,80,70,70,70,64,64,64,454,1
70,70,70,70,70,70,70,70,70,68,68,68,82,1
70,70,70,60,60,60,70,70,70,62,62,62,497,1
70,70,70,80,80,80,70,70,70,78,78,78,758,2
70,70,70,70,70,70,70,70,70,72,72,72,414,2
70,70,70,70,70,70,64,64,64,70,70,70,707,2
60,60,60,70,70,70,74,74,74,70,70,70,602,1
70,70,70,60,60,60,70,70,70,68,68,68,797,1
70,70,70,80,80,80,70,70,70,78,78,78,494,2
60,60,60,70,70,70,64,64,64,70,70,70,36,2
70,70,70,70,70,70,70,70,70,62,62,62,871,1
70,70,70,70,70,70,70,70,70,72,72,72,711,2
80,80,80,70,70,70,78,78,78,70,70,70,296,1
80,80,80,70,70,70,60,60,60,70,70,70,386,2
70,70,70,60,60,60,70,70,70,78,78,78,10,2
70,70,70,70,70,70,68,68,68,70,70,70,841,2
70,70,70,60,60,60,70,70,70,60,60,60,793,1
70,70,70,70,70,70,68,68,68,70,70,70,478,2
80,80,80,70,70,70,68,68,68,70,70,70,27,2
70,70,70,60,60,60,70,70,70,72,72,72,502,2
70,70,70,80,80,80,70,70,70,80,80,80,561,2
70,70,70,60,60,60,70,70,70,74,74,74,668,2
70,70,70,70,70,70,76,76,76,70,70,70,878,1
70,70,70,70,70,70,76,76,76,70,70,70,911,1
70,70,70,70,70,70,60,60,60,70,70,70,309,2
70,70,70,80,80,80,70,70,70,74,74,74,987,2
70,70,70,60,60,60,70,70,70,66,66,66,565,1
70,70,70,70,70,70,70,70,70,72,72,72,843,2
60,60,60,70,70,70,60,60,60,70,70,70,760,2
60,60,60,70,70,70,68,68,68,70,70,70,335,2
60,60,60,70,70,70,80,80,80,70,70,70,671,1
80,80,80,70,70,70,66,66,66,70,70,70,785,2
70,70,70,60,60,60,70,70,70,64,64,64,168,1
70,70,70,60,60,60,70,70,70,68,68,68,731,1
70,70,70,80,80,80,70,70,70,64,64,64,751,1
70,70,70,60,60,60,70,70,70,74,74,74,206,2
80,80,80,70,70,70,72,72,72,70,70,70,953,1
70,70,70,70,70,70,66,66,66,70,70,70,576,2
70,70,70,70,70,70,64,64,64,70,70,70,575,2
70,70,70,70,70,70,70,70,70,68,68,68,742,1
70,70,70,70,70,70,78,78,78,70,70,70,681,1
70,70,70,80,80,80,70,70,70,76,76,76,790,2
70,70,70,70,70,70,70,70,70,64,64,64,641,1
70,70,70,70,70,70,66,66,66,70,70,70,411,2
80,80,80,70,70,70,66,66,66,70,70,70,983,2
70,70,70,70,70,70,60,60,60,70,70,70,210,2
70,70,70,80,80,80,70,70,70,76,76,76,328,2
70,70,70,70,70,70,66,66,66,70,70,70,15,2
70,70,70,70,70,70,64,64,64,70,70,70,839,2
60,60,60,70,70,70,66,66,66,70,70,70,334,2
70,70,70,60,60,60,70,70,70,64,64,64,630,1
70,70,70,60,60,60,70,70,70,78,78,78,670,2
70,70,70,60,60,60,70,70,70,80,80,80,968,2
60,60,60,70,70,70,74,74,74,70,70,70,338,1
80,80,80,70,70,70,66,66,66,70,70,70,488,2
80,80,80,70,70,70,60,60,60,70,70,70,254,2
70,70,70,60,60,60,70,70,70,60,60,60,232,1
80,80,80,70,70,70,80,80,80,70,70,70,891,1
80,80,80,70,70,70,80,80,80,70,70,70,231,1
70,70,70,80,80,80,70,70,70,80,80,80,363,2
70,70,70,80,80,80,70,70,70,72,72,72,557,2
60,60,60,70,70,70,78,78,78,70,70,70,208,1
80,80,80,70,70,70,78,78,78,70,70,70,560,1
80,80,80,70,70,70,72,72,72,70,70,70,359,1
70,70,70,60,60,60,70,70,70,60,60,60,958,1
70,70,70,70,70,70,70,70,70,64,64,64,872,1
60,60,60,70,70,70,64,64,64,70,70,70,531,2
80,80,80,70,70,70,70,70,70,70,70,70,721,1
70,70,70,60,60,60,70,70,70,74,74,74,41,2
60,60,60,70,70,70,70,70,70,70,70,70,369,1
70,70,70,80,80,80,70,70,70,60,60,60,221,1
70,70,70,80,80,80,70,70,70,78,78,78,692,2
60,60,60,70,70,70,64,64,64,70,70,70,861,2
80,80,80,70,70,70,70,70,70,70,70,70,985,1
70,70,70,70,70,70,70,70,70,64,64,64,212,1
70,70,70,70,70,70,70,70,70,60,60,60,870,1
60,60,60,70,70,70,76,76,76,70,70,70,438,1
70,70,70,60,60,60,70,70,70,68,68,68,830,1
70,70,70,70,70,70,72,72,72,70,70,70,348,1
70,70,70,80,80,80,70,70,70,70,70,70,754,2
70,70,70,70,70,70,62,62,62,70,70,70,772,2
60,60,60,70,70,70,66,66,66,70,70,70,631,2
70,70,70,80,80,80,70,70,70,66,66,66,521,1
60,60,60,70,70,70,68,68,68,70,70,70,203,2
70,70,70,80,80,80,70,70,70,80,80,80,759,2
60,60,60,70,70,70,78,78,78,70,70,70,835,1
70,70,70,60,60,60,70,70,70,76,76,76,570,2
70,70,70,60,60,60,70,70,70,76,76,76,603,2
70,70,70,70,70,70,76,76,76,70,70,70,449,1
70,70,70,80,80,80,70,70,70,74,74,74,492,2
60,60,60,70,70,70,80,80,80,70,70,70,242,1
70,70,70,80,80,80,70,70,70,66,66,66,26,1
60,60,60,70,70,70,76,76,76,70,70,70,735,1
70,70,70,70,70,70,70,70,70,66,66,66,543,1
70,70,70,70,70,70,64,64,64,70,70,70,905,2
70,70,70,70,70,70,60,60,60,70,70,70,672,2
70,70,70,80,80,80,70,70,70,74,74,74,459,2
70,70,70,70,70,70,74,74,74,70,70,70,514,1
70,70,70,70,70,70,70,70,70,66,66,66,345,1
80,80,80,70,70,70,60,60,60,70,70,70,716,2
70,70,70,80,80,80,70,70,70,76,76,76,889,2
80,80,80,70,70,70,76,76,76,70,70,70,856,1
60,60,60,70,70,70,60,60,60,70,70,70,265,2
70,70,70,70,70,70,72,72,72,70,70,70,810,1
70,70,70,80,80,80,70,70,70,80,80,80,396,2
70,70,70,60,60,60,70,70,70,76,76,76,702,2
60,60,60,70,70,70,72,72,72,70,70,70,601,1
70,70,70,80,80,80,70,70,70,76,76,76,625,2
70,70,70,60,60,60,70,70,70,76,76,76,867,2
70,70,70,80,80,80,70,70,70,74,74,74,129,2
70,70,70,80,80,80,70,70,70,66,66,66,719,1
80,80,80,70,70,70,66,66,66,70,70,70,653,2
70,70,70,70,70,70,70,70,70,78,78,78,219,2
70,70,70,70,70,70,70,70,70,72,72,72,975,2
70,70,70,80,80,80,70,70,70,70,70,70,259,2
70,70,70,60,60,60,70,70,70,74,74,74,734,2
80,80,80,70,70,70,78,78,78,70,70,70,659,1
70,70,70,70,70,70,68,68,68,70,70,70,643,2
80,80,80,70,70,70,78,78,78,70,70,70,791,1
80,80,80,70,70,70,68,68,68,70,70,70,225,2
70,70,70,70,70,70,70,70,70,70,70,70,347,2
70,70,70,80,80,80,70,70,70,72,72,72,260,2
70,70,70,70,70,70,62,62,62,70,70,70,706,2
70,70,70,70,70,70,70,70,70,70,70,70,545,1
80,80,80,70,70,70,62,62,62,70,70,70,552,2
60,60,60,70,70,70,70,70,70,70,70,70,963,1
70,70,70,80,80,80,70,70,70,74,74,74,921,2
70,70,70,60,60,60,70,70,70,74,74,74,437,2
80,80,80,70,70,70,76,76,76,70,70,70,823,1
70,70,70,80,80,80,70,70,70,66,66,66,59,1
80,80,80,70,70,70,70,70,70,70,70,70,853,1
70,70,70,60,60,60,70,70,70,66,66,66,433,1
70,70,70,70,70,70,70,70,70,68,68,68,577,1
70,70,70,70,70,70,70,70,70,60,60,60,903,1
70,70,70,70,70,70,70,70,70,78,78,78,21,2
80,80,80,70,70,70,70,70,70,70,70,70,325,1
70,70,70,60,60,60,70,70,70,74,74,74,272,2
80,80,80,70,70,70,60,60,60,70,70,70,617,2
80,80,80,70,70,70,64,64,64,70,70,70,784,2
70,70,70,70,70,70,70,70,70,80,80,80,484,2
80,80,80,70,70,70,80,80,80,70,70,70,792,1
80,80,80,70,70,70,72,72,72,70,70,70,194,1
70,70,70,70,70,70,72,72,72,70,70,70,183,1
80,80,80,70,70,70,72,72,72,70,70,70,986,1
70,70,70,70,70,70,70,70,70,78,78,78,714,2
70,70,70,80,80,80,70,70,70,64,64,64,388,1
60,60,60,70,70,70,70,70,70,70,70,70,600,1
70,70,70,80,80,80,70,70,70,72,72,72,425,2
70,70,70,70,70,70,68,68,68,70,70,70,16,2
60,60,60,70,70,70,66,66,66,70,70,70,499,2
70,70,70,70,70,70,70,70,70,62,62,62,838,1
60,60,60,70,70,70,72,72,72,70,70,70,766,1
70,70,70,80,80,80,70,70,70,72,72,72,227,2
70,70,70,80,80,80,70,70,70,74,74,74,426,2
70,70,70,80,80,80,70,70,70,70,70,70,919,2
80,80,80,70,70,70,72,72,72,70,70,70,128,1
70,70,70,80,80,80,70,70,70,68,68,68,852,1
70,70,70,70,70,70,68,68,68,70,70,70,445,2
70,70,70,70,70,70,60,60,60,70,70,70,45,2
70,70,70,70,70,70,70,70,70,70,70,70,248,1
80,80,80,70,70,70,70,70,70,70,70,70,292,1
70,70,70,70,70,70,70,70,70,66,66,66,180,1
60,60,60,70,70,70,72,72,72,70,70,70,337,1
60,60,60,70,70,70,72,72,72,70,70,70,634,1
70,70,70,60,60,60,70,70,70,60,60,60,364,1
60,60,60,70,70,70,80,80,80,70,70,70,77,1
70,70,70,70,70,70,72,72,72,70,70,70,282,1
70,70,70,70,70,70,78,78,78,70,70,70,978,1
60,60,60,70,70,70,64,64,64,70,70,70,564,2
70,70,70,60,60,60,70,70,70,62,62,62,299,1
70,70,70,70,70,70,78,78,78,70,70,70,318,1
80,80,80,70,70,70,74,74,74,70,70,70,294,1
70,70,70,70,70,70,70,70,70,68,68,68,214,1
60,60,60,70,70,70,68,68,68,70,70,70,566,2
70,70,70,80,80,80,70,70,70,66,66,66,224,1
70,70,70,60,60,60,70,70,70,62,62,62,827,1
70,70,70,70,70,70,74,74,74,70,70,70,712,1
70,70,70,80,80,80,70,70,70,62,62,62,156,1
70,70,70,70,70,70,70,70,70,70,70,70,809,1
70,70,70,60,60,60,70,70,70,78,78,78,472,2
70,70,70,60,60,60,70,70,70,72,72,72,304,2
70,70,70,70,70,70,70,70,70,68,68,68,808,1
80,80,80,70,70,70,74,74,74,70,70,70,591,1
80,80,80,70,70,70,76,76,76,70,70,70,229,1
60,60,60,70,70,70,76,76,76,70,70,70,174,1
70,70,70,60,60,60,70,70,70,74,74,74,173,2
70,70,70,80,80,80,70,70,70,80,80,80,495,2
70,70,70,60,60,60,70,70,70,64,64,64,927,1
80,80,80,70,70,70,68,68,68,70,70,70,357,2
70,70,70,70,70,70,70,70,70,68,68,68,148,1
60,60,60,70,70,70,66,66,66,70,70,70,730,2
60,60,60,70,70,70,60,60,60,70,70,70,925,2
70,70,70,80,80,80,70,70,70,74,74,74,393,2
70,70,70,80,80,80,70,70,70,70,70,70,820,2
70,70,70,70,70,70,70,70,70,70,70,70,677,1
60,60,60,70,70,70,68,68,68,70,70,70,599,2
70,70,70,70,70,70,70,70,70,72,72,72,513,2
70,70,70,70,70,70,64,64,64,70,70,70,146,2
70,70,70,70,70,70,64,64,64,70,70,70,14,2
70,70,70,70,70,70,70,70,70,70,70,70,446,1
70,70,70,80,80,80,70,70,70,72,72,72,590,2
70,70,70,60,60,60,70,70,70,68,68,68,38,1
70,70,70,70,70,70,70,70,70,78,78,78,846,2
60,60,60,70,70,70,74,74,74,70,70,70,767,1
70,70,70,80,80,80,70,70,70,60,60,60,485,1
70,70,70,70,70,70,70,70,70,60,60,60,78,1
80,80,80,70,70,70,72,72,72,70,70,70,524,1
80,80,80,70,70,70,64,64,64,70,70,70,91,2
60,60,60,70,70,70,72,72,72,70,70,70,832,1
70,70,70,80,80,80,70,70,70,66,66,66,422,1
70,70,70,60,60,60,70,70,70,70,70,70,270,2
80,80,80,70,70,70,68,68,68,70,70,70,555,2
70,70,70,60,60,60,70,70,70,60,60,60,892,1
60,60,60,70,70,70,64,64,64,70,70,70,696,2
70,70,70,70,70,70,66,66,66,70,70,70,840,2
70,70,70,70,70,70,70,70,70,60,60,60,111,1
70,70,70,70,70,70,74,74,74,70,70,70,877,1
70,70,70,80,80,80,70,70,70,60,60,60,650,1
70,70,70,60,60,60,70,70,70,64,64,64,135,1
70,70,70,80,80,80,70,70,70,60,60,60,518,1
60,60,60,70,70,70,68,68,68,70,70,70,896,2
60,60,60,70,70,70,74,74,74,70,70,70,470,1
70,70,70,70,70,70,60,60,60,70,70,70,276,2
70,70,70,80,80,80,70,70,70,64,64,64,190,1
70,70,70,70,70,70,68,68,68,70,70,70,313,2
70,70,70,70,70,70,68,68,68,70,70,70,907,2
80,80,80,70,70,70,64,64,64,70,70,70,58,2
70,70,70,80,80,80,70,70,70,64,64,64,421,1
70,70,70,80,80,80,70,70,70,74,74,74,657,2
80,80,80,70,70,70,64,64,64,70,70,70,223,2
70,70,70,70,70,70,80,80,80,70,70,70,715,1
70,70,70,70,70,70,64,64,64,70,70,70,311,2
70,70,70,80,80,80,70,70,70,68,68,68,621,1
70,70,70,80,80,80,70,70,70,66,66,66,587,1
70,70,70,80,80,80,70,70,70,72,72,72,821,2
70,70,70,60,60,60,70,70,70,74,74,74,239,2
70,70,70,70,70,70,80,80,80,70,70,70,649,1
70,70,70,70,70,70,80,80,80,70,70,70,517,1
80,80,80,70,70,70,62,62,62,70,70,70,90,2
80,80,80,70,70,70,76,76,76,70,70,70,922,1
70,70,70,60,60,60,70,70,70,74,74,74,305,2
60,60,60,70,70,70,66,66,66,70,70,70,169,2
70,70,70,80,80,80,70,70,70,74,74,74,723,2
60,60,60,70,70,70,70,70,70,70,70,70,897,1
70,70,70,70,70,70,70,70,70,76,76,76,350,2
80,80,80,70,70,70,68,68,68,70,70,70,258,2
70,70,70,70,70,70,70,70,70,60,60,60,738,1
70,70,70,60,60,60,70,70,70,74,74,74,833,2
60,60,60,70,70,70,62,62,62,70,70,70,365,2
70,70,70,70,70,70,70,70,70,78,78,78,417,2
70,70,70,70,70,70,70,70,70,62,62,62,442,1
70,70,70,70,70,70,74,74,74,70,70,70,679,1
80,80,80,70,70,70,64,64,64,70,70,70,25,2
70,70,70,70,70,70,70,70,70,62,62,62,178,1
70,70,70,70,70,70,70,70,70,66,66,66,774,1
70,70,70,60,60,60,70,70,70,72,72,72,172,2
70,70,70,80,80,80,70,70,70,60,60,60,947,1
70,70,70,70,70,70,70,70,70,62,62,62,277,1
80,80,80,70,70,70,60,60,60,70,70,70,815,2
70,70,70,60,60,60,70,70,70,78,78,78,241,2
70,70,70,70,70,70,70,70,70,66,66,66,708,1
80,80,80,70,70,70,62,62,62,70,70,70,882,2
70,70,70,70,70,70,70,70,70,70,70,70,710,1
80,80,80,70,70,70,72,72,72,70,70,70,95,1
70,70,70,80,80,80,70,70,70,70,70,70,622,2
70,70,70,60,60,60,70,70,70,64,64,64,762,1
70,70,70,80,80,80,70,70,70,78,78,78,626,2
70,70,70,70,70,70,76,76,76,70,70,70,977,1
70,70,70,60,60,60,70,70,70,68,68,68,962,1
70,70,70,70,70,70,80,80,80,70,70,70,682,1
70,70,70,70,70,70,70,70,70,78,78,78,780,2
80,80,80,70,70,70,68,68,68,70,70,70,588,2
60,60,60,70,70,70,62,62,62,70,70,70,464,2
70,70,70,60,60,60,70,70,70,72,72,72,469,2
60,60,60,70,70,70,62,62,62,70,70,70,662,2
70,70,70,70,70,70,70,70,70,62,62,62,112,1
60,60,60,70,70,70,76,76,76,70,70,70,240,1
80,80,80,70,70,70,78,78,78,70,70,70,65,1
70,70,70,70,70,70,70,70,70,70,70,70,512,2
70,70,70,70,70,70,66,66,66,70,70,70,246,2
70,70,70,60,60,60,70,70,70,78,78,78,505,2
70,70,70,60,60,60,70,70,70,60,60,60,199,1
70,70,70,80,80,80,70,70,70,64,64,64,289,1
70,70,70,80,80,80,70,70,70,74,74,74,96,2
70,70,70,80,80,80,70,70,70,66,66,66,125,1
80,80,80,70,70,70,60,60,60,70,70,70,782,2
70,70,70,80,80,80,70,70,70,76,76,76,460,2
70,70,70,60,60,60,70,70,70,80,80,80,638,2
70,70,70,80,80,80,70,70,70,74,74,74,756,2
70,70,70,70,70,70,70,70,70,76,76,76,515,2
70,70,70,60,60,60,70,70,70,80,80,80,176,2
70,70,70,60,60,60,70,70,70,62,62,62,101,1
70,70,70,80,80,80,70,70,70,74,74,74,30,2
80,80,80,70,70,70,76,76,76,70,70,70,592,1
70,70,70,70,70,70,72,72,72,70,70,70,447,1
70,70,70,70,70,70,70,70,70,64,64,64,938,1
70,70,70,70,70,70,70,70,70,68,68,68,49,1
60,60,60,70,70,70,66,66,66,70,70,70,697,2
60,60,60,70,70,70,66,66,66,70,70,70,532,2
70,70,70,70,70,70,60,60,60,70,70,70,507,2
60,60,60,70,70,70,66,66,66,70,70,70,202,2
70,70,70,60,60,60,70,70,70,78,78,78,406,2
80,80,80,70,70,70,76,76,76,70,70,70,757,1
80,80,80,70,70,70,78,78,78,70,70,70,989,1
70,70,70,60,60,60,70,70,70,62,62,62,629,1
70,70,70,80,80,80,70,70,70,62,62,62,750,1
70,70,70,60,60,60,70,70,70,68,68,68,236,1
70,70,70,70,70,70,70,70,70,70,70,70,215,1
70,70,70,70,70,70,72,72,72,70,70,70,612,1
70,70,70,60,60,60,70,70,70,70,70,70,534,2
