144,143,141,144,143,141,144,143,141,150,149,146,152,2
144,143,141,144,143,141,144,143,141,144,143,141,17,1
135,134,131,144,143,141,146,145,143,144,143,141,700,1
144,143,141,144,143,141,144,143,141,137,136,133,640,1
144,143,141,144,143,141,144,143,141,146,145,143,876,2
144,143,141,153,152,150,144,143,141,150,149,146,526,2
153,152,150,144,143,141,141,140,137,144,143,141,818,2
135,134,131,144,143,141,139,138,135,144,143,141,498,2
144,143,141,144,143,141,144,143,141,143,141,139,874,1
144,143,141,135,134,131,144,143,141,144,143,141,468,2
135,134,131,144,143,141,150,149,146,144,143,141,108,1
135,134,131,144,143,141,141,140,137,144,143,141,367,2
144,143,141,144,143,141,144,143,141,144,143,141,182,1
144,143,141,153,152,150,144,143,141,144,143,141,457,2
135,134,131,144,143,141,139,138,135,144,143,141,828,2
144,143,141,144,143,141,144,143,141,139,138,135,410,1
144,143,141,144,143,141,144,143,141,135,134,131,243,1
144,143,141,153,152,150,144,143,141,137,136,133,849,1
144,143,141,144,143,141,144,143,141,150,149,146,581,2
144,143,141,144,143,141,150,149,146,144,143,141,86,1
144,143,141,153,152,150,144,143,141,151,150,148,428,2
153,152,150,144,143,141,135,134,131,144,143,141,914,2
144,143,141,144,143,141,144,143,141,144,143,141,776,2
153,152,150,144,143,141,141,140,137,144,143,141,851,2
144,143,141,144,143,141,153,152,150,144,143,141,319,1
144,143,141,153,152,150,144,143,141,148,147,144,63,2
144,143,141,135,134,131,144,143,141,135,134,131,595,1
144,143,141,135,134,131,144,143,141,137,136,133,398,1
144,143,141,144,143,141,148,147,144,144,143,141,745,1
144,143,141,144,143,141,144,143,141,144,143,141,50,2
144,143,141,144,143,141,144,143,141,144,143,141,83,2
135,134,131,144,143,141,146,145,143,144,143,141,205,1
144,143,141,153,152,150,144,143,141,139,138,135,157,1
135,134,131,144,143,141,150,149,146,144,143,141,306,1
144,143,141,135,134,131,144,143,141,137,136,133,431,1
144,143,141,144,143,141,151,150,148,144,143,141,615,1
144,143,141,144,143,141,141,140,137,144,143,141,807,2
144,143,141,144,143,141,144,143,141,141,140,137,378,1
144,143,141,144,143,141,146,145,143,144,143,141,381,1
144,143,141,144,143,141,150,149,146,144,143,141,713,1
144,143,141,144,143,141,137,136,133,144,143,141,376,2
144,143,141,135,134,131,144,143,141,144,143,141,798,2
135,134,131,144,143,141,143,141,139,144,143,141,533,2
144,143,141,144,143,141,144,143,141,144,143,141,413,1
144,143,141,144,143,141,151,150,148,144,143,141,813,1
153,152,150,144,143,141,139,138,135,144,143,141,982,2
144,143,141,153,152,150,144,143,141,143,141,139,819,1
153,152,150,144,143,141,137,136,133,144,143,141,651,2
153,152,150,144,143,141,153,152,150,144,143,141,462,1
144,143,141,144,143,141,150,149,146,144,143,141,20,1
144,143,141,144,143,141,150,149,146,144,143,141,251,1
135,134,131,144,143,141,137,136,133,144,143,141,167,2
144,143,141,144,143,141,151,150,148,144,143,141,87,1
144,143,141,144,143,141,144,143,141,137,136,133,739,1
144,143,141,144,143,141,144,143,141,148,147,144,976,2
144,143,141,153,152,150,144,143,141,139,138,135,883,1
144,143,141,144,143,141,144,143,141,153,152,150,385,2
144,143,141,144,143,141,144,143,141,137,136,133,673,1
135,134,131,144,143,141,144,143,141,144,143,141,6,1
135,134,131,144,143,141,135,134,131,144,143,141,463,2
153,152,150,144,143,141,144,143,141,144,143,141,226,1
135,134,131,144,143,141,153,152,150,144,143,141,605,1
144,143,141,135,134,131,144,143,141,146,145,143,7,2
144,143,141,135,134,131,144,143,141,139,138,135,465,1
135,134,131,144,143,141,143,141,139,144,143,141,401,2
144,143,141,144,143,141,151,150,148,144,143,141,450,1
144,143,141,144,143,141,141,140,137,144,143,141,477,2
144,143,141,135,134,131,144,143,141,139,138,135,960,1
144,143,141,144,143,141,135,134,131,144,143,141,936,2
144,143,141,153,152,150,144,143,141,141,140,137,686,1
153,152,150,144,143,141,141,140,137,144,143,141,950,2
144,143,141,135,134,131,144,143,141,137,136,133,563,1
144,143,141,153,152,150,144,143,141,143,141,139,489,1
135,134,131,144,143,141,139,138,135,144,143,141,300,2
153,152,150,144,143,141,143,141,139,144,143,141,522,2
135,134,131,144,143,141,135,134,131,144,143,141,397,2
144,143,141,144,143,141,135,134,131,144,143,141,177,2
144,143,141,144,143,141,153,152,150,144,143,141,979,1
144,143,141,144,143,141,144,143,141,150,149,146,647,2
135,134,131,144,143,141,146,145,143,144,143,141,370,1
135,134,131,144,143,141,143,141,139,144,143,141,632,2
144,143,141,135,134,131,144,143,141,146,145,143,931,2
144,143,141,135,134,131,144,143,141,153,152,150,572,2
135,134,131,144,143,141,144,143,141,144,143,141,105,1
135,134,131,144,143,141,143,141,139,144,143,141,434,2
135,134,131,144,143,141,146,145,143,144,143,141,271,1
144,143,141,135,134,131,144,143,141,153,152,150,737,2
144,143,141,144,143,141,141,140,137,144,143,141,114,2
144,143,141,135,134,131,144,143,141,135,134,131,100,1
144,143,141,144,143,141,144,143,141,151,150,148,582,2
153,152,150,144,143,141,139,138,135,144,143,141,256,2
135,134,131,144,143,141,139,138,135,144,143,141,69,2
144,143,141,144,143,141,151,150,148,144,143,141,747,1
144,143,141,153,152,150,144,143,141,146,145,143,854,2
153,152,150,144,143,141,135,134,131,144,143,141,683,2
153,152,150,144,143,141,151,150,148,144,143,141,395,1
144,143,141,135,134,131,144,143,141,150,149,146,636,2
144,143,141,153,152,150,144,143,141,141,140,137,290,1
153,152,150,144,143,141,137,136,133,144,143,141,57,2
144,143,141,153,152,150,144,143,141,146,145,143,887,2
153,152,150,144,143,141,151,150,148,144,143,141,98,1
135,134,131,144,143,141,137,136,133,144,143,141,35,2
135,134,131,144,143,141,141,140,137,144,143,141,37,2
153,152,150,144,143,141,150,149,146,144,143,141,427,1
144,143,141,153,152,150,144,143,141,139,138,135,619,1
135,134,131,144,143,141,144,143,141,144,143,141,501,1
153,152,150,144,143,141,141,140,137,144,143,141,356,2
144,143,141,144,143,141,144,143,141,153,152,150,946,2
144,143,141,153,152,150,144,143,141,144,143,141,193,2
144,143,141,144,143,141,144,143,141,148,147,144,184,2
144,143,141,135,134,131,144,143,141,146,145,143,238,2
144,143,141,135,134,131,144,143,141,135,134,131,133,1
135,134,131,144,143,141,141,140,137,144,143,141,862,2
144,143,141,153,152,150,144,143,141,146,145,143,788,2
135,134,131,144,143,141,143,141,139,144,143,141,467,2
144,143,141,144,143,141,153,152,150,144,143,141,220,1
144,143,141,144,143,141,153,152,150,144,143,141,253,1
144,143,141,144,143,141,139,138,135,144,143,141,509,2
144,143,141,153,152,150,144,143,141,146,145,143,392,2
153,152,150,144,143,141,146,145,143,144,143,141,755,1
144,143,141,135,134,131,144,143,141,143,141,139,269,1
144,143,141,144,143,141,144,143,141,144,143,141,842,1
135,134,131,144,143,141,153,152,150,144,143,141,836,1
144,143,141,135,134,131,144,143,141,151,150,148,142,2
135,134,131,144,143,141,137,136,133,144,143,141,134,2
144,143,141,144,143,141,139,138,135,144,143,141,740,2
144,143,141,144,143,141,144,143,141,148,147,144,283,2
144,143,141,144,143,141,153,152,150,144,143,141,88,1
144,143,141,144,143,141,144,143,141,153,152,150,22,2
153,152,150,144,143,141,144,143,141,144,143,141,391,1
144,143,141,135,134,131,144,143,141,144,143,141,633,2
153,152,150,144,143,141,148,147,144,144,143,141,195,1
135,134,131,144,143,141,150,149,146,144,143,141,42,1
144,143,141,135,134,131,144,143,141,135,134,131,67,1
144,143,141,135,134,131,144,143,141,150,149,146,966,2
144,143,141,144,143,141,144,143,141,143,141,139,973,1
144,143,141,135,134,131,144,143,141,151,150,148,76,2
144,143,141,135,134,131,144,143,141,144,143,141,831,2
144,143,141,135,134,131,144,143,141,144,143,141,204,2
153,152,150,144,143,141,135,134,131,144,143,141,122,2
144,143,141,153,152,150,144,143,141,141,140,137,554,1
153,152,150,144,143,141,146,145,143,144,143,141,293,1
153,152,150,144,143,141,146,145,143,144,143,141,326,1
153,152,150,144,143,141,135,134,131,144,143,141,23,2
144,143,141,153,152,150,144,143,141,139,138,135,487,1
144,143,141,144,143,141,144,143,141,144,143,141,743,1
153,152,150,144,143,141,150,149,146,144,143,141,493,1
144,143,141,144,143,141,153,152,150,144,143,141,781,1
144,143,141,153,152,150,144,143,141,143,141,139,951,1
144,143,141,153,152,150,144,143,141,151,150,148,164,2
144,143,141,135,134,131,144,143,141,135,134,131,859,1
144,143,141,144,143,141,151,150,148,144,143,141,648,1
144,143,141,144,143,141,144,143,141,146,145,143,480,2
144,143,141,144,143,141,153,152,150,144,143,141,418,1
144,143,141,144,143,141,146,145,143,144,143,141,942,1
144,143,141,135,134,131,144,143,141,153,152,150,407,2
144,143,141,144,143,141,144,143,141,150,149,146,779,2
153,152,150,144,143,141,153,152,150,144,143,141,99,1
144,143,141,135,134,131,144,143,141,146,145,143,733,2
144,143,141,144,143,141,144,143,141,137,136,133,805,1
144,143,141,144,143,141,144,143,141,135,134,131,837,1
153,152,150,144,143,141,148,147,144,144,143,141,228,1
144,143,141,144,143,141,139,138,135,144,143,141,608,2
144,143,141,144,143,141,148,147,144,144,143,141,547,1
144,143,141,144,143,141,144,143,141,150,149,146,185,2
144,143,141,144,143,141,148,147,144,144,143,141,646,1
144,143,141,135,134,131,144,143,141,148,147,144,866,2
144,143,141,153,152,150,144,143,141,143,141,139,192,1
144,143,141,144,143,141,144,143,141,139,138,135,806,1
144,143,141,144,143,141,144,143,141,141,140,137,444,1
144,143,141,144,143,141,144,143,141,148,147,144,217,2
144,143,141,144,143,141,143,141,139,144,143,141,346,2
144,143,141,144,143,141,146,145,143,144,143,141,315,1
144,143,141,135,134,131,144,143,141,141,140,137,961,1
135,134,131,144,143,141,144,143,141,144,143,141,303,1
144,143,141,144,143,141,135,134,131,144,143,141,573,2
135,134,131,144,143,141,137,136,133,144,143,141,332,2
144,143,141,135,134,131,144,143,141,137,136,133,200,1
135,134,131,144,143,141,148,147,144,144,143,141,932,1
153,152,150,144,143,141,137,136,133,144,143,141,585,2
144,143,141,153,152,150,144,143,141,143,141,139,159,1
144,143,141,135,134,131,144,143,141,141,140,137,235,1
144,143,141,135,134,131,144,143,141,150,149,146,372,2
144,143,141,153,152,150,144,143,141,139,138,135,718,1
144,143,141,135,134,131,144,143,141,146,145,143,106,2
135,134,131,144,143,141,144,143,141,144,143,141,39,1
153,152,150,144,143,141,137,136,133,144,143,141,222,2
135,134,131,144,143,141,148,147,144,144,143,141,503,1
144,143,141,144,143,141,137,136,133,144,143,141,79,2
135,134,131,144,143,141,141,140,137,144,143,141,301,2
135,134,131,144,143,141,141,140,137,144,143,141,664,2
135,134,131,144,143,141,153,152,150,144,143,141,374,1
135,134,131,144,143,141,137,136,133,144,143,141,959,2
144,143,141,153,152,150,144,143,141,153,152,150,33,2
144,143,141,144,143,141,151,150,148,144,143,141,384,1
144,143,141,144,143,141,146,145,143,144,143,141,150,1
153,152,150,144,143,141,143,141,139,144,143,141,291,2
135,134,131,144,143,141,139,138,135,144,143,141,201,2
144,143,141,153,152,150,144,143,141,144,143,141,952,2
144,143,141,144,143,141,144,143,141,153,152,150,880,2
144,143,141,135,134,131,144,143,141,137,136,133,266,1
144,143,141,144,143,141,144,143,141,148,147,144,415,2
144,143,141,144,143,141,144,143,141,150,149,146,746,2
144,143,141,144,143,141,153,152,150,144,143,141,748,1
144,143,141,144,143,141,141,140,137,144,143,141,906,2
144,143,141,144,143,141,141,140,137,144,143,141,312,2
144,143,141,144,143,141,146,145,143,144,143,141,51,1
153,152,150,144,143,141,135,134,131,144,143,141,881,2
144,143,141,144,143,141,144,143,141,148,147,144,778,2
135,134,131,144,143,141,144,143,141,144,143,141,567,1
144,143,141,153,152,150,144,143,141,153,152,150,528,2
144,143,141,135,134,131,144,143,141,148,147,144,701,2
135,134,131,144,143,141,150,149,146,144,143,141,834,1
135,134,131,144,143,141,135,134,131,144,143,141,694,2
144,143,141,144,143,141,144,143,141,139,138,135,245,1
153,152,150,144,143,141,146,145,143,144,143,141,29,1
144,143,141,144,143,141,144,143,141,153,152,150,451,2
144,143,141,135,134,131,144,143,141,135,134,131,826,1
144,143,141,144,143,141,150,149,146,144,143,141,383,1
144,143,141,135,134,131,144,143,141,146,145,143,403,2
144,143,141,153,152,150,144,143,141,150,149,146,31,2
144,143,141,144,143,141,144,143,141,137,136,133,904,1
153,152,150,144,143,141,144,143,141,144,143,141,61,1
153,152,150,144,143,141,141,140,137,144,143,141,884,2
144,143,141,135,134,131,144,143,141,150,149,146,669,2
135,134,131,144,143,141,153,152,150,144,143,141,704,1
135,134,131,144,143,141,143,141,139,144,143,141,500,2
135,134,131,144,143,141,148,147,144,144,143,141,8,1
144,143,141,153,152,150,144,143,141,137,136,133,354,1
153,152,150,144,143,141,141,140,137,144,143,141,752,2
144,143,141,153,152,150,144,143,141,151,150,148,461,2
144,143,141,144,143,141,135,134,131,144,143,141,606,2
153,152,150,144,143,141,151,150,148,144,143,141,263,1
144,143,141,144,143,141,146,145,143,144,143,141,546,1
144,143,141,144,143,141,144,143,141,148,147,144,943,2
135,134,131,144,143,141,144,143,141,144,143,141,72,1
153,152,150,144,143,141,150,149,146,144,143,141,130,1
144,143,141,144,143,141,144,143,141,148,147,144,85,2
135,134,131,144,143,141,144,143,141,144,143,141,699,1
144,143,141,153,152,150,144,143,141,151,150,148,527,2
135,134,131,144,143,141,150,149,146,144,143,141,471,1
153,152,150,144,143,141,150,149,146,144,143,141,262,1
153,152,150,144,143,141,146,145,143,144,143,141,491,1
144,143,141,144,143,141,144,143,141,135,134,131,441,1
144,143,141,153,152,150,144,143,141,144,143,141,589,2
144,143,141,144,143,141,144,143,141,148,147,144,316,2
144,143,141,153,152,150,144,143,141,148,147,144,954,2
153,152,150,144,143,141,148,147,144,144,143,141,327,1
153,152,150,144,143,141,135,134,131,144,143,141,353,2
144,143,141,135,134,131,144,143,141,137,136,133,926,1
144,143,141,135,134,131,144,143,141,146,145,143,898,2
135,134,131,144,143,141,151,150,148,144,143,141,373,1
135,134,131,144,143,141,153,152,150,144,143,141,473,1
153,152,150,144,143,141,153,152,150,144,143,141,264,1
153,152,150,144,143,141,135,134,131,144,143,141,419,2
144,143,141,135,134,131,144,143,141,144,143,141,930,2
144,143,141,135,134,131,144,143,141,144,143,141,402,2
144,143,141,144,143,141,144,143,141,139,138,135,674,1
144,143,141,153,152,150,144,143,141,151,150,148,593,2
135,134,131,144,143,141,153,152,150,144,143,141,506,1
153,152,150,144,143,141,135,134,131,144,143,141,551,2
144,143,141,135,134,131,144,143,141,143,141,139,104,1
144,143,141,144,143,141,144,143,141,150,149,146,53,2
144,143,141,144,143,141,144,143,141,144,143,141,644,1
144,143,141,144,143,141,135,134,131,144,143,141,12,2
135,134,131,144,143,141,137,136,133,144,143,141,761,2
144,143,141,144,143,141,144,143,141,141,140,137,972,1
144,143,141,135,134,131,144,143,141,150,149,146,273,2
144,143,141,144,143,141,144,143,141,146,145,143,579,2
144,143,141,153,152,150,144,143,141,150,149,146,559,2
153,152,150,144,143,141,143,141,139,144,143,141,753,2
144,143,141,135,134,131,144,143,141,153,152,150,935,2
135,134,131,144,143,141,150,149,146,144,143,141,9,1
144,143,141,144,143,141,151,150,148,144,143,141,285,1
153,152,150,144,143,141,139,138,135,144,143,141,916,2
144,143,141,153,152,150,144,143,141,148,147,144,525,2
144,143,141,144,143,141,148,147,144,144,143,141,844,1
144,143,141,135,134,131,144,143,141,153,152,150,869,2
144,143,141,135,134,131,144,143,141,139,138,135,267,1
144,143,141,144,143,141,144,143,141,148,147,144,811,2
135,134,131,144,143,141,139,138,135,144,143,141,3,2
144,143,141,144,143,141,144,143,141,143,141,139,247,1
144,143,141,144,143,141,144,143,141,135,134,131,969,1
144,143,141,144,143,141,153,152,150,144,143,141,352,1
144,143,141,153,152,150,144,143,141,143,141,139,324,1
153,152,150,144,143,141,151,150,148,144,143,141,32,1
153,152,150,144,143,141,141,140,137,144,143,141,191,2
144,143,141,144,143,141,148,147,144,144,143,141,448,1
144,143,141,144,143,141,151,150,148,144,143,141,516,1
135,134,131,144,143,141,137,136,133,144,143,141,2,2
144,143,141,135,134,131,144,143,141,146,145,143,436,2
144,143,141,144,143,141,144,143,141,144,143,141,149,1
135,134,131,144,143,141,135,134,131,144,143,141,298,2
144,143,141,144,143,141,144,143,141,135,134,131,474,1
144,143,141,153,152,150,144,143,141,137,136,133,24,1
153,152,150,144,143,141,135,134,131,144,143,141,320,2
144,143,141,153,152,150,144,143,141,146,145,143,623,2
153,152,150,144,143,141,139,138,135,144,143,141,553,2
135,134,131,144,143,141,143,141,139,144,143,141,5,2
144,143,141,144,143,141,144,143,141,151,150,148,879,2
144,143,141,144,143,141,148,147,144,144,143,141,481,1
153,152,150,144,143,141,151,150,148,144,143,141,362,1
135,134,131,144,143,141,143,141,139,144,143,141,137,2
144,143,141,144,143,141,144,143,141,150,149,146,284,2
144,143,141,144,143,141,144,143,141,135,134,131,705,1
144,143,141,153,152,150,144,143,141,139,138,135,652,1
153,152,150,144,143,141,143,141,139,144,143,141,654,2
144,143,141,144,143,141,144,143,141,143,141,139,709,1
144,143,141,144,143,141,139,138,135,144,143,141,113,2
153,152,150,144,143,141,153,152,150,144,143,141,957,1
144,143,141,135,134,131,144,143,141,153,152,150,308,2
153,152,150,144,143,141,144,143,141,144,143,141,787,1
144,143,141,135,134,131,144,143,141,151,150,148,802,2
144,143,141,144,143,141,144,143,141,143,141,139,181,1
153,152,150,144,143,141,141,140,137,144,143,141,257,2
135,134,131,144,143,141,135,134,131,144,143,141,34,2
144,143,141,144,143,141,144,143,141,135,134,131,540,1
144,143,141,153,152,150,144,143,141,144,143,141,556,2
144,143,141,135,134,131,144,143,141,148,147,144,371,2
144,143,141,153,152,150,144,143,141,143,141,139,918,1
135,134,131,144,143,141,137,136,133,144,143,141,530,2
144,143,141,144,143,141,144,143,141,144,143,141,116,1
135,134,131,144,143,141,135,134,131,144,143,141,1,2
144,143,141,144,143,141,144,143,141,144,143,141,941,1
144,143,141,144,143,141,144,143,141,137,136,133,541,1
135,134,131,144,143,141,143,141,139,144,143,141,302,2
135,134,131,144,143,141,151,150,148,144,143,141,604,1
144,143,141,135,134,131,144,143,141,137,136,133,68,1
144,143,141,144,143,141,144,143,141,139,138,135,47,1
135,134,131,144,143,141,151,150,148,144,143,141,307,1
144,143,141,144,143,141,135,134,131,144,143,141,375,2
144,143,141,144,143,141,144,143,141,143,141,139,544,1
153,152,150,144,143,141,135,134,131,144,143,141,848,2
135,134,131,144,143,141,137,136,133,144,143,141,893,2
144,143,141,144,143,141,144,143,141,141,140,137,81,1
144,143,141,153,152,150,144,143,141,144,143,141,358,2
144,143,141,144,143,141,143,141,139,144,143,141,775,2
144,143,141,144,143,141,144,143,141,137,136,133,46,1
144,143,141,144,143,141,144,143,141,137,136,133,310,1
153,152,150,144,143,141,137,136,133,144,143,141,189,2
135,134,131,144,143,141,141,140,137,144,143,141,829,2
144,143,141,135,134,131,144,143,141,151,150,148,703,2
153,152,150,144,143,141,137,136,133,144,143,141,519,2
144,143,141,144,143,141,144,143,141,135,134,131,408,1
135,134,131,144,143,141,143,141,139,144,143,141,170,2
144,143,141,144,143,141,144,143,141,153,152,150,55,2
144,143,141,153,152,150,144,143,141,150,149,146,97,2
144,143,141,135,134,131,144,143,141,141,140,137,895,1
153,152,150,144,143,141,151,150,148,144,143,141,725,1
153,152,150,144,143,141,153,152,150,144,143,141,825,1
144,143,141,144,143,141,139,138,135,144,143,141,377,2
144,143,141,135,134,131,144,143,141,148,147,144,800,2
153,152,150,144,143,141,137,136,133,144,143,141,717,2
135,134,131,144,143,141,139,138,135,144,143,141,729,2
144,143,141,153,152,150,144,143,141,135,134,131,287,1
144,143,141,135,134,131,144,143,141,148,147,144,536,2
135,134,131,144,143,141,153,152,150,144,143,141,539,1
153,152,150,144,143,141,151,150,148,144,143,141,329,1
144,143,141,144,143,141,144,143,141,144,143,141,281,1
135,134,131,144,143,141,139,138,135,144,143,141,894,2
153,152,150,144,143,141,146,145,143,144,143,141,161,1
144,143,141,153,152,150,144,143,141,143,141,139,456,1
135,134,131,144,143,141,135,134,131,144,143,141,628,2
144,143,141,144,143,141,144,143,141,153,152,150,187,2
144,143,141,135,134,131,144,143,141,143,141,139,863,1
135,134,131,144,143,141,137,136,133,144,143,141,233,2
144,143,141,153,152,150,144,143,141,135,134,131,188,1
153,152,150,144,143,141,141,140,137,144,143,141,917,2
144,143,141,144,143,141,151,150,148,144,143,141,54,1
144,143,141,153,152,150,144,143,141,148,147,144,822,2
144,143,141,153,152,150,144,143,141,146,145,143,458,2
135,134,131,144,143,141,150,149,146,144,143,141,141,1
153,152,150,144,143,141,148,147,144,144,143,141,855,1
144,143,141,144,143,141,144,143,141,151,150,148,912,2
153,152,150,144,143,141,135,134,131,144,143,141,584,2
135,134,131,144,143,141,139,138,135,144,143,141,333,2
135,134,131,144,143,141,137,136,133,144,143,141,596,2
144,143,141,135,134,131,144,143,141,146,145,143,535,2
144,143,141,144,143,141,144,143,141,143,141,139,412,1
144,143,141,135,134,131,144,143,141,141,140,137,4,1
144,143,141,144,143,141,137,136,133,144,143,141,13,2
135,134,131,144,143,141,137,136,133,144,143,141,794,2
135,134,131,144,143,141,153,152,150,144,143,141,902,1
144,143,141,135,134,131,144,143,141,144,143,141,138,2
153,152,150,144,143,141,141,140,137,144,143,141,158,2
144,143,141,144,143,141,144,143,141,150,149,146,218,2
144,143,141,135,134,131,144,143,141,151,150,148,109,2
135,134,131,144,143,141,150,149,146,144,143,141,933,1
144,143,141,144,143,141,153,152,150,144,143,141,286,1
144,143,141,135,134,131,144,143,141,137,136,133,728,1
144,143,141,144,143,141,146,145,143,144,143,141,117,1
153,152,150,144,143,141,151,150,148,144,143,141,890,1
135,134,131,144,143,141,135,134,131,144,143,141,727,2
144,143,141,153,152,150,144,143,141,137,136,133,420,1
144,143,141,144,143,141,144,143,141,143,141,139,511,1
144,143,141,153,152,150,144,143,141,150,149,146,394,2
153,152,150,144,143,141,150,149,146,144,143,141,724,1
135,134,131,144,143,141,137,136,133,144,143,141,860,2
144,143,141,153,152,150,144,143,141,151,150,148,197,2
135,134,131,144,143,141,139,138,135,144,143,141,795,2
153,152,150,144,143,141,153,152,150,144,143,141,660,1
144,143,141,144,143,141,153,152,150,144,143,141,913,1
135,134,131,144,143,141,141,140,137,144,143,141,796,2
135,134,131,144,143,141,153,152,150,144,143,141,110,1
144,143,141,153,152,150,144,143,141,153,152,150,924,2
144,143,141,135,134,131,144,143,141,141,140,137,466,1
144,143,141,144,143,141,144,143,141,146,145,143,777,2
144,143,141,135,134,131,144,143,141,141,140,137,400,1
135,134,131,144,143,141,139,138,135,144,143,141,234,2
144,143,141,144,143,141,144,143,141,148,147,144,19,2
144,143,141,135,134,131,144,143,141,141,140,137,70,1
153,152,150,144,143,141,137,136,133,144,143,141,618,2
144,143,141,144,143,141,148,147,144,144,143,141,250,1
144,143,141,153,152,150,144,143,141,143,141,139,885,1
135,134,131,144,143,141,153,152,150,144,143,141,341,1
144,143,141,153,152,150,144,143,141,143,141,139,687,1
144,143,141,135,134,131,144,143,141,135,134,131,430,1
135,134,131,144,143,141,148,147,144,144,143,141,404,1
153,152,150,144,143,141,153,152,150,144,143,141,66,1
144,143,141,144,143,141,141,140,137,144,143,141,48,2
144,143,141,135,134,131,144,143,141,139,138,135,102,1
144,143,141,135,134,131,144,143,141,143,141,139,665,1
144,143,141,135,134,131,144,143,141,151,150,148,439,2
144,143,141,144,143,141,144,143,141,153,152,150,583,2
144,143,141,135,134,131,144,143,141,151,150,148,736,2
144,143,141,144,143,141,144,143,141,137,136,133,937,1
144,143,141,144,143,141,144,143,141,151,150,148,186,2
144,143,141,135,134,131,144,143,141,146,145,143,667,2
144,143,141,144,143,141,144,143,141,150,149,146,614,2
144,143,141,153,152,150,144,143,141,148,147,144,558,2
144,143,141,135,134,131,144,143,141,153,152,150,275,2
144,143,141,135,134,131,144,143,141,146,145,143,964,2
144,143,141,144,143,141,137,136,133,144,143,141,475,2
144,143,141,144,143,141,139,138,135,144,143,141,278,2
144,143,141,144,143,141,144,143,141,135,134,131,639,1
135,134,131,144,143,141,135,134,131,144,143,141,661,2
144,143,141,144,143,141,153,152,150,144,143,141,616,1
144,143,141,153,152,150,144,143,141,137,136,133,783,1
144,143,141,144,143,141,151,150,148,144,143,141,153,1
135,134,131,144,143,141,148,147,144,144,143,141,74,1
144,143,141,135,134,131,144,143,141,151,150,148,571,2
135,134,131,144,143,141,144,143,141,144,143,141,237,1
135,134,131,144,143,141,150,149,146,144,143,141,339,1
144,143,141,135,134,131,144,143,141,141,140,137,598,1
144,143,141,144,143,141,144,143,141,141,140,137,675,1
144,143,141,135,134,131,144,143,141,143,141,139,698,1
144,143,141,144,143,141,148,147,144,144,143,141,910,1
144,143,141,144,143,141,150,149,146,144,143,141,812,1
144,143,141,135,134,131,144,143,141,141,140,137,268,1
144,143,141,135,134,131,144,143,141,150,149,146,768,2
144,143,141,144,143,141,143,141,139,144,143,141,676,2
135,134,131,144,143,141,137,136,133,144,143,141,695,2
144,143,141,144,143,141,148,147,144,144,143,141,52,1
144,143,141,144,143,141,137,136,133,144,143,141,409,2
144,143,141,135,134,131,144,143,141,151,150,148,538,2
144,143,141,153,152,150,144,143,141,148,147,144,789,2
144,143,141,135,134,131,144,143,141,153,152,150,11,2
144,143,141,153,152,150,144,143,141,143,141,139,984,1
144,143,141,153,152,150,144,143,141,148,147,144,690,2
144,143,141,144,143,141,141,140,137,144,143,141,609,2
144,143,141,135,134,131,144,143,141,146,145,143,139,2
153,152,150,144,143,141,153,152,150,144,143,141,132,1
144,143,141,144,143,141,139,138,135,144,143,141,179,2
144,143,141,144,143,141,153,152,150,144,143,141,550,1
144,143,141,144,143,141,137,136,133,144,143,141,244,2
153,152,150,144,143,141,153,152,150,144,143,141,858,1
153,152,150,144,143,141,148,147,144,144,143,141,888,1
144,143,141,144,143,141,151,150,148,144,143,141,945,1
144,143,141,135,134,131,144,143,141,144,143,141,435,2
144,143,141,153,152,150,144,143,141,146,145,143,722,2
153,152,150,144,143,141,139,138,135,144,143,141,685,2
144,143,141,135,134,131,144,143,141,151,150,148,868,2
144,143,141,135,134,131,144,143,141,146,145,143,865,2
144,143,141,135,134,131,144,143,141,151,150,148,175,2
153,152,150,144,143,141,148,147,144,144,143,141,360,1
153,152,150,144,143,141,153,152,150,144,143,141,627,1
144,143,141,153,152,150,144,143,141,153,152,150,165,2
144,143,141,135,134,131,144,143,141,139,138,135,432,1
144,143,141,135,134,131,144,143,141,144,143,141,765,2
135,134,131,144,143,141,150,149,146,144,143,141,900,1
153,152,150,144,143,141,144,143,141,144,143,141,127,1
144,143,141,153,152,150,144,143,141,144,143,141,886,2
144,143,141,144,143,141,144,143,141,148,147,144,151,2
144,143,141,135,134,131,144,143,141,151,150,148,769,2
153,152,150,144,143,141,139,138,135,144,143,141,322,2
153,152,150,144,143,141,137,136,133,144,143,141,684,2
144,143,141,144,143,141,144,143,141,144,143,141,875,1
144,143,141,135,134,131,144,143,141,143,141,139,368,1
135,134,131,144,143,141,139,138,135,144,143,141,597,2
153,152,150,144,143,141,139,138,135,144,143,141,520,2
135,134,131,144,143,141,153,152,150,144,143,141,770,1
144,143,141,135,134,131,144,143,141,141,140,137,763,1
135,134,131,144,143,141,144,143,141,144,143,141,171,1
135,134,131,144,143,141,148,147,144,144,143,141,965,1
153,152,150,144,143,141,144,143,141,144,143,141,490,1
153,152,150,144,143,141,150,149,146,144,143,141,658,1
144,143,141,144,143,141,144,143,141,144,143,141,314,1
144,143,141,144,143,141,144,143,141,146,145,143,909,2
135,134,131,144,143,141,141,140,137,144,143,141,928,2
144,143,141,144,143,141,139,138,135,144,143,141,80,2
153,152,150,144,143,141,153,152,150,144,143,141,726,1
144,143,141,153,152,150,144,143,141,139,138,135,124,1
144,143,141,153,152,150,144,143,141,153,152,150,297,2
144,143,141,144,143,141,151,150,148,144,143,141,252,1
144,143,141,153,152,150,144,143,141,141,140,137,455,1
144,143,141,144,143,141,144,143,141,148,147,144,613,2
144,143,141,153,152,150,144,143,141,148,147,144,261,2
153,152,150,144,143,141,137,136,133,144,143,141,321,2
153,152,150,144,143,141,146,145,143,144,143,141,689,1
144,143,141,153,152,150,144,143,141,150,149,146,691,2
144,143,141,144,143,141,153,152,150,144,143,141,154,1
135,134,131,144,143,141,144,143,141,144,143,141,732,1
144,143,141,153,152,150,144,143,141,146,145,143,62,2
135,134,131,144,143,141,144,143,141,144,143,141,666,1
144,143,141,153,152,150,144,143,141,141,140,137,389,1
153,152,150,144,143,141,143,141,139,144,143,141,126,2
144,143,141,135,134,131,144,143,141,141,140,137,103,1
144,143,141,144,143,141,144,143,141,150,149,146,119,2
144,143,141,153,152,150,144,143,141,137,136,133,915,1
153,152,150,144,143,141,139,138,135,144,143,141,355,2
144,143,141,153,152,150,144,143,141,137,136,133,453,1
135,134,131,144,143,141,151,150,148,144,143,141,967,1
153,152,150,144,143,141,137,136,133,144,143,141,816,2
144,143,141,144,143,141,141,140,137,144,143,141,213,2
144,143,141,144,143,141,144,143,141,150,149,146,548,2
144,143,141,135,134,131,144,143,141,151,150,148,934,2
135,134,131,144,143,141,143,141,139,144,143,141,764,2
144,143,141,144,143,141,144,143,141,137,136,133,970,1
144,143,141,153,152,150,144,143,141,135,134,131,980,1
144,143,141,144,143,141,150,149,146,144,143,141,944,1
144,143,141,153,152,150,144,143,141,153,152,150,198,2
144,143,141,153,152,150,144,143,141,153,152,150,594,2
144,143,141,144,143,141,144,143,141,143,141,139,115,1
153,152,150,144,143,141,151,150,148,144,143,141,923,1
144,143,141,135,134,131,144,143,141,148,147,144,569,2
144,143,141,153,152,150,144,143,141,153,152,150,429,2
153,152,150,144,143,141,144,143,141,144,143,141,94,1
144,143,141,135,134,131,144,143,141,148,147,144,140,2
135,134,131,144,143,141,135,134,131,144,143,141,166,2
144,143,141,135,134,131,144,143,141,153,152,150,143,2
144,143,141,144,143,141,144,143,141,144,143,141,908,2
144,143,141,144,143,141,151,150,148,144,143,141,483,1
144,143,141,144,143,141,144,143,141,144,143,141,479,1
144,143,141,135,134,131,144,143,141,148,147,144,635,2
144,143,141,144,143,141,151,150,148,144,143,141,120,1
144,143,141,144,143,141,137,136,133,144,143,141,211,2
144,143,141,153,152,150,144,143,141,144,143,141,688,2
144,143,141,153,152,150,144,143,141,139,138,135,850,1
144,143,141,135,134,131,144,143,141,148,147,144,107,2
144,143,141,144,143,141,146,145,143,144,143,141,18,1
144,143,141,153,152,150,144,143,141,143,141,139,786,1
135,134,131,144,143,141,153,152,150,144,143,141,440,1
144,143,141,135,134,131,144,143,141,135,134,131,529,1
144,143,141,144,143,141,144,143,141,148,147,144,349,2
144,143,141,144,143,141,144,143,141,144,143,141,974,2
135,134,131,144,143,141,143,141,139,144,143,141,929,2
153,152,150,144,143,141,144,143,141,144,143,141,28,1
144,143,141,153,152,150,144,143,141,150,149,146,295,2
153,152,150,144,143,141,143,141,139,144,143,141,423,2
144,143,141,135,134,131,144,143,141,150,149,146,75,2
144,143,141,144,143,141,139,138,135,144,143,141,443,2
144,143,141,144,143,141,144,143,141,150,149,146,845,2
144,143,141,144,143,141,144,143,141,150,149,146,680,2
144,143,141,144,143,141,144,143,141,139,138,135,542,1
153,152,150,144,143,141,141,140,137,144,143,141,620,2
144,143,141,153,152,150,144,143,141,144,143,141,424,2
144,143,141,144,143,141,144,143,141,148,147,144,580,2
144,143,141,135,134,131,144,143,141,139,138,135,366,1
144,143,141,153,152,150,144,143,141,135,134,131,749,1
135,134,131,144,143,141,146,145,143,144,143,141,799,1
144,143,141,144,143,141,135,134,131,144,143,141,144,2
144,143,141,153,152,150,144,143,141,139,138,135,817,1
144,143,141,144,143,141,141,140,137,144,143,141,939,2
144,143,141,144,143,141,144,143,141,139,138,135,773,1
135,134,131,144,143,141,141,140,137,144,143,141,136,2
144,143,141,144,143,141,144,143,141,146,145,143,744,2
144,143,141,135,134,131,144,143,141,151,150,148,637,2
144,143,141,144,143,141,143,141,139,144,143,141,379,2
144,143,141,135,134,131,144,143,141,135,134,131,496,1
144,143,141,144,143,141,143,141,139,144,143,141,610,2
144,143,141,135,134,131,144,143,141,153,152,150,803,2
144,143,141,144,143,141,144,143,141,153,152,150,814,2
135,134,131,144,143,141,150,149,146,144,143,141,801,1
144,143,141,153,152,150,144,143,141,143,141,139,93,1
144,143,141,135,134,131,144,143,141,146,145,143,40,2
144,143,141,144,143,141,146,145,143,144,143,141,216,1
153,152,150,144,143,141,139,138,135,144,143,141,586,2
144,143,141,144,143,141,144,143,141,143,141,139,940,1
144,143,141,135,134,131,144,143,141,144,143,141,864,2
144,143,141,144,143,141,144,143,141,151,150,148,549,2
144,143,141,153,152,150,144,143,141,151,150,148,131,2
144,143,141,135,134,131,144,143,141,135,134,131,562,1
153,152,150,144,143,141,135,134,131,144,143,141,89,2
144,143,141,144,143,141,144,143,141,144,143,141,578,1
153,152,150,144,143,141,143,141,139,144,143,141,720,2
144,143,141,144,143,141,144,143,141,143,141,139,280,1
144,143,141,153,152,150,144,143,141,135,134,131,155,1
144,143,141,153,152,150,144,143,141,137,136,133,255,1
144,143,141,144,143,141,144,143,141,141,140,137,642,1
153,152,150,144,143,141,151,150,148,144,143,141,230,1
144,143,141,153,152,150,144,143,141,144,143,141,655,2
144,143,141,144,143,141,151,150,148,144,143,141,351,1
144,143,141,153,152,150,144,143,141,153,152,150,990,2
135,134,131,144,143,141,146,145,143,144,143,141,568,1
153,152,150,144,143,141,146,145,143,144,143,141,656,1
153,152,150,144,143,141,143,141,139,144,143,141,390,2
144,143,141,135,134,131,144,143,141,151,150,148,901,2
153,152,150,144,143,141,139,138,135,144,143,141,949,2
144,143,141,144,143,141,144,143,141,146,145,143,645,2
144,143,141,135,134,131,144,143,141,144,143,141,336,2
144,143,141,135,134,131,144,143,141,151,150,148,274,2
144,143,141,153,152,150,144,143,141,137,136,133,981,1
144,143,141,144,143,141,141,140,137,144,143,141,147,2
153,152,150,144,143,141,143,141,139,144,143,141,60,2
144,143,141,144,143,141,150,149,146,144,143,141,317,1
135,134,131,144,143,141,153,152,150,144,143,141,209,1
144,143,141,153,152,150,144,143,141,144,143,141,523,2
144,143,141,144,143,141,139,138,135,144,143,141,344,2
144,143,141,153,152,150,144,143,141,151,150,148,824,2
144,143,141,135,134,131,144,143,141,151,150,148,340,2
144,143,141,144,143,141,144,143,141,141,140,137,741,1
153,152,150,144,143,141,150,149,146,144,143,141,196,1
153,152,150,144,143,141,150,149,146,144,143,141,988,1
144,143,141,144,143,141,144,143,141,148,147,144,382,2
144,143,141,144,143,141,146,145,143,144,143,141,84,1
144,143,141,153,152,150,144,143,141,148,147,144,162,2
144,143,141,144,143,141,144,143,141,144,143,141,611,2
144,143,141,153,152,150,144,143,141,135,134,131,452,1
153,152,150,144,143,141,137,136,133,144,143,141,387,2
135,134,131,144,143,141,150,149,146,144,143,141,504,1
153,152,150,144,143,141,135,134,131,144,143,141,56,2
144,143,141,144,143,141,135,134,131,144,143,141,771,2
144,143,141,153,152,150,144,143,141,151,150,148,956,2
144,143,141,153,152,150,144,143,141,150,149,146,361,2
144,143,141,135,134,131,144,143,141,146,145,143,73,2
144,143,141,153,152,150,144,143,141,137,136,133,123,1
144,143,141,144,143,141,144,143,141,137,136,133,607,1
144,143,141,144,143,141,144,143,141,135,134,131,342,1
144,143,141,144,143,141,141,140,137,144,143,141,279,2
144,143,141,144,143,141,144,143,141,146,145,143,249,2
144,143,141,135,134,131,144,143,141,139,138,135,399,1
144,143,141,144,143,141,144,143,141,141,140,137,873,1
144,143,141,153,152,150,144,143,141,146,145,143,920,2
135,134,131,144,143,141,153,152,150,144,143,141,44,1
144,143,141,144,143,141,135,134,131,144,143,141,804,2
144,143,141,153,152,150,144,143,141,141,140,137,92,1
144,143,141,153,152,150,144,143,141,151,150,148,857,2
144,143,141,144,143,141,144,143,141,153,152,150,847,2
144,143,141,144,143,141,141,140,137,144,143,141,510,2
144,143,141,153,152,150,144,143,141,137,136,133,486,1
144,143,141,144,143,141,150,149,146,144,143,141,416,1
144,143,141,135,134,131,144,143,141,135,134,131,331,1
144,143,141,144,143,141,144,143,141,137,136,133,343,1
144,143,141,135,134,131,144,143,141,150,149,146,207,2
144,143,141,153,152,150,144,143,141,150,149,146,64,2
144,143,141,153,152,150,144,143,141,137,136,133,948,1
144,143,141,153,152,150,144,143,141,144,143,141,160,2
144,143,141,144,143,141,144,143,141,137,136,133,508,1
153,152,150,144,143,141,141,140,137,144,143,141,323,2
153,152,150,144,143,141,148,147,144,144,143,141,624,1
144,143,141,144,143,141,150,149,146,144,143,141,482,1
144,143,141,144,143,141,153,152,150,144,143,141,121,1
135,134,131,144,143,141,150,149,146,144,143,141,537,1
153,152,150,144,143,141,150,149,146,144,143,141,163,1
144,143,141,144,143,141,144,143,141,139,138,135,971,1
144,143,141,135,134,131,144,143,141,151,150,148,43,2
144,143,141,144,143,141,144,143,141,144,143,141,380,2
135,134,131,144,143,141,139,138,135,144,143,141,663,2
144,143,141,153,152,150,144,143,141,153,152,150,693,2
144,143,141,135,134,131,144,143,141,148,147,144,899,2
144,143,141,144,143,141,144,143,141,148,147,144,118,2
144,143,141,153,152,150,144,143,141,153,152,150,330,2
144,143,141,144,143,141,137,136,133,144,143,141,145,2
153,152,150,144,143,141,137,136,133,144,143,141,288,2
135,134,131,144,143,141,150,149,146,144,143,141,405,1
144,143,141,135,134,131,144,143,141,143,141,139,71,1
144,143,141,144,143,141,144,143,141,139,138,135,476,1
153,152,150,144,143,141,150,149,146,144,143,141,955,1
144,143,141,144,143,141,144,143,141,137,136,133,574,1
144,143,141,144,143,141,144,143,141,146,145,143,678,2
144,143,141,153,152,150,144,143,141,139,138,135,454,1
144,143,141,144,143,141,144,143,141,143,141,139,82,1
144,143,141,135,134,131,144,143,141,137,136,133,497,1
144,143,141,153,152,150,144,143,141,151,150,148,758,2
144,143,141,144,143,141,144,143,141,146,145,143,414,2
144,143,141,144,143,141,139,138,135,144,143,141,707,2
135,134,131,144,143,141,148,147,144,144,143,141,602,1
144,143,141,135,134,131,144,143,141,143,141,139,797,1
144,143,141,153,152,150,144,143,141,151,150,148,494,2
135,134,131,144,143,141,139,138,135,144,143,141,36,2
144,143,141,144,143,141,144,143,141,137,136,133,871,1
144,143,141,144,143,141,144,143,141,146,145,143,711,2
153,152,150,144,143,141,151,150,148,144,143,141,296,1
153,152,150,144,143,141,135,134,131,144,143,141,386,2
144,143,141,135,134,131,144,143,141,151,150,148,10,2
144,143,141,144,143,141,143,141,139,144,143,141,841,2
144,143,141,135,134,131,144,143,141,135,134,131,793,1
144,143,141,144,143,141,143,141,139,144,143,141,478,2
153,152,150,144,143,141,143,141,139,144,143,141,27,2
144,143,141,135,134,131,144,143,141,146,145,143,502,2
144,143,141,153,152,150,144,143,141,153,152,150,561,2
144,143,141,135,134,131,144,143,141,148,147,144,668,2
144,143,141,144,143,141,150,149,146,144,143,141,878,1
144,143,141,144,143,141,150,149,146,144,143,141,911,1
144,143,141,144,143,141,135,134,131,144,143,141,309,2
144,143,141,153,152,150,144,143,141,148,147,144,987,2
144,143,141,135,134,131,144,143,141,141,140,137,565,1
144,143,141,144,143,141,144,143,141,146,145,143,843,2
135,134,131,144,143,141,135,134,131,144,143,141,760,2
135,134,131,144,143,141,143,141,139,144,143,141,335,2
135,134,131,144,143,141,153,152,150,144,143,141,671,1
153,152,150,144,143,141,141,140,137,144,143,141,785,2
144,143,141,135,134,131,144,143,141,139,138,135,168,1
144,143,141,135,134,131,144,143,141,143,141,139,731,1
144,143,141,153,152,150,144,143,141,139,138,135,751,1
144,143,141,135,134,131,144,143,141,148,147,144,206,2
153,152,150,144,143,141,146,145,143,144,143,141,953,1
144,143,141,144,143,141,141,140,137,144,143,141,576,2
144,143,141,144,143,141,139,138,135,144,143,141,575,2
144,143,141,144,143,141,144,143,141,143,141,139,742,1
144,143,141,144,143,141,151,150,148,144,143,141,681,1
144,143,141,153,152,150,144,143,141,150,149,146,790,2
144,143,141,144,143,141,144,143,141,139,138,135,641,1
144,143,141,144,143,141,141,140,137,144,143,141,411,2
153,152,150,144,143,141,141,140,137,144,143,141,983,2
144,143,141,144,143,141,135,134,131,144,143,141,210,2
144,143,141,153,152,150,144,143,141,150,149,146,328,2
144,143,141,144,143,141,141,140,137,144,143,141,15,2
144,143,141,144,143,141,139,138,135,144,143,141,839,2
135,134,131,144,143,141,141,140,137,144,143,141,334,2
144,143,141,135,134,131,144,143,141,139,138,135,630,1
144,143,141,135,134,131,144,143,141,151,150,148,670,2
144,143,141,135,134,131,144,143,141,153,152,150,968,2
135,134,131,144,143,141,148,147,144,144,143,141,338,1
153,152,150,144,143,141,141,140,137,144,143,141,488,2
153,152,150,144,143,141,135,134,131,144,143,141,254,2
144,143,141,135,134,131,144,143,141,135,134,131,232,1
153,152,150,144,143,141,153,152,150,144,143,141,891,1
153,152,150,144,143,141,153,152,150,144,143,141,231,1
144,143,141,153,152,150,144,143,141,153,152,150,363,2
144,143,141,153,152,150,144,143,141,146,145,143,557,2
135,134,131,144,143,141,151,150,148,144,143,141,208,1
153,152,150,144,143,141,151,150,148,144,143,141,560,1
153,152,150,144,143,141,146,145,143,144,143,141,359,1
144,143,141,135,134,131,144,143,141,135,134,131,958,1
144,143,141,144,143,141,144,143,141,139,138,135,872,1
135,134,131,144,143,141,139,138,135,144,143,141,531,2
153,152,150,144,143,141,144,143,141,144,143,141,721,1
144,143,141,135,134,131,144,143,141,148,147,144,41,2
135,134,131,144,143,141,144,143,141,144,143,141,369,1
144,143,141,153,152,150,144,143,141,135,134,131,221,1
144,143,141,153,152,150,144,143,141,151,150,148,692,2
135,134,131,144,143,141,139,138,135,144,143,141,861,2
153,152,150,144,143,141,144,143,141,144,143,141,985,1
144,143,141,144,143,141,144,143,141,139,138,135,212,1
144,143,141,144,143,141,144,143,141,135,134,131,870,1
135,134,131,144,143,141,150,149,146,144,143,141,438,1
144,143,141,135,134,131,144,143,141,143,141,139,830,1
144,143,141,144,143,141,146,145,143,144,143,141,348,1
144,143,141,153,152,150,144,143,141,144,143,141,754,2
144,143,141,144,143,141,137,136,133,144,143,141,772,2
135,134,131,144,143,141,141,140,137,144,143,141,631,2
144,143,141,153,152,150,144,143,141,141,140,137,521,1
135,134,131,144,143,141,143,141,139,144,143,141,203,2
144,143,141,153,152,150,144,143,141,153,152,150,759,2
135,134,131,144,143,141,151,150,148,144,143,141,835,1
144,143,141,135,134,131,144,143,141,150,149,146,570,2
144,143,141,135,134,131,144,143,141,150,149,146,603,2
144,143,141,144,143,141,150,149,146,144,143,141,449,1
144,143,141,153,152,150,144,143,141,148,147,144,492,2
135,134,131,144,143,141,153,152,150,144,143,141,242,1
144,143,141,153,152,150,144,143,141,141,140,137,26,1
135,134,131,144,143,141,150,149,146,144,143,141,735,1
144,143,141,144,143,141,144,143,141,141,140,137,543,1
144,143,141,144,143,141,139,138,135,144,143,141,905,2
144,143,141,144,143,141,135,134,131,144,143,141,672,2
144,143,141,153,152,150,144,143,141,148,147,144,459,2
144,143,141,144,143,141,148,147,144,144,143,141,514,1
144,143,141,144,143,141,144,143,141,141,140,137,345,1
153,152,150,144,143,141,135,134,131,144,143,141,716,2
144,143,141,153,152,150,144,143,141,150,149,146,889,2
153,152,150,144,143,141,150,149,146,144,143,141,856,1
135,134,131,144,143,141,135,134,131,144,143,141,265,2
144,143,141,144,143,141,146,145,143,144,143,141,810,1
144,143,141,153,152,150,144,143,141,153,152,150,396,2
144,143,141,135,134,131,144,143,141,150,149,146,702,2
135,134,131,144,143,141,146,145,143,144,143,141,601,1
144,143,141,153,152,150,144,143,141,150,149,146,625,2
144,143,141,135,134,131,144,143,141,150,149,146,867,2
144,143,141,153,152,150,144,143,141,148,147,144,129,2
144,143,141,153,152,150,144,143,141,141,140,137,719,1
153,152,150,144,143,141,141,140,137,144,143,141,653,2
144,143,141,144,143,141,144,143,141,151,150,148,219,2
144,143,141,144,143,141,144,143,141,146,145,143,975,2
144,143,141,153,152,150,144,143,141,144,143,141,259,2
144,143,141,135,134,131,144,143,141,148,147,144,734,2
153,152,150,144,143,141,151,150,148,144,143,141,659,1
144,143,141,144,143,141,143,141,139,144,143,141,643,2
153,152,150,144,143,141,151,150,148,144,143,141,791,1
153,152,150,144,143,141,143,141,139,144,143,141,225,2
144,143,141,144,143,141,144,143,141,144,143,141,347,2
144,143,141,153,152,150,144,143,141,146,145,143,260,2
144,143,141,144,143,141,137,136,133,144,143,141,706,2
144,143,141,144,143,141,144,143,141,144,143,141,545,1
153,152,150,144,143,141,137,136,133,144,143,141,552,2
135,134,131,144,143,141,144,143,141,144,143,141,963,1
144,143,141,153,152,150,144,143,141,148,147,144,921,2
144,143,141,135,134,131,144,143,141,148,147,144,437,2
153,152,150,144,143,141,150,149,146,144,143,141,823,1
144,143,141,153,152,150,144,143,141,141,140,137,59,1
153,152,150,144,143,141,144,143,141,144,143,141,853,1
144,143,141,135,134,131,144,143,141,141,140,137,433,1
144,143,141,144,143,141,144,143,141,143,141,139,577,1
144,143,141,144,143,141,144,143,141,135,134,131,903,1
144,143,141,144,143,141,144,143,141,151,150,148,21,2
153,152,150,144,143,141,144,143,141,144,143,141,325,1
144,143,141,135,134,131,144,143,141,148,147,144,272,2
153,152,150,144,143,141,135,134,131,144,143,141,617,2
153,152,150,144,143,141,139,138,135,144,143,141,784,2
144,143,141,144,143,141,144,143,141,153,152,150,484,2
153,152,150,144,143,141,153,152,150,144,143,141,792,1
153,152,150,144,143,141,146,145,143,144,143,141,194,1
144,143,141,144,143,141,146,145,143,144,143,141,183,1
153,152,150,144,143,141,146,145,143,144,143,141,986,1
144,143,141,144,143,141,144,143,141,151,150,148,714,2
144,143,141,153,152,150,144,143,141,139,138,135,388,1
135,134,131,144,143,141,144,143,141,144,143,141,600,1
144,143,141,153,152,150,144,143,141,146,145,143,425,2
144,143,141,144,143,141,143,141,139,144,143,141,16,2
135,134,131,144,143,141,141,140,137,144,143,141,499,2
144,143,141,144,143,141,144,143,141,137,136,133,838,1
135,134,131,144,143,141,146,145,143,144,143,141,766,1
144,143,141,153,152,150,144,143,141,146,145,143,227,2
144,143,141,153,152,150,144,143,141,148,147,144,426,2
144,143,141,153,152,150,144,143,141,144,143,141,919,2
153,152,150,144,143,141,146,145,143,144,143,141,128,1
144,143,141,153,152,150,144,143,141,143,141,139,852,1
144,143,141,144,143,141,143,141,139,144,143,141,445,2
144,143,141,144,143,141,135,134,131,144,143,141,45,2
144,143,141,144,143,141,144,143,141,144,143,141,248,1
153,152,150,144,143,141,144,143,141,144,143,141,292,1
144,143,141,144,143,141,144,143,141,141,140,137,180,1
135,134,131,144,143,141,146,145,143,144,143,141,337,1
135,134,131,144,143,141,146,145,143,144,143,141,634,1
144,143,141,135,134,131,144,143,141,135,134,131,364,1
135,134,131,144,143,141,153,152,150,144,143,141,77,1
144,143,141,144,143,141,146,145,143,144,143,141,282,1
144,143,141,144,143,141,151,150,148,144,143,141,978,1
135,134,131,144,143,141,139,138,135,144,143,141,564,2
144,143,141,135,134,131,144,143,141,137,136,133,299,1
144,143,141,144,143,141,151,150,148,144,143,141,318,1
153,152,150,144,143,141,148,147,144,144,143,141,294,1
144,143,141,144,143,141,144,143,141,143,141,139,214,1
135,134,131,144,143,141,143,141,139,144,143,141,566,2
144,143,141,153,152,150,144,143,141,141,140,137,224,1
144,143,141,135,134,131,144,143,141,137,136,133,827,1
144,143,141,144,143,141,148,147,144,144,143,141,712,1
144,143,141,153,152,150,144,143,141,137,136,133,156,1
144,143,141,144,143,141,144,143,141,144,143,141,809,1
144,143,141,135,134,131,144,143,141,151,150,148,472,2
144,143,141,135,134,131,144,143,141,146,145,143,304,2
144,143,141,144,143,141,144,143,141,143,141,139,808,1
153,152,150,144,143,141,148,147,144,144,143,141,591,1
153,152,150,144,143,141,150,149,146,144,143,141,229,1
135,134,131,144,143,141,150,149,146,144,143,141,174,1
144,143,141,135,134,131,144,143,141,148,147,144,173,2
144,143,141,153,152,150,144,143,141,153,152,150,495,2
144,143,141,135,134,131,144,143,141,139,138,135,927,1
153,152,150,144,143,141,143,141,139,144,143,141,357,2
144,143,141,144,143,141,144,143,141,143,141,139,148,1
135,134,131,144,143,141,141,140,137,144,143,141,730,2
135,134,131,144,143,141,135,134,131,144,143,141,925,2
144,143,141,153,152,150,144,143,141,148,147,144,393,2
144,143,141,153,152,150,144,143,141,144,143,141,820,2
144,143,141,144,143,141,144,143,141,144,143,141,677,1
135,134,131,144,143,141,143,141,139,144,143,141,599,2
144,143,141,144,143,141,144,143,141,146,145,143,513,2
144,143,141,144,143,141,139,138,135,144,143,141,146,2
144,143,141,144,143,141,139,138,135,144,143,141,14,2
144,143,141,144,143,141,144,143,141,144,143,141,446,1
144,143,141,153,152,150,144,143,141,146,145,143,590,2
144,143,141,135,134,131,144,143,141,143,141,139,38,1
144,143,141,144,143,141,144,143,141,151,150,148,846,2
135,134,131,144,143,141,148,147,144,144,143,141,767,1
144,143,141,153,152,150,144,143,141,135,134,131,485,1
144,143,141,144,143,141,144,143,141,135,134,131,78,1
153,152,150,144,143,141,146,145,143,144,143,141,524,1
153,152,150,144,143,141,139,138,135,144,143,141,91,2
135,134,131,144,143,141,146,145,143,144,143,141,832,1
144,143,141,153,152,150,144,143,141,141,140,137,422,1
144,143,141,135,134,131,144,143,141,144,143,141,270,2
153,152,150,144,143,141,143,141,139,144,143,141,555,2
144,143,141,135,134,131,144,143,141,135,134,131,892,1
135,134,131,144,143,141,139,138,135,144,143,141,696,2
144,143,141,144,143,141,141,140,137,144,143,141,840,2
144,143,141,144,143,141,144,143,141,135,134,131,111,1
144,143,141,144,143,141,148,147,144,144,143,141,877,1
144,143,141,153,152,150,144,143,141,135,134,131,650,1
144,143,141,135,134,131,144,143,141,139,138,135,135,1
144,143,141,153,152,150,144,143,141,135,134,131,518,1
135,134,131,144,143,141,143,141,139,144,143,141,896,2
135,134,131,144,143,141,148,147,144,144,143,141,470,1
144,143,141,144,143,141,135,134,131,144,143,141,276,2
144,143,141,153,152,150,144,143,141,139,138,135,190,1
144,143,141,144,143,141,143,141,139,144,143,141,313,2
144,143,141,144,143,141,143,141,139,144,143,141,907,2
153,152,150,144,143,141,139,138,135,144,143,141,58,2
144,143,141,153,152,150,144,143,141,139,138,135,421,1
144,143,141,153,152,150,144,143,141,148,147,144,657,2
153,152,150,144,143,141,139,138,135,144,143,141,223,2
144,143,141,144,143,141,153,152,150,144,143,141,715,1
144,143,141,144,143,141,139,138,135,144,143,141,311,2
144,143,141,153,152,150,144,143,141,143,141,139,621,1
144,143,141,153,152,150,144,143,141,141,140,137,587,1
144,143,141,153,152,150,144,143,141,146,145,143,821,2
144,143,141,135,134,131,144,143,141,148,147,144,239,2
144,143,141,144,143,141,153,152,150,144,143,141,649,1
144,143,141,144,143,141,153,152,150,144,143,141,517,1
153,152,150,144,143,141,137,136,133,144,143,141,90,2
153,152,150,144,143,141,150,149,146,144,143,141,922,1
144,143,141,135,134,131,144,143,141,148,147,144,305,2
135,134,131,144,143,141,141,140,137,144,143,141,169,2
144,143,141,153,152,150,144,143,141,148,147,144,723,2
135,134,131,144,143,141,144,143,141,144,143,141,897,1
144,143,141,144,143,141,144,143,141,150,149,146,350,2
153,152,150,144,143,141,143,141,139,144,143,141,258,2
144,143,141,144,143,141,144,143,141,135,134,131,738,1
144,143,141,135,134,131,144,143,141,148,147,144,833,2
135,134,131,144,143,141,137,136,133,144,143,141,365,2
144,143,141,144,143,141,144,143,141,151,150,148,417,2
144,143,141,144,143,141,144,143,141,137,136,133,442,1
144,143,141,144,143,141,148,147,144,144,143,141,679,1
153,152,150,144,143,141,139,138,135,144,143,141,25,2
144,143,141,144,143,141,144,143,141,137,136,133,178,1
144,143,141,144,143,141,144,143,141,141,140,137,774,1
144,143,141,135,134,131,144,143,141,146,145,143,172,2
144,143,141,153,152,150,144,143,141,135,134,131,947,1
144,143,141,144,143,141,144,143,141,137,136,133,277,1
153,152,150,144,143,141,135,134,131,144,143,141,815,2
144,143,141,135,134,131,144,143,141,151,150,148,241,2
144,143,141,144,143,141,144,143,141,141,140,137,708,1
153,152,150,144,143,141,137,136,133,144,143,141,882,2
144,143,141,144,143,141,144,143,141,144,143,141,710,1
153,152,150,144,143,141,146,145,143,144,143,141,95,1
144,143,141,153,152,150,144,143,141,144,143,141,622,2
144,143,141,135,134,131,144,143,141,139,138,135,762,1
144,143,141,153,152,150,144,143,141,151,150,148,626,2
144,143,141,144,143,141,150,149,146,144,143,141,977,1
144,143,141,135,134,131,144,143,141,143,141,139,962,1
144,143,141,144,143,141,153,152,150,144,143,141,682,1
144,143,141,144,143,141,144,143,141,151,150,148,780,2
153,152,150,144,143,141,143,141,139,144,143,141,588,2
135,134,131,144,143,141,137,136,133,144,143,141,464,2
144,143,141,135,134,131,144,143,141,146,145,143,469,2
135,134,131,144,143,141,137,136,133,144,143,141,662,2
144,143,141,144,143,141,144,143,141,137,136,133,112,1
135,134,131,144,143,141,150,149,146,144,143,141,240,1
153,152,150,144,143,141,151,150,148,144,143,141,65,1
144,143,141,144,143,141,144,143,141,144,143,141,512,2
144,143,141,144,143,141,141,140,137,144,143,141,246,2
144,143,141,135,134,131,144,143,141,151,150,148,505,2
144,143,141,135,134,131,144,143,141,135,134,131,199,1
144,143,141,153,152,150,144,143,141,139,138,135,289,1
144,143,141,153,152,150,144,143,141,148,147,144,96,2
144,143,141,153,152,150,144,143,141,141,140,137,125,1
153,152,150,144,143,141,135,134,131,144,143,141,782,2
144,143,141,153,152,150,144,143,141,150,149,146,460,2
144,143,141,135,134,131,144,143,141,153,152,150,638,2
144,143,141,153,152,150,144,143,141,148,147,144,756,2
144,143,141,144,143,141,144,143,141,150,149,146,515,2
144,143,141,135,134,131,144,143,141,153,152,150,176,2
144,143,141,135,134,131,144,143,141,137,136,133,101,1
144,143,141,153,152,150,144,143,141,148,147,144,30,2
153,152,150,144,143,141,150,149,146,144,143,141,592,1
144,143,141,144,143,141,146,145,143,144,143,141,447,1
144,143,141,144,143,141,144,143,141,139,138,135,938,1
144,143,141,144,143,141,144,143,141,143,141,139,49,1
135,134,131,144,143,141,141,140,137,144,143,141,697,2
135,134,131,144,143,141,141,140,137,144,143,141,532,2
144,143,141,144,143,141,135,134,131,144,143,141,507,2
135,134,131,144,143,141,141,140,137,144,143,141,202,2
144,143,141,135,134,131,144,143,141,151,150,148,406,2
153,152,150,144,143,141,150,149,146,144,143,141,757,1
153,152,150,144,143,141,151,150,148,144,143,141,989,1
144,143,141,135,134,131,144,143,141,137,136,133,629,1
144,143,141,153,152,150,144,143,141,137,136,133,750,1
144,143,141,135,134,131,144,143,141,143,141,139,236,1
144,143,141,144,143,141,144,143,141,144,143,141,215,1
144,143,141,144,143,141,146,145,143,144,143,141,612,1
144,143,141,135,134,131,144,143,141,144,143,141,534,2
