90,90,90,100,100,100,110,110,110,100,100,100,374,1
100,100,100,100,100,100,110,110,110,100,100,100,550,1
100,100,100,90,90,90,100,100,100,92,92,92,662,1
100,100,100,90,90,90,100,100,100,100,100,100,633,2
110,110,110,100,100,100,98,98,98,100,100,100,258,2
100,100,100,100,100,100,106,106,106,100,100,100,977,1
100,100,100,110,110,110,100,100,100,108,108,108,560,2
100,100,100,100,100,100,106,106,106,100,100,100,944,1
100,100,100,110,110,110,100,100,100,94,94,94,256,1
100,100,100,100,100,100,102,102,102,100,100,100,216,1
90,90,90,100,100,100,96,96,96,100,100,100,136,2
100,100,100,110,110,110,100,100,100,110,110,110,330,2
100,100,100,110,110,110,100,100,100,104,104,104,96,2
100,100,100,110,110,110,100,100,100,102,102,102,392,2
110,110,110,100,100,100,102,102,102,100,100,100,62,1
110,110,110,100,100,100,108,108,108,100,100,100,131,1
90,90,90,100,100,100,90,90,90,100,100,100,232,2
100,100,100,110,110,110,100,100,100,94,94,94,619,1
100,100,100,100,100,100,96,96,96,100,100,100,510,2
100,100,100,110,110,110,100,100,100,100,100,100,787,2
100,100,100,100,100,100,104,104,104,100,100,100,118,1
90,90,90,100,100,100,96,96,96,100,100,100,301,2
100,100,100,90,90,90,100,100,100,104,104,104,272,2
100,100,100,90,90,90,100,100,100,100,100,100,765,2
100,100,100,100,100,100,100,100,100,102,102,102,876,2
100,100,100,110,110,110,100,100,100,92,92,92,816,1
110,110,110,100,100,100,100,100,100,100,100,100,94,1
90,90,90,100,100,100,100,100,100,100,100,100,831,1
100,100,100,90,90,90,100,100,100,108,108,108,340,2
100,100,100,100,100,100,108,108,108,100,100,100,483,1
110,110,110,100,100,100,104,104,104,100,100,100,327,1
100,100,100,90,90,90,100,100,100,106,106,106,273,2
110,110,110,100,100,100,106,106,106,100,100,100,31,1
100,100,100,100,100,100,108,108,108,100,100,100,648,1
100,100,100,90,90,90,100,100,100,92,92,92,101,1
110,110,110,100,100,100,106,106,106,100,100,100,691,1
100,100,100,110,110,110,100,100,100,110,110,110,990,2
100,100,100,110,110,110,100,100,100,106,106,106,295,2
100,100,100,100,100,100,100,100,100,102,102,102,18,2
100,100,100,90,90,90,100,100,100,102,102,102,964,2
90,90,90,100,100,100,94,94,94,100,100,100,894,2
100,100,100,90,90,90,100,100,100,92,92,92,761,1
100,100,100,90,90,90,100,100,100,106,106,106,867,2
90,90,90,100,100,100,106,106,106,100,100,100,735,1
90,90,90,100,100,100,94,94,94,100,100,100,498,2
100,100,100,100,100,100,100,100,100,98,98,98,115,1
100,100,100,90,90,90,100,100,100,108,108,108,670,2
90,90,90,100,100,100,100,100,100,100,100,100,897,1
100,100,100,90,90,90,100,100,100,92,92,92,233,1
100,100,100,100,100,100,100,100,100,90,90,90,606,1
110,110,110,100,100,100,98,98,98,100,100,100,819,2
100,100,100,100,100,100,100,100,100,96,96,96,180,1
100,100,100,110,110,110,100,100,100,100,100,100,457,2
90,90,90,100,100,100,94,94,94,100,100,100,300,2
110,110,110,100,100,100,98,98,98,100,100,100,588,2
90,90,90,100,100,100,92,92,92,100,100,100,629,2
110,110,110,100,100,100,90,90,90,100,100,100,551,2
100,100,100,110,110,110,100,100,100,102,102,102,326,2
100,100,100,100,100,100,100,100,100,110,110,110,616,2
100,100,100,110,110,110,100,100,100,104,104,104,129,2
100,100,100,100,100,100,100,100,100,90,90,90,12,1
100,100,100,90,90,90,100,100,100,106,106,106,900,2
110,110,110,100,100,100,92,92,92,100,100,100,486,2
100,100,100,110,110,110,100,100,100,110,110,110,693,2
90,90,90,100,100,100,98,98,98,100,100,100,170,2
100,100,100,90,90,90,100,100,100,90,90,90,760,1
100,100,100,90,90,90,100,100,100,110,110,110,275,2
100,100,100,100,100,100,90,90,90,100,100,100,639,2
100,100,100,90,90,90,100,100,100,106,106,106,9,2
100,100,100,100,100,100,90,90,90,100,100,100,276,2
90,90,90,100,100,100,94,94,94,100,100,100,465,2
110,110,110,100,100,100,96,96,96,100,100,100,323,2
100,100,100,100,100,100,100,100,100,110,110,110,418,2
100,100,100,100,100,100,92,92,92,100,100,100,937,2
100,100,100,90,90,90,100,100,100,106,106,106,339,2
90,90,90,100,100,100,106,106,106,100,100,100,966,1
90,90,90,100,100,100,98,98,98,100,100,100,632,2
100,100,100,100,100,100,100,100,100,90,90,90,705,1
100,100,100,110,110,110,100,100,100,108,108,108,824,2
100,100,100,100,100,100,94,94,94,100,100,100,575,2
110,110,110,100,100,100,92,92,92,100,100,100,156,2
90,90,90,100,100,100,102,102,102,100,100,100,139,1
100,100,100,90,90,90,100,100,100,100,100,100,72,2
100,100,100,110,110,110,100,100,100,108,108,108,164,2
100,100,100,100,100,100,92,92,92,100,100,100,871,2
100,100,100,90,90,90,100,100,100,98,98,98,500,1
100,100,100,100,100,100,106,106,106,100,100,100,548,1
100,100,100,100,100,100,100,100,100,90,90,90,309,1
110,110,110,100,100,100,108,108,108,100,100,100,98,1
110,110,110,100,100,100,102,102,102,100,100,100,425,1
90,90,90,100,100,100,100,100,100,100,100,100,501,1
100,100,100,90,90,90,100,100,100,106,106,106,108,2
100,100,100,90,90,90,100,100,100,108,108,108,142,2
100,100,100,100,100,100,102,102,102,100,100,100,579,1
100,100,100,100,100,100,100,100,100,110,110,110,451,2
90,90,90,100,100,100,108,108,108,100,100,100,538,1
100,100,100,100,100,100,98,98,98,100,100,100,16,2
90,90,90,100,100,100,108,108,108,100,100,100,241,1
100,100,100,100,100,100,100,100,100,110,110,110,88,2
90,90,90,100,100,100,100,100,100,100,100,100,435,1
100,100,100,90,90,90,100,100,100,102,102,102,733,2
100,100,100,110,110,110,100,100,100,106,106,106,493,2
100,100,100,100,100,100,100,100,100,92,92,92,310,1
100,100,100,90,90,90,100,100,100,98,98,98,962,1
100,100,100,110,110,110,100,100,100,110,110,110,231,2
100,100,100,90,90,90,100,100,100,106,106,106,504,2
100,100,100,100,100,100,100,100,100,108,108,108,285,2
90,90,90,100,100,100,100,100,100,100,100,100,204,1
100,100,100,90,90,90,100,100,100,106,106,106,570,2
100,100,100,110,110,110,100,100,100,100,100,100,391,2
100,100,100,110,110,110,100,100,100,94,94,94,91,1
100,100,100,110,110,110,100,100,100,104,104,104,426,2
110,110,110,100,100,100,98,98,98,100,100,100,786,2
100,100,100,100,100,100,100,100,100,100,100,100,347,2
100,100,100,100,100,100,94,94,94,100,100,100,14,2
110,110,110,100,100,100,100,100,100,100,100,100,721,1
100,100,100,100,100,100,96,96,96,100,100,100,642,2
100,100,100,100,100,100,100,100,100,96,96,96,741,1
100,100,100,90,90,90,100,100,100,104,104,104,767,2
100,100,100,100,100,100,100,100,100,100,100,100,842,1
100,100,100,100,100,100,90,90,90,100,100,100,573,2
100,100,100,110,110,110,100,100,100,100,100,100,424,2
100,100,100,100,100,100,90,90,90,100,100,100,45,2
100,100,100,100,100,100,96,96,96,100,100,100,312,2
100,100,100,100,100,100,100,100,100,106,106,106,515,2
100,100,100,110,110,110,100,100,100,96,96,96,422,1
100,100,100,110,110,110,100,100,100,96,96,96,389,1
100,100,100,100,100,100,98,98,98,100,100,100,742,2
100,100,100,110,110,110,100,100,100,102,102,102,260,2
90,90,90,100,100,100,108,108,108,100,100,100,274,1
100,100,100,100,100,100,100,100,100,106,106,106,20,2
100,100,100,100,100,100,100,100,100,98,98,98,181,1
100,100,100,100,100,100,98,98,98,100,100,100,511,2
100,100,100,90,90,90,100,100,100,96,96,96,103,1
90,90,90,100,100,100,92,92,92,100,100,100,200,2
100,100,100,100,100,100,100,100,100,100,100,100,611,1
100,100,100,110,110,110,100,100,100,98,98,98,225,1
100,100,100,100,100,100,100,100,100,90,90,90,804,1
100,100,100,110,110,110,100,100,100,110,110,110,99,2
110,110,110,100,100,100,102,102,102,100,100,100,788,1
110,110,110,100,100,100,106,106,106,100,100,100,460,1
100,100,100,90,90,90,100,100,100,100,100,100,534,2
100,100,100,110,110,110,100,100,100,108,108,108,791,2
100,100,100,100,100,100,100,100,100,110,110,110,649,2
110,110,110,100,100,100,100,100,100,100,100,100,127,1
100,100,100,90,90,90,100,100,100,104,104,104,668,2
110,110,110,100,100,100,96,96,96,100,100,100,719,2
100,100,100,100,100,100,100,100,100,90,90,90,540,1
100,100,100,100,100,100,100,100,100,94,94,94,410,1
100,100,100,100,100,100,100,100,100,94,94,94,839,1
100,100,100,100,100,100,106,106,106,100,100,100,449,1
100,100,100,110,110,110,100,100,100,102,102,102,128,2
100,100,100,100,100,100,100,100,100,100,100,100,446,2
100,100,100,100,100,100,100,100,100,100,100,100,710,2
100,100,100,100,100,100,100,100,100,94,94,94,113,1
90,90,90,100,100,100,90,90,90,100,100,100,958,2
110,110,110,100,100,100,102,102,102,100,100,100,95,1
100,100,100,100,100,100,100,100,100,104,104,104,283,2
100,100,100,100,100,100,102,102,102,100,100,100,414,1
110,110,110,100,100,100,90,90,90,100,100,100,980,2
100,100,100,100,100,100,100,100,100,104,104,104,679,2
110,110,110,100,100,100,106,106,106,100,100,100,229,1
100,100,100,90,90,90,100,100,100,110,110,110,671,2
100,100,100,90,90,90,100,100,100,104,104,104,965,2
100,100,100,100,100,100,100,100,100,102,102,102,678,2
100,100,100,100,100,100,100,100,100,102,102,102,711,2
100,100,100,100,100,100,100,100,100,102,102,102,612,2
110,110,110,100,100,100,100,100,100,100,100,100,490,1
100,100,100,100,100,100,94,94,94,100,100,100,311,2
100,100,100,100,100,100,100,100,100,104,104,104,778,2
100,100,100,90,90,90,100,100,100,92,92,92,827,1
110,110,110,100,100,100,90,90,90,100,100,100,584,2
100,100,100,100,100,100,92,92,92,100,100,100,409,2
100,100,100,100,100,100,100,100,100,100,100,100,215,1
100,100,100,100,100,100,94,94,94,100,100,100,740,2
110,110,110,100,100,100,104,104,104,100,100,100,558,1
100,100,100,110,110,110,100,100,100,98,98,98,687,1
100,100,100,100,100,100,100,100,100,100,100,100,182,2
110,110,110,100,100,100,108,108,108,100,100,100,626,1
90,90,90,100,100,100,100,100,100,100,100,100,270,1
110,110,110,100,100,100,110,110,110,100,100,100,792,1
100,100,100,100,100,100,92,92,92,100,100,100,838,2
100,100,100,100,100,100,98,98,98,100,100,100,676,2
100,100,100,100,100,100,100,100,100,108,108,108,813,2
110,110,110,100,100,100,94,94,94,100,100,100,586,2
100,100,100,110,110,110,100,100,100,94,94,94,487,1
90,90,90,100,100,100,90,90,90,100,100,100,694,2
90,90,90,100,100,100,100,100,100,100,100,100,930,1
100,100,100,100,100,100,108,108,108,100,100,100,846,1
90,90,90,100,100,100,110,110,110,100,100,100,242,1
100,100,100,100,100,100,100,100,100,106,106,106,713,2
110,110,110,100,100,100,100,100,100,100,100,100,853,1
100,100,100,110,110,110,100,100,100,92,92,92,189,1
100,100,100,90,90,90,100,100,100,108,108,108,76,2
100,100,100,110,110,110,100,100,100,96,96,96,191,1
100,100,100,100,100,100,100,100,100,96,96,96,708,1
90,90,90,100,100,100,90,90,90,100,100,100,331,2
100,100,100,100,100,100,100,100,100,100,100,100,545,1
100,100,100,100,100,100,100,100,100,90,90,90,342,1
110,110,110,100,100,100,100,100,100,100,100,100,556,1
100,100,100,100,100,100,100,100,100,96,96,96,873,1
100,100,100,110,110,110,100,100,100,92,92,92,321,1
100,100,100,90,90,90,100,100,100,102,102,102,799,2
100,100,100,100,100,100,100,100,100,100,100,100,413,1
100,100,100,100,100,100,100,100,100,98,98,98,610,1
110,110,110,100,100,100,102,102,102,100,100,100,194,1
90,90,90,100,100,100,94,94,94,100,100,100,168,2
100,100,100,110,110,110,100,100,100,102,102,102,557,2
100,100,100,100,100,100,100,100,100,100,100,100,875,2
100,100,100,100,100,100,94,94,94,100,100,100,872,2
100,100,100,100,100,100,92,92,92,100,100,100,574,2
100,100,100,90,90,90,100,100,100,90,90,90,133,1
100,100,100,90,90,90,100,100,100,110,110,110,902,2
100,100,100,100,100,100,94,94,94,100,100,100,47,2
100,100,100,100,100,100,100,100,100,108,108,108,780,2
110,110,110,100,100,100,92,92,92,100,100,100,915,2
100,100,100,100,100,100,100,100,100,106,106,106,53,2
100,100,100,100,100,100,106,106,106,100,100,100,878,1
100,100,100,100,100,100,100,100,100,102,102,102,84,2
100,100,100,110,110,110,100,100,100,94,94,94,553,1
100,100,100,90,90,90,100,100,100,100,100,100,237,2
100,100,100,100,100,100,100,100,100,102,102,102,249,2
100,100,100,100,100,100,98,98,98,100,100,100,379,2
110,110,110,100,100,100,102,102,102,100,100,100,161,1
100,100,100,90,90,90,100,100,100,104,104,104,107,2
100,100,100,110,110,110,100,100,100,110,110,110,924,2
100,100,100,100,100,100,100,100,100,100,100,100,578,1
90,90,90,100,100,100,104,104,104,100,100,100,371,1
110,110,110,100,100,100,92,92,92,100,100,100,24,2
100,100,100,110,110,110,100,100,100,102,102,102,29,2
100,100,100,100,100,100,100,100,100,108,108,108,945,2
100,100,100,110,110,110,100,100,100,90,90,90,23,1
100,100,100,90,90,90,100,100,100,102,102,102,436,2
100,100,100,90,90,90,100,100,100,108,108,108,901,2
100,100,100,110,110,110,100,100,100,104,104,104,63,2
110,110,110,100,100,100,98,98,98,100,100,100,918,2
110,110,110,100,100,100,98,98,98,100,100,100,522,2
100,100,100,110,110,110,100,100,100,94,94,94,916,1
100,100,100,110,110,110,100,100,100,110,110,110,297,2
90,90,90,100,100,100,94,94,94,100,100,100,135,2
90,90,90,100,100,100,100,100,100,100,100,100,6,1
100,100,100,100,100,100,100,100,100,106,106,106,317,2
110,110,110,100,100,100,100,100,100,100,100,100,919,1
100,100,100,100,100,100,100,100,100,100,100,100,248,2
100,100,100,100,100,100,100,100,100,100,100,100,908,1
100,100,100,100,100,100,92,92,92,100,100,100,772,2
100,100,100,90,90,90,100,100,100,92,92,92,596,1
100,100,100,100,100,100,100,100,100,108,108,108,21,2
90,90,90,100,100,100,108,108,108,100,100,100,934,1
100,100,100,100,100,100,100,100,100,102,102,102,843,2
90,90,90,100,100,100,90,90,90,100,100,100,925,2
100,100,100,100,100,100,96,96,96,100,100,100,906,2
100,100,100,100,100,100,100,100,100,106,106,106,680,2
100,100,100,100,100,100,100,100,100,94,94,94,905,1
90,90,90,100,100,100,106,106,106,100,100,100,174,1
100,100,100,110,110,110,100,100,100,96,96,96,983,1
100,100,100,100,100,100,100,100,100,98,98,98,82,1
110,110,110,100,100,100,106,106,106,100,100,100,658,1
110,110,110,100,100,100,110,110,110,100,100,100,957,1
110,110,110,100,100,100,90,90,90,100,100,100,89,2
110,110,110,100,100,100,94,94,94,100,100,100,355,2
100,100,100,90,90,90,100,100,100,100,100,100,567,2
110,110,110,100,100,100,98,98,98,100,100,100,93,2
100,100,100,100,100,100,94,94,94,100,100,100,608,2
100,100,100,100,100,100,108,108,108,100,100,100,747,1
100,100,100,90,90,90,100,100,100,92,92,92,563,1
100,100,100,100,100,100,100,100,100,92,92,92,13,1
90,90,90,100,100,100,92,92,92,100,100,100,728,2
90,90,90,100,100,100,98,98,98,100,100,100,830,2
90,90,90,100,100,100,98,98,98,100,100,100,533,2
90,90,90,100,100,100,104,104,104,100,100,100,8,1
100,100,100,100,100,100,106,106,106,100,100,100,779,1
90,90,90,100,100,100,100,100,100,100,100,100,864,1
110,110,110,100,100,100,108,108,108,100,100,100,593,1
90,90,90,100,100,100,102,102,102,100,100,100,73,1
100,100,100,110,110,110,100,100,100,104,104,104,657,2
100,100,100,90,90,90,100,100,100,110,110,110,143,2
110,110,110,100,100,100,106,106,106,100,100,100,361,1
90,90,90,100,100,100,108,108,108,100,100,100,109,1
100,100,100,100,100,100,108,108,108,100,100,100,318,1
100,100,100,100,100,100,100,100,100,92,92,92,706,1
100,100,100,100,100,100,100,100,100,104,104,104,52,2
100,100,100,110,110,110,100,100,100,102,102,102,887,2
90,90,90,100,100,100,104,104,104,100,100,100,470,1
90,90,90,100,100,100,104,104,104,100,100,100,800,1
90,90,90,100,100,100,104,104,104,100,100,100,305,1
90,90,90,100,100,100,102,102,102,100,100,100,403,1
110,110,110,100,100,100,90,90,90,100,100,100,485,2
100,100,100,90,90,90,100,100,100,96,96,96,400,1
100,100,100,100,100,100,100,100,100,98,98,98,148,1
90,90,90,100,100,100,106,106,106,100,100,100,75,1
100,100,100,90,90,90,100,100,100,110,110,110,110,2
110,110,110,100,100,100,102,102,102,100,100,100,689,1
100,100,100,90,90,90,100,100,100,94,94,94,69,1
90,90,90,100,100,100,102,102,102,100,100,100,898,1
100,100,100,90,90,90,100,100,100,96,96,96,895,1
100,100,100,100,100,100,100,100,100,90,90,90,177,1
100,100,100,110,110,110,100,100,100,106,106,106,592,2
100,100,100,90,90,90,100,100,100,102,102,102,337,2
90,90,90,100,100,100,102,102,102,100,100,100,832,1
90,90,90,100,100,100,94,94,94,100,100,100,531,2
100,100,100,90,90,90,100,100,100,96,96,96,532,1
90,90,90,100,100,100,102,102,102,100,100,100,502,1
100,100,100,90,90,90,100,100,100,90,90,90,67,1
90,90,90,100,100,100,94,94,94,100,100,100,828,2
100,100,100,100,100,100,96,96,96,100,100,100,411,2
110,110,110,100,100,100,94,94,94,100,100,100,190,2
100,100,100,100,100,100,90,90,90,100,100,100,408,2
110,110,110,100,100,100,100,100,100,100,100,100,160,1
100,100,100,100,100,100,96,96,96,100,100,100,477,2
100,100,100,100,100,100,100,100,100,100,100,100,50,2
110,110,110,100,100,100,96,96,96,100,100,100,917,2
100,100,100,100,100,100,92,92,92,100,100,100,343,2
90,90,90,100,100,100,102,102,102,100,100,100,568,1
100,100,100,90,90,90,100,100,100,96,96,96,37,1
100,100,100,100,100,100,100,100,100,98,98,98,874,1
110,110,110,100,100,100,110,110,110,100,100,100,462,1
90,90,90,100,100,100,102,102,102,100,100,100,700,1
100,100,100,110,110,110,100,100,100,106,106,106,823,2
100,100,100,110,110,110,100,100,100,90,90,90,188,1
100,100,100,110,110,110,100,100,100,94,94,94,58,1
100,100,100,100,100,100,100,100,100,102,102,102,645,2
100,100,100,110,110,110,100,100,100,108,108,108,65,2
100,100,100,90,90,90,100,100,100,110,110,110,11,2
100,100,100,100,100,100,92,92,92,100,100,100,277,2
100,100,100,100,100,100,100,100,100,102,102,102,447,2
90,90,90,100,100,100,106,106,106,100,100,100,438,1
90,90,90,100,100,100,104,104,104,100,100,100,173,1
100,100,100,110,110,110,100,100,100,98,98,98,753,1
110,110,110,100,100,100,106,106,106,100,100,100,625,1
100,100,100,100,100,100,92,92,92,100,100,100,607,2
100,100,100,100,100,100,106,106,106,100,100,100,416,1
110,110,110,100,100,100,110,110,110,100,100,100,726,1
100,100,100,100,100,100,106,106,106,100,100,100,350,1
110,110,110,100,100,100,98,98,98,100,100,100,291,2
110,110,110,100,100,100,90,90,90,100,100,100,254,2
100,100,100,110,110,110,100,100,100,104,104,104,195,2
110,110,110,100,100,100,90,90,90,100,100,100,848,2
110,110,110,100,100,100,94,94,94,100,100,100,157,2
100,100,100,110,110,110,100,100,100,90,90,90,716,1
100,100,100,100,100,100,94,94,94,100,100,100,179,2
100,100,100,110,110,110,100,100,100,102,102,102,359,2
100,100,100,100,100,100,102,102,102,100,100,100,777,1
90,90,90,100,100,100,110,110,110,100,100,100,572,1
110,110,110,100,100,100,102,102,102,100,100,100,854,1
90,90,90,100,100,100,108,108,108,100,100,100,505,1
100,100,100,110,110,110,100,100,100,94,94,94,388,1
100,100,100,110,110,110,100,100,100,90,90,90,386,1
110,110,110,100,100,100,94,94,94,100,100,100,850,2
90,90,90,100,100,100,110,110,110,100,100,100,176,1
110,110,110,100,100,100,106,106,106,100,100,100,988,1
100,100,100,110,110,110,100,100,100,98,98,98,720,1
100,100,100,90,90,90,100,100,100,92,92,92,266,1
100,100,100,100,100,100,90,90,90,100,100,100,903,2
100,100,100,90,90,90,100,100,100,100,100,100,402,2
100,100,100,110,110,110,100,100,100,96,96,96,554,1
100,100,100,110,110,110,100,100,100,108,108,108,395,2
110,110,110,100,100,100,104,104,104,100,100,100,525,1
90,90,90,100,100,100,110,110,110,100,100,100,308,1
100,100,100,110,110,110,100,100,100,104,104,104,789,2
100,100,100,100,100,100,108,108,108,100,100,100,681,1
100,100,100,110,110,110,100,100,100,94,94,94,421,1
100,100,100,100,100,100,100,100,100,94,94,94,509,1
100,100,100,100,100,100,100,100,100,102,102,102,381,2
90,90,90,100,100,100,110,110,110,100,100,100,77,1
90,90,90,100,100,100,100,100,100,100,100,100,468,1
100,100,100,90,90,90,100,100,100,90,90,90,661,1
100,100,100,90,90,90,100,100,100,104,104,104,239,2
100,100,100,110,110,110,100,100,100,104,104,104,921,2
100,100,100,100,100,100,90,90,90,100,100,100,837,2
100,100,100,100,100,100,108,108,108,100,100,100,384,1
100,100,100,100,100,100,100,100,100,106,106,106,482,2
100,100,100,100,100,100,104,104,104,100,100,100,481,1
110,110,110,100,100,100,92,92,92,100,100,100,948,2
90,90,90,100,100,100,92,92,92,100,100,100,926,2
100,100,100,100,100,100,96,96,96,100,100,100,543,2
110,110,110,100,100,100,94,94,94,100,100,100,454,2
100,100,100,100,100,100,100,100,100,90,90,90,111,1
100,100,100,110,110,110,100,100,100,106,106,106,757,2
100,100,100,110,110,110,100,100,100,102,102,102,590,2
90,90,90,100,100,100,98,98,98,100,100,100,203,2
100,100,100,110,110,110,100,100,100,94,94,94,817,1
100,100,100,100,100,100,108,108,108,100,100,100,450,1
100,100,100,90,90,90,100,100,100,100,100,100,699,2
100,100,100,100,100,100,100,100,100,90,90,90,507,1
100,100,100,90,90,90,100,100,100,106,106,106,603,2
110,110,110,100,100,100,94,94,94,100,100,100,751,2
100,100,100,100,100,100,100,100,100,108,108,108,516,2
110,110,110,100,100,100,110,110,110,100,100,100,660,1
110,110,110,100,100,100,92,92,92,100,100,100,57,2
100,100,100,90,90,90,100,100,100,108,108,108,637,2
100,100,100,110,110,110,100,100,100,90,90,90,914,1
100,100,100,90,90,90,100,100,100,102,102,102,238,2
90,90,90,100,100,100,108,108,108,100,100,100,472,1
90,90,90,100,100,100,102,102,102,100,100,100,7,1
110,110,110,100,100,100,108,108,108,100,100,100,461,1
100,100,100,100,100,100,92,92,92,100,100,100,970,2
110,110,110,100,100,100,92,92,92,100,100,100,354,2
90,90,90,100,100,100,100,100,100,100,100,100,138,1
100,100,100,100,100,100,100,100,100,108,108,108,879,2
110,110,110,100,100,100,104,104,104,100,100,100,459,1
100,100,100,100,100,100,100,100,100,110,110,110,814,2
90,90,90,100,100,100,96,96,96,100,100,100,466,2
110,110,110,100,100,100,100,100,100,100,100,100,226,1
100,100,100,100,100,100,96,96,96,100,100,100,807,2
100,100,100,100,100,100,100,100,100,100,100,100,281,1
100,100,100,90,90,90,100,100,100,90,90,90,892,1
100,100,100,100,100,100,102,102,102,100,100,100,942,1
100,100,100,100,100,100,104,104,104,100,100,100,844,1
100,100,100,100,100,100,100,100,100,90,90,90,870,1
100,100,100,90,90,90,100,100,100,108,108,108,868,2
100,100,100,110,110,110,100,100,100,108,108,108,692,2
90,90,90,100,100,100,90,90,90,100,100,100,364,2
110,110,110,100,100,100,96,96,96,100,100,100,125,2
100,100,100,110,110,110,100,100,100,96,96,96,521,1
100,100,100,100,100,100,100,100,100,98,98,98,49,1
100,100,100,110,110,110,100,100,100,90,90,90,881,1
90,90,90,100,100,100,100,100,100,100,100,100,105,1
100,100,100,110,110,110,100,100,100,96,96,96,620,1
100,100,100,100,100,100,94,94,94,100,100,100,773,2
100,100,100,100,100,100,100,100,100,110,110,110,979,2
110,110,110,100,100,100,106,106,106,100,100,100,856,1
100,100,100,90,90,90,100,100,100,94,94,94,201,1
100,100,100,110,110,110,100,100,100,108,108,108,956,2
100,100,100,100,100,100,100,100,100,100,100,100,479,1
100,100,100,100,100,100,100,100,100,110,110,110,352,2
90,90,90,100,100,100,106,106,106,100,100,100,537,1
100,100,100,100,100,100,100,100,100,102,102,102,348,2
90,90,90,100,100,100,90,90,90,100,100,100,166,2
100,100,100,100,100,100,100,100,100,106,106,106,119,2
110,110,110,100,100,100,90,90,90,100,100,100,947,2
100,100,100,90,90,90,100,100,100,96,96,96,4,1
100,100,100,110,110,110,100,100,100,98,98,98,60,1
100,100,100,90,90,90,100,100,100,104,104,104,74,2
100,100,100,110,110,110,100,100,100,98,98,98,159,1
100,100,100,100,100,100,108,108,108,100,100,100,912,1
90,90,90,100,100,100,106,106,106,100,100,100,801,1
90,90,90,100,100,100,104,104,104,100,100,100,569,1
90,90,90,100,100,100,94,94,94,100,100,100,927,2
100,100,100,90,90,90,100,100,100,108,108,108,373,2
100,100,100,100,100,100,100,100,100,110,110,110,748,2
100,100,100,100,100,100,100,100,100,94,94,94,707,1
110,110,110,100,100,100,98,98,98,100,100,100,423,2
90,90,90,100,100,100,108,108,108,100,100,100,175,1
90,90,90,100,100,100,110,110,110,100,100,100,803,1
110,110,110,100,100,100,96,96,96,100,100,100,851,2
100,100,100,110,110,110,100,100,100,94,94,94,124,1
100,100,100,110,110,110,100,100,100,92,92,92,684,1
100,100,100,90,90,90,100,100,100,104,104,104,899,2
90,90,90,100,100,100,98,98,98,100,100,100,599,2
90,90,90,100,100,100,94,94,94,100,100,100,102,2
90,90,90,100,100,100,102,102,102,100,100,100,370,1
110,110,110,100,100,100,98,98,98,100,100,100,654,2
110,110,110,100,100,100,108,108,108,100,100,100,923,1
90,90,90,100,100,100,96,96,96,100,100,100,433,2
100,100,100,110,110,110,100,100,100,108,108,108,890,2
100,100,100,100,100,100,104,104,104,100,100,100,811,1
110,110,110,100,100,100,104,104,104,100,100,100,756,1
100,100,100,100,100,100,100,100,100,96,96,96,213,1
100,100,100,110,110,110,100,100,100,96,96,96,488,1
100,100,100,90,90,90,100,100,100,98,98,98,797,1
110,110,110,100,100,100,106,106,106,100,100,100,394,1
100,100,100,100,100,100,100,100,100,104,104,104,415,2
100,100,100,100,100,100,90,90,90,100,100,100,78,2
100,100,100,90,90,90,100,100,100,108,108,108,967,2
100,100,100,100,100,100,100,100,100,102,102,102,282,2
100,100,100,100,100,100,100,100,100,90,90,90,474,1
100,100,100,110,110,110,100,100,100,92,92,92,651,1
100,100,100,100,100,100,98,98,98,100,100,100,313,2
100,100,100,100,100,100,90,90,90,100,100,100,210,2
100,100,100,100,100,100,100,100,100,96,96,96,939,1
100,100,100,90,90,90,100,100,100,98,98,98,302,1
100,100,100,100,100,100,110,110,110,100,100,100,682,1
90,90,90,100,100,100,104,104,104,100,100,100,932,1
100,100,100,100,100,100,100,100,100,90,90,90,936,1
100,100,100,110,110,110,100,100,100,94,94,94,685,1
100,100,100,110,110,110,100,100,100,100,100,100,589,2
110,110,110,100,100,100,94,94,94,100,100,100,289,2
100,100,100,110,110,110,100,100,100,108,108,108,329,2
90,90,90,100,100,100,110,110,110,100,100,100,539,1
110,110,110,100,100,100,100,100,100,100,100,100,622,1
110,110,110,100,100,100,106,106,106,100,100,100,163,1
100,100,100,100,100,100,94,94,94,100,100,100,542,2
100,100,100,90,90,90,100,100,100,100,100,100,303,2
110,110,110,100,100,100,102,102,102,100,100,100,491,1
100,100,100,110,110,110,100,100,100,100,100,100,688,2
100,100,100,100,100,100,98,98,98,100,100,100,907,2
100,100,100,100,100,100,100,100,100,100,100,100,83,2
110,110,110,100,100,100,90,90,90,100,100,100,419,2
100,100,100,100,100,100,102,102,102,100,100,100,51,1
100,100,100,110,110,110,100,100,100,110,110,110,627,2
100,100,100,90,90,90,100,100,100,98,98,98,731,1
110,110,110,100,100,100,96,96,96,100,100,100,884,2
100,100,100,100,100,100,100,100,100,106,106,106,647,2
100,100,100,100,100,100,100,100,100,110,110,110,253,2
100,100,100,100,100,100,104,104,104,100,100,100,448,1
100,100,100,90,90,90,100,100,100,108,108,108,571,2
100,100,100,100,100,100,100,100,100,96,96,96,840,1
110,110,110,100,100,100,104,104,104,100,100,100,723,1
100,100,100,100,100,100,100,100,100,106,106,106,86,2
100,100,100,100,100,100,100,100,100,90,90,90,969,1
100,100,100,110,110,110,100,100,100,110,110,110,66,2
100,100,100,110,110,110,100,100,100,98,98,98,192,1
100,100,100,110,110,110,100,100,100,108,108,108,725,2
100,100,100,100,100,100,100,100,100,92,92,92,79,1
100,100,100,110,110,110,100,100,100,92,92,92,717,1
100,100,100,100,100,100,106,106,106,100,100,100,251,1
100,100,100,110,110,110,100,100,100,100,100,100,325,2
110,110,110,100,100,100,108,108,108,100,100,100,428,1
100,100,100,100,100,100,92,92,92,100,100,100,508,2
110,110,110,100,100,100,100,100,100,100,100,100,523,1
100,100,100,90,90,90,100,100,100,106,106,106,42,2
100,100,100,100,100,100,98,98,98,100,100,100,940,2
100,100,100,90,90,90,100,100,100,94,94,94,267,1
90,90,90,100,100,100,96,96,96,100,100,100,829,2
100,100,100,110,110,110,100,100,100,94,94,94,652,1
100,100,100,100,100,100,96,96,96,100,100,100,15,2
100,100,100,90,90,90,100,100,100,102,102,102,667,2
110,110,110,100,100,100,102,102,102,100,100,100,755,1
100,100,100,110,110,110,100,100,100,98,98,98,357,1
100,100,100,100,100,100,100,100,100,98,98,98,841,1
100,100,100,110,110,110,100,100,100,92,92,92,585,1
110,110,110,100,100,100,100,100,100,100,100,100,754,1
100,100,100,110,110,110,100,100,100,94,94,94,784,1
100,100,100,90,90,90,100,100,100,104,104,104,437,2
100,100,100,90,90,90,100,100,100,110,110,110,770,2
90,90,90,100,100,100,110,110,110,100,100,100,473,1
100,100,100,100,100,100,100,100,100,94,94,94,344,1
100,100,100,90,90,90,100,100,100,90,90,90,265,1
90,90,90,100,100,100,96,96,96,100,100,100,202,2
100,100,100,100,100,100,92,92,92,100,100,100,805,2
100,100,100,100,100,100,104,104,104,100,100,100,580,1
100,100,100,90,90,90,100,100,100,92,92,92,860,1
100,100,100,100,100,100,108,108,108,100,100,100,351,1
110,110,110,100,100,100,110,110,110,100,100,100,594,1
110,110,110,100,100,100,110,110,110,100,100,100,561,1
100,100,100,100,100,100,104,104,104,100,100,100,217,1
100,100,100,100,100,100,110,110,110,100,100,100,913,1
100,100,100,90,90,90,100,100,100,90,90,90,34,1
100,100,100,110,110,110,100,100,100,94,94,94,982,1
90,90,90,100,100,100,98,98,98,100,100,100,764,2
100,100,100,100,100,100,100,100,100,102,102,102,183,2
100,100,100,100,100,100,100,100,100,110,110,110,22,2
100,100,100,100,100,100,100,100,100,106,106,106,911,2
100,100,100,90,90,90,100,100,100,104,104,104,536,2
90,90,90,100,100,100,108,108,108,100,100,100,406,1
100,100,100,110,110,110,100,100,100,108,108,108,494,2
110,110,110,100,100,100,92,92,92,100,100,100,618,2
100,100,100,110,110,110,100,100,100,100,100,100,952,2
100,100,100,100,100,100,94,94,94,100,100,100,641,2
100,100,100,90,90,90,100,100,100,98,98,98,368,1
100,100,100,100,100,100,92,92,92,100,100,100,145,2
100,100,100,100,100,100,100,100,100,108,108,108,120,2
100,100,100,90,90,90,100,100,100,90,90,90,595,1
90,90,90,100,100,100,98,98,98,100,100,100,929,2
100,100,100,100,100,100,100,100,100,98,98,98,346,1
100,100,100,90,90,90,100,100,100,90,90,90,727,1
100,100,100,100,100,100,100,100,100,100,100,100,512,1
100,100,100,90,90,90,100,100,100,94,94,94,597,1
100,100,100,100,100,100,100,100,100,96,96,96,675,1
110,110,110,100,100,100,94,94,94,100,100,100,883,2
100,100,100,110,110,110,100,100,100,96,96,96,587,1
90,90,90,100,100,100,108,108,108,100,100,100,43,1
100,100,100,100,100,100,110,110,110,100,100,100,220,1
100,100,100,100,100,100,100,100,100,106,106,106,581,2
100,100,100,100,100,100,100,100,100,100,100,100,314,1
100,100,100,90,90,90,100,100,100,96,96,96,268,1
90,90,90,100,100,100,96,96,96,100,100,100,928,2
100,100,100,100,100,100,100,100,100,102,102,102,117,2
110,110,110,100,100,100,92,92,92,100,100,100,90,2
100,100,100,110,110,110,100,100,100,94,94,94,223,1
100,100,100,100,100,100,100,100,100,92,92,92,244,1
100,100,100,110,110,110,100,100,100,98,98,98,852,1
110,110,110,100,100,100,108,108,108,100,100,100,758,1
100,100,100,100,100,100,100,100,100,108,108,108,714,2
100,100,100,100,100,100,100,100,100,94,94,94,245,1
90,90,90,100,100,100,110,110,110,100,100,100,44,1
100,100,100,110,110,110,100,100,100,110,110,110,825,2
100,100,100,110,110,110,100,100,100,108,108,108,362,2
100,100,100,100,100,100,106,106,106,100,100,100,614,1
100,100,100,90,90,90,100,100,100,98,98,98,5,1
110,110,110,100,100,100,110,110,110,100,100,100,165,1
100,100,100,110,110,110,100,100,100,110,110,110,264,2
100,100,100,100,100,100,100,100,100,100,100,100,941,2
100,100,100,110,110,110,100,100,100,96,96,96,59,1
100,100,100,110,110,110,100,100,100,108,108,108,857,2
100,100,100,90,90,90,100,100,100,94,94,94,960,1
100,100,100,90,90,90,100,100,100,96,96,96,796,1
100,100,100,90,90,90,100,100,100,92,92,92,2,1
110,110,110,100,100,100,92,92,92,100,100,100,882,2
100,100,100,90,90,90,100,100,100,90,90,90,199,1
100,100,100,100,100,100,98,98,98,100,100,100,808,2
110,110,110,100,100,100,90,90,90,100,100,100,683,2
100,100,100,100,100,100,92,92,92,100,100,100,112,2
100,100,100,110,110,110,100,100,100,96,96,96,950,1
90,90,90,100,100,100,100,100,100,100,100,100,963,1
100,100,100,90,90,90,100,100,100,100,100,100,336,2
100,100,100,110,110,110,100,100,100,104,104,104,855,2
110,110,110,100,100,100,110,110,110,100,100,100,528,1
100,100,100,100,100,100,90,90,90,100,100,100,243,2
100,100,100,110,110,110,100,100,100,90,90,90,353,1
100,100,100,110,110,110,100,100,100,102,102,102,656,2
110,110,110,100,100,100,98,98,98,100,100,100,984,2
100,100,100,100,100,100,100,100,100,110,110,110,121,2
100,100,100,110,110,110,100,100,100,106,106,106,559,2
100,100,100,90,90,90,100,100,100,94,94,94,366,1
100,100,100,110,110,110,100,100,100,92,92,92,222,1
100,100,100,100,100,100,100,100,100,98,98,98,709,1
90,90,90,100,100,100,92,92,92,100,100,100,134,2
100,100,100,100,100,100,100,100,100,104,104,104,976,2
100,100,100,90,90,90,100,100,100,90,90,90,826,1
100,100,100,110,110,110,100,100,100,102,102,102,953,2
90,90,90,100,100,100,110,110,110,100,100,100,869,1
110,110,110,100,100,100,94,94,94,100,100,100,718,2
110,110,110,100,100,100,100,100,100,100,100,100,193,1
100,100,100,100,100,100,92,92,92,100,100,100,541,2
100,100,100,90,90,90,100,100,100,104,104,104,140,2
110,110,110,100,100,100,110,110,110,100,100,100,33,1
100,100,100,100,100,100,100,100,100,110,110,110,286,2
100,100,100,110,110,110,100,100,100,102,102,102,524,2
100,100,100,100,100,100,100,100,100,100,100,100,776,2
110,110,110,100,100,100,102,102,102,100,100,100,722,1
100,100,100,90,90,90,100,100,100,104,104,104,503,2
90,90,90,100,100,100,98,98,98,100,100,100,698,2
110,110,110,100,100,100,100,100,100,100,100,100,61,1
100,100,100,100,100,100,102,102,102,100,100,100,975,1
100,100,100,100,100,100,100,100,100,108,108,108,219,2
100,100,100,100,100,100,100,100,100,98,98,98,577,1
100,100,100,100,100,100,92,92,92,100,100,100,442,2
110,110,110,100,100,100,100,100,100,100,100,100,358,1
100,100,100,110,110,110,100,100,100,102,102,102,986,2
100,100,100,100,100,100,100,100,100,100,100,100,149,2
100,100,100,90,90,90,100,100,100,100,100,100,171,2
100,100,100,100,100,100,100,100,100,106,106,106,812,2
100,100,100,100,100,100,100,100,100,96,96,96,345,1
100,100,100,100,100,100,96,96,96,100,100,100,378,2
100,100,100,110,110,110,100,100,100,104,104,104,261,2
100,100,100,90,90,90,100,100,100,96,96,96,70,1
100,100,100,90,90,90,100,100,100,100,100,100,369,2
90,90,90,100,100,100,108,108,108,100,100,100,604,1
100,100,100,110,110,110,100,100,100,98,98,98,390,1
110,110,110,100,100,100,96,96,96,100,100,100,785,2
110,110,110,100,100,100,104,104,104,100,100,100,30,1
100,100,100,110,110,110,100,100,100,108,108,108,230,2
100,100,100,110,110,110,100,100,100,110,110,110,198,2
100,100,100,100,100,100,100,100,100,108,108,108,978,2
100,100,100,90,90,90,100,100,100,110,110,110,836,2
100,100,100,90,90,90,100,100,100,98,98,98,269,1
90,90,90,100,100,100,108,108,108,100,100,100,802,1
100,100,100,100,100,100,100,100,100,92,92,92,904,1
100,100,100,100,100,100,106,106,106,100,100,100,746,1
100,100,100,90,90,90,100,100,100,94,94,94,762,1
110,110,110,100,100,100,90,90,90,100,100,100,122,2
90,90,90,100,100,100,102,102,102,100,100,100,634,1
100,100,100,100,100,100,94,94,94,100,100,100,146,2
90,90,90,100,100,100,108,108,108,100,100,100,835,1
90,90,90,100,100,100,104,104,104,100,100,100,338,1
100,100,100,110,110,110,100,100,100,98,98,98,324,1
100,100,100,110,110,110,100,100,100,92,92,92,420,1
100,100,100,90,90,90,100,100,100,94,94,94,729,1
100,100,100,90,90,90,100,100,100,94,94,94,399,1
100,100,100,110,110,110,100,100,100,90,90,90,155,1
100,100,100,100,100,100,106,106,106,100,100,100,383,1
100,100,100,100,100,100,100,100,100,100,100,100,809,1
90,90,90,100,100,100,98,98,98,100,100,100,137,2
100,100,100,110,110,110,100,100,100,96,96,96,224,1
100,100,100,100,100,100,100,100,100,110,110,110,946,2
90,90,90,100,100,100,100,100,100,100,100,100,732,1
100,100,100,90,90,90,100,100,100,104,104,104,833,2
110,110,110,100,100,100,98,98,98,100,100,100,489,2
90,90,90,100,100,100,92,92,92,100,100,100,695,2
110,110,110,100,100,100,92,92,92,100,100,100,750,2
90,90,90,100,100,100,102,102,102,100,100,100,106,1
100,100,100,90,90,90,100,100,100,94,94,94,630,1
90,90,90,100,100,100,110,110,110,100,100,100,935,1
110,110,110,100,100,100,96,96,96,100,100,100,686,2
100,100,100,90,90,90,100,100,100,106,106,106,141,2
100,100,100,100,100,100,104,104,104,100,100,100,910,1
100,100,100,100,100,100,98,98,98,100,100,100,478,2
100,100,100,90,90,90,100,100,100,90,90,90,1,1
90,90,90,100,100,100,94,94,94,100,100,100,696,2
100,100,100,100,100,100,100,100,100,92,92,92,376,1
90,90,90,100,100,100,110,110,110,100,100,100,704,1
100,100,100,90,90,90,100,100,100,98,98,98,467,1
100,100,100,100,100,100,96,96,96,100,100,100,246,2
100,100,100,100,100,100,100,100,100,96,96,96,774,1
100,100,100,110,110,110,100,100,100,92,92,92,123,1
110,110,110,100,100,100,90,90,90,100,100,100,56,2
100,100,100,110,110,110,100,100,100,102,102,102,293,2
100,100,100,100,100,100,98,98,98,100,100,100,280,2
110,110,110,100,100,100,100,100,100,100,100,100,28,1
100,100,100,100,100,100,100,100,100,108,108,108,87,2
110,110,110,100,100,100,90,90,90,100,100,100,287,2
90,90,90,100,100,100,102,102,102,100,100,100,931,1
110,110,110,100,100,100,104,104,104,100,100,100,822,1
100,100,100,90,90,90,100,100,100,98,98,98,335,1
110,110,110,100,100,100,90,90,90,100,100,100,452,2
90,90,90,100,100,100,96,96,96,100,100,100,235,2
100,100,100,110,110,110,100,100,100,104,104,104,888,2
110,110,110,100,100,100,96,96,96,100,100,100,455,2
100,100,100,100,100,100,90,90,90,100,100,100,672,2
100,100,100,90,90,90,100,100,100,108,108,108,736,2
90,90,90,100,100,100,94,94,94,100,100,100,861,2
100,100,100,90,90,90,100,100,100,92,92,92,299,1
100,100,100,100,100,100,104,104,104,100,100,100,349,1
90,90,90,100,100,100,96,96,96,100,100,100,367,2
100,100,100,100,100,100,90,90,90,100,100,100,375,2
100,100,100,100,100,100,96,96,96,100,100,100,444,2
100,100,100,90,90,90,100,100,100,102,102,102,271,2
100,100,100,110,110,110,100,100,100,104,104,104,393,2
100,100,100,110,110,110,100,100,100,94,94,94,949,1
100,100,100,90,90,90,100,100,100,106,106,106,306,2
100,100,100,90,90,90,100,100,100,102,102,102,40,2
100,100,100,100,100,100,100,100,100,108,108,108,615,2
100,100,100,100,100,100,100,100,100,94,94,94,476,1
110,110,110,100,100,100,104,104,104,100,100,100,294,1
90,90,90,100,100,100,98,98,98,100,100,100,665,2
100,100,100,90,90,90,100,100,100,102,102,102,865,2
100,100,100,90,90,90,100,100,100,98,98,98,896,1
100,100,100,100,100,100,100,100,100,102,102,102,744,2
110,110,110,100,100,100,100,100,100,100,100,100,292,1
100,100,100,100,100,100,102,102,102,100,100,100,150,1
110,110,110,100,100,100,106,106,106,100,100,100,262,1
90,90,90,100,100,100,108,108,108,100,100,100,208,1
100,100,100,100,100,100,100,100,100,96,96,96,48,1
100,100,100,90,90,90,100,100,100,96,96,96,565,1
100,100,100,100,100,100,108,108,108,100,100,100,153,1
100,100,100,100,100,100,110,110,110,100,100,100,847,1
100,100,100,90,90,90,100,100,100,104,104,104,404,2
100,100,100,100,100,100,96,96,96,100,100,100,972,2
100,100,100,100,100,100,108,108,108,100,100,100,549,1
100,100,100,90,90,90,100,100,100,98,98,98,71,1
100,100,100,110,110,110,100,100,100,92,92,92,453,1
90,90,90,100,100,100,102,102,102,100,100,100,535,1
100,100,100,110,110,110,100,100,100,96,96,96,356,1
100,100,100,110,110,110,100,100,100,98,98,98,555,1
100,100,100,110,110,110,100,100,100,96,96,96,26,1
90,90,90,100,100,100,94,94,94,100,100,100,36,2
100,100,100,100,100,100,100,100,100,102,102,102,810,2
100,100,100,110,110,110,100,100,100,100,100,100,985,2
100,100,100,90,90,90,100,100,100,96,96,96,862,1
100,100,100,90,90,90,100,100,100,90,90,90,529,1
100,100,100,100,100,100,100,100,100,108,108,108,252,2
100,100,100,100,100,100,104,104,104,100,100,100,19,1
90,90,90,100,100,100,104,104,104,100,100,100,41,1
110,110,110,100,100,100,106,106,106,100,100,100,427,1
100,100,100,110,110,110,100,100,100,92,92,92,288,1
100,100,100,110,110,110,100,100,100,104,104,104,954,2
100,100,100,100,100,100,94,94,94,100,100,100,674,2
100,100,100,90,90,90,100,100,100,90,90,90,397,1
100,100,100,100,100,100,100,100,100,102,102,102,546,2
100,100,100,110,110,110,100,100,100,104,104,104,492,2
110,110,110,100,100,100,92,92,92,100,100,100,255,2
110,110,110,100,100,100,108,108,108,100,100,100,263,1
100,100,100,100,100,100,100,100,100,96,96,96,147,1
100,100,100,90,90,90,100,100,100,102,102,102,766,2
110,110,110,100,100,100,98,98,98,100,100,100,621,2
100,100,100,110,110,110,100,100,100,110,110,110,396,2
90,90,90,100,100,100,108,108,108,100,100,100,307,1
100,100,100,100,100,100,100,100,100,92,92,92,46,1
90,90,90,100,100,100,106,106,106,100,100,100,471,1
100,100,100,90,90,90,100,100,100,94,94,94,333,1
100,100,100,100,100,100,102,102,102,100,100,100,513,1
90,90,90,100,100,100,106,106,106,100,100,100,768,1
100,100,100,100,100,100,110,110,110,100,100,100,781,1
100,100,100,90,90,90,100,100,100,110,110,110,407,2
100,100,100,90,90,90,100,100,100,90,90,90,562,1
110,110,110,100,100,100,92,92,92,100,100,100,519,2
100,100,100,90,90,90,100,100,100,92,92,92,959,1
110,110,110,100,100,100,110,110,110,100,100,100,891,1
100,100,100,100,100,100,100,100,100,110,110,110,55,2
90,90,90,100,100,100,108,108,108,100,100,100,769,1
100,100,100,90,90,90,100,100,100,92,92,92,167,1
100,100,100,110,110,110,100,100,100,92,92,92,783,1
100,100,100,90,90,90,100,100,100,94,94,94,795,1
100,100,100,100,100,100,100,100,100,100,100,100,17,1
100,100,100,90,90,90,100,100,100,96,96,96,730,1
100,100,100,100,100,100,90,90,90,100,100,100,771,2
100,100,100,100,100,100,100,100,100,92,92,92,178,1
100,100,100,100,100,100,104,104,104,100,100,100,712,1
100,100,100,100,100,100,100,100,100,104,104,104,316,2
90,90,90,100,100,100,96,96,96,100,100,100,499,2
90,90,90,100,100,100,104,104,104,100,100,100,602,1
100,100,100,110,110,110,100,100,100,90,90,90,650,1
100,100,100,100,100,100,100,100,100,96,96,96,609,1
100,100,100,100,100,100,100,100,100,104,104,104,877,2
90,90,90,100,100,100,106,106,106,100,100,100,405,1
90,90,90,100,100,100,104,104,104,100,100,100,866,1
100,100,100,90,90,90,100,100,100,98,98,98,104,1
100,100,100,110,110,110,100,100,100,98,98,98,456,1
100,100,100,90,90,90,100,100,100,106,106,106,636,2
100,100,100,100,100,100,100,100,100,108,108,108,417,2
100,100,100,100,100,100,100,100,100,94,94,94,212,1
90,90,90,100,100,100,92,92,92,100,100,100,398,2
110,110,110,100,100,100,92,92,92,100,100,100,552,2
100,100,100,90,90,90,100,100,100,92,92,92,68,1
100,100,100,110,110,110,100,100,100,96,96,96,257,1
100,100,100,90,90,90,100,100,100,106,106,106,933,2
100,100,100,100,100,100,100,100,100,98,98,98,445,1
110,110,110,100,100,100,106,106,106,100,100,100,889,1
100,100,100,110,110,110,100,100,100,96,96,96,290,1
100,100,100,100,100,100,100,100,100,98,98,98,544,1
100,100,100,100,100,100,94,94,94,100,100,100,971,2
100,100,100,110,110,110,100,100,100,106,106,106,130,2
100,100,100,110,110,110,100,100,100,90,90,90,518,1
100,100,100,100,100,100,100,100,100,92,92,92,739,1
100,100,100,100,100,100,92,92,92,100,100,100,640,2
100,100,100,90,90,90,100,100,100,96,96,96,961,1
100,100,100,90,90,90,100,100,100,108,108,108,10,2
110,110,110,100,100,100,106,106,106,100,100,100,64,1
110,110,110,100,100,100,96,96,96,100,100,100,818,2
90,90,90,100,100,100,106,106,106,100,100,100,207,1
100,100,100,110,110,110,100,100,100,110,110,110,132,2
90,90,90,100,100,100,102,102,102,100,100,100,172,1
90,90,90,100,100,100,100,100,100,100,100,100,39,1
100,100,100,90,90,90,100,100,100,110,110,110,638,2
100,100,100,110,110,110,100,100,100,90,90,90,320,1
90,90,90,100,100,100,92,92,92,100,100,100,497,2
100,100,100,90,90,90,100,100,100,92,92,92,464,1
110,110,110,100,100,100,110,110,110,100,100,100,495,1
100,100,100,110,110,110,100,100,100,90,90,90,815,1
100,100,100,100,100,100,100,100,100,96,96,96,576,1
90,90,90,100,100,100,90,90,90,100,100,100,628,2
90,90,90,100,100,100,90,90,90,100,100,100,463,2
90,90,90,100,100,100,108,108,108,100,100,100,703,1
90,90,90,100,100,100,96,96,96,100,100,100,598,2
100,100,100,100,100,100,100,100,100,92,92,92,673,1
90,90,90,100,100,100,96,96,96,100,100,100,334,2
90,90,90,100,100,100,96,96,96,100,100,100,763,2
90,90,90,100,100,100,96,96,96,100,100,100,169,2
110,110,110,100,100,100,96,96,96,100,100,100,653,2
90,90,90,100,100,100,92,92,92,100,100,100,794,2
110,110,110,100,100,100,108,108,108,100,100,100,296,1
100,100,100,100,100,100,100,100,100,90,90,90,441,1
100,100,100,90,90,90,100,100,100,110,110,110,737,2
110,110,110,100,100,100,90,90,90,100,100,100,782,2
100,100,100,100,100,100,94,94,94,100,100,100,278,2
100,100,100,110,110,110,100,100,100,110,110,110,858,2
100,100,100,100,100,100,98,98,98,100,100,100,412,2
90,90,90,100,100,100,90,90,90,100,100,100,859,2
110,110,110,100,100,100,106,106,106,100,100,100,328,1
90,90,90,100,100,100,96,96,96,100,100,100,697,2
100,100,100,100,100,100,100,100,100,102,102,102,480,2
110,110,110,100,100,100,104,104,104,100,100,100,228,1
100,100,100,110,110,110,100,100,100,96,96,96,158,1
100,100,100,100,100,100,104,104,104,100,100,100,85,1
110,110,110,100,100,100,90,90,90,100,100,100,221,2
100,100,100,100,100,100,104,104,104,100,100,100,943,1
100,100,100,100,100,100,94,94,94,100,100,100,443,2
110,110,110,100,100,100,98,98,98,100,100,100,27,2
100,100,100,100,100,100,100,100,100,106,106,106,845,2
110,110,110,100,100,100,106,106,106,100,100,100,922,1
100,100,100,100,100,100,100,100,100,110,110,110,484,2
90,90,90,100,100,100,92,92,92,100,100,100,530,2
100,100,100,110,110,110,100,100,100,94,94,94,25,1
100,100,100,90,90,90,100,100,100,96,96,96,631,1
100,100,100,110,110,110,100,100,100,100,100,100,259,2
90,90,90,100,100,100,90,90,90,100,100,100,793,2
100,100,100,100,100,100,100,100,100,94,94,94,80,1
100,100,100,100,100,100,98,98,98,100,100,100,973,2
100,100,100,90,90,90,100,100,100,100,100,100,600,2
100,100,100,100,100,100,100,100,100,110,110,110,517,2
100,100,100,100,100,100,100,100,100,104,104,104,382,2
100,100,100,90,90,90,100,100,100,102,102,102,601,2
100,100,100,100,100,100,100,100,100,100,100,100,677,1
100,100,100,100,100,100,100,100,100,92,92,92,475,1
90,90,90,100,100,100,106,106,106,100,100,100,702,1
110,110,110,100,100,100,104,104,104,100,100,100,690,1
100,100,100,110,110,110,100,100,100,98,98,98,126,1
100,100,100,90,90,90,100,100,100,104,104,104,635,2
90,90,90,100,100,100,92,92,92,100,100,100,332,2
110,110,110,100,100,100,92,92,92,100,100,100,387,2
100,100,100,100,100,100,100,100,100,98,98,98,214,1
100,100,100,100,100,100,98,98,98,100,100,100,247,2
100,100,100,90,90,90,100,100,100,110,110,110,341,2
110,110,110,100,100,100,104,104,104,100,100,100,591,1
100,100,100,100,100,100,104,104,104,100,100,100,514,1
90,90,90,100,100,100,98,98,98,100,100,100,434,2
100,100,100,100,100,100,100,100,100,104,104,104,151,2
100,100,100,110,110,110,100,100,100,102,102,102,623,2
100,100,100,100,100,100,100,100,100,108,108,108,186,2
90,90,90,100,100,100,104,104,104,100,100,100,701,1
100,100,100,100,100,100,100,100,100,110,110,110,583,2
100,100,100,100,100,100,106,106,106,100,100,100,185,1
100,100,100,110,110,110,100,100,100,94,94,94,520,1
90,90,90,100,100,100,98,98,98,100,100,100,236,2
100,100,100,100,100,100,106,106,106,100,100,100,152,1
100,100,100,100,100,100,100,100,100,100,100,100,380,1
100,100,100,100,100,100,94,94,94,100,100,100,938,2
90,90,90,100,100,100,98,98,98,100,100,100,566,2
90,90,90,100,100,100,102,102,102,100,100,100,469,1
100,100,100,100,100,100,100,100,100,100,100,100,116,1
100,100,100,100,100,100,100,100,100,90,90,90,144,1
90,90,90,100,100,100,106,106,106,100,100,100,372,1
90,90,90,100,100,100,110,110,110,100,100,100,506,1
90,90,90,100,100,100,92,92,92,100,100,100,431,2
100,100,100,100,100,100,104,104,104,100,100,100,613,1
100,100,100,100,100,100,100,100,100,100,100,100,743,1
100,100,100,100,100,100,100,100,100,102,102,102,909,2
100,100,100,100,100,100,100,100,100,108,108,108,54,2
110,110,110,100,100,100,90,90,90,100,100,100,749,2
100,100,100,90,90,90,100,100,100,94,94,94,663,1
100,100,100,90,90,90,100,100,100,108,108,108,439,2
100,100,100,100,100,100,100,100,100,110,110,110,154,2
90,90,90,100,100,100,104,104,104,100,100,100,734,1
100,100,100,90,90,90,100,100,100,92,92,92,893,1
110,110,110,100,100,100,90,90,90,100,100,100,617,2
110,110,110,100,100,100,94,94,94,100,100,100,322,2
90,90,90,100,100,100,110,110,110,100,100,100,605,1
100,100,100,110,110,110,100,100,100,100,100,100,655,2
110,110,110,100,100,100,106,106,106,100,100,100,97,1
100,100,100,90,90,90,100,100,100,110,110,110,209,2
110,110,110,100,100,100,104,104,104,100,100,100,987,1
110,110,110,100,100,100,96,96,96,100,100,100,752,2
100,100,100,100,100,100,94,94,94,100,100,100,806,2
100,100,100,100,100,100,96,96,96,100,100,100,279,2
110,110,110,100,100,100,106,106,106,100,100,100,790,1
100,100,100,110,110,110,100,100,100,102,102,102,227,2
100,100,100,90,90,90,100,100,100,94,94,94,3,1
100,100,100,100,100,100,110,110,110,100,100,100,715,1
90,90,90,100,100,100,96,96,96,100,100,100,664,2
100,100,100,110,110,110,100,100,100,104,104,104,162,2
110,110,110,100,100,100,98,98,98,100,100,100,885,2
100,100,100,100,100,100,100,100,100,100,100,100,644,2
110,110,110,100,100,100,92,92,92,100,100,100,981,2
100,100,100,90,90,90,100,100,100,92,92,92,365,1
100,100,100,110,110,110,100,100,100,106,106,106,724,2
100,100,100,110,110,110,100,100,100,92,92,92,849,1
100,100,100,90,90,90,100,100,100,98,98,98,401,1
100,100,100,100,100,100,100,100,100,92,92,92,211,1
100,100,100,100,100,100,104,104,104,100,100,100,184,1
110,110,110,100,100,100,102,102,102,100,100,100,920,1
90,90,90,100,100,100,94,94,94,100,100,100,234,2
100,100,100,100,100,100,100,100,100,108,108,108,582,2
90,90,90,100,100,100,106,106,106,100,100,100,669,1
100,100,100,100,100,100,100,100,100,104,104,104,646,2
90,90,90,100,100,100,98,98,98,100,100,100,863,2
90,90,90,100,100,100,92,92,92,100,100,100,35,2
100,100,100,100,100,100,106,106,106,100,100,100,218,1
100,100,100,110,110,110,100,100,100,108,108,108,527,2
100,100,100,90,90,90,100,100,100,90,90,90,430,1
100,100,100,90,90,90,100,100,100,98,98,98,38,1
90,90,90,100,100,100,106,106,106,100,100,100,240,1
100,100,100,100,100,100,100,100,100,90,90,90,738,1
90,90,90,100,100,100,100,100,100,100,100,100,666,1
100,100,100,100,100,100,100,100,100,98,98,98,643,1
110,110,110,100,100,100,102,102,102,100,100,100,821,1
100,100,100,100,100,100,100,100,100,104,104,104,250,2
100,100,100,90,90,90,100,100,100,102,102,102,304,2
100,100,100,100,100,100,106,106,106,100,100,100,284,1
100,100,100,100,100,100,100,100,100,94,94,94,377,1
100,100,100,110,110,110,100,100,100,100,100,100,820,2
90,90,90,100,100,100,90,90,90,100,100,100,298,2
100,100,100,110,110,110,100,100,100,102,102,102,458,2
90,90,90,100,100,100,94,94,94,100,100,100,432,2
100,100,100,100,100,100,100,100,100,110,110,110,880,2
100,100,100,100,100,100,100,100,100,110,110,110,187,2
90,90,90,100,100,100,110,110,110,100,100,100,440,1
100,100,100,100,100,100,110,110,110,100,100,100,319,1
100,100,100,100,100,100,104,104,104,100,100,100,547,1
110,110,110,100,100,100,108,108,108,100,100,100,32,1
100,100,100,90,90,90,100,100,100,94,94,94,564,1
100,100,100,110,110,110,100,100,100,96,96,96,92,1
110,110,110,100,100,100,110,110,110,100,100,100,759,1
100,100,100,100,100,100,100,100,100,110,110,110,385,2
100,100,100,90,90,90,100,100,100,106,106,106,834,2
100,100,100,110,110,110,100,100,100,104,104,104,360,2
100,100,100,110,110,110,100,100,100,106,106,106,955,2
90,90,90,100,100,100,104,104,104,100,100,100,206,1
100,100,100,100,100,100,102,102,102,100,100,100,315,1
90,90,90,100,100,100,102,102,102,100,100,100,205,1
100,100,100,100,100,100,100,100,100,100,100,100,974,1
100,100,100,90,90,90,100,100,100,100,100,100,798,2
100,100,100,110,110,110,100,100,100,106,106,106,196,2
110,110,110,100,100,100,104,104,104,100,100,100,624,1
100,100,100,100,100,100,98,98,98,100,100,100,775,2
90,90,90,100,100,100,90,90,90,100,100,100,100,2
90,90,90,100,100,100,90,90,90,100,100,100,496,2
110,110,110,100,100,100,110,110,110,100,100,100,429,1
100,100,100,100,100,100,104,104,104,100,100,100,745,1
100,100,100,90,90,90,100,100,100,110,110,110,968,2
100,100,100,110,110,110,100,100,100,108,108,108,989,2
110,110,110,100,100,100,108,108,108,100,100,100,659,1
110,110,110,100,100,100,106,106,106,100,100,100,526,1
100,100,100,100,100,100,96,96,96,100,100,100,81,2
110,110,110,100,100,100,110,110,110,100,100,100,363,1
100,100,100,100,100,100,100,100,100,96,96,96,114,1
110,110,110,100,100,100,108,108,108,100,100,100,197,1
110,110,110,100,100,100,98,98,98,100,100,100,951,2
110,110,110,100,100,100,100,100,100,100,100,100,886,1
