161,160,158,169,168,166,176,175,173,169,168,166,374,1
169,168,166,169,168,166,176,175,173,169,168,166,550,1
169,168,166,161,160,158,169,168,166,163,162,160,662,1
169,168,166,161,160,158,169,168,166,169,168,166,633,2
176,175,173,169,168,166,167,166,164,169,168,166,258,2
169,168,166,169,168,166,173,172,170,169,168,166,977,1
169,168,166,176,175,173,169,168,166,175,174,172,560,2
169,168,166,169,168,166,173,172,170,169,168,166,944,1
169,168,166,176,175,173,169,168,166,164,163,161,256,1
169,168,166,169,168,166,170,169,167,169,168,166,216,1
161,160,158,169,168,166,166,165,163,169,168,166,136,2
169,168,166,176,175,173,169,168,166,176,175,173,330,2
169,168,166,176,175,173,169,168,166,172,171,169,96,2
169,168,166,176,175,173,169,168,166,170,169,167,392,2
176,175,173,169,168,166,170,169,167,169,168,166,62,1
176,175,173,169,168,166,175,174,172,169,168,166,131,1
161,160,158,169,168,166,161,160,158,169,168,166,232,2
169,168,166,176,175,173,169,168,166,164,163,161,619,1
169,168,166,169,168,166,166,165,163,169,168,166,510,2
169,168,166,176,175,173,169,168,166,169,168,166,787,2
169,168,166,169,168,166,172,171,169,169,168,166,118,1
161,160,158,169,168,166,166,165,163,169,168,166,301,2
169,168,166,161,160,158,169,168,166,172,171,169,272,2
169,168,166,161,160,158,169,168,166,169,168,166,765,2
169,168,166,169,168,166,169,168,166,170,169,167,876,2
169,168,166,176,175,173,169,168,166,163,162,160,816,1
176,175,173,169,168,166,169,168,166,169,168,166,94,1
161,160,158,169,168,166,169,168,166,169,168,166,831,1
169,168,166,161,160,158,169,168,166,175,174,172,340,2
169,168,166,169,168,166,175,174,172,169,168,166,483,1
176,175,173,169,168,166,172,171,169,169,168,166,327,1
169,168,166,161,160,158,169,168,166,173,172,170,273,2
176,175,173,169,168,166,173,172,170,169,168,166,31,1
169,168,166,169,168,166,175,174,172,169,168,166,648,1
169,168,166,161,160,158,169,168,166,163,162,160,101,1
176,175,173,169,168,166,173,172,170,169,168,166,691,1
169,168,166,176,175,173,169,168,166,176,175,173,990,2
169,168,166,176,175,173,169,168,166,173,172,170,295,2
169,168,166,169,168,166,169,168,166,170,169,167,18,2
169,168,166,161,160,158,169,168,166,170,169,167,964,2
161,160,158,169,168,166,164,163,161,169,168,166,894,2
169,168,166,161,160,158,169,168,166,163,162,160,761,1
169,168,166,161,160,158,169,168,166,173,172,170,867,2
161,160,158,169,168,166,173,172,170,169,168,166,735,1
161,160,158,169,168,166,164,163,161,169,168,166,498,2
169,168,166,169,168,166,169,168,166,167,166,164,115,1
169,168,166,161,160,158,169,168,166,175,174,172,670,2
161,160,158,169,168,166,169,168,166,169,168,166,897,1
169,168,166,161,160,158,169,168,166,163,162,160,233,1
169,168,166,169,168,166,169,168,166,161,160,158,606,1
176,175,173,169,168,166,167,166,164,169,168,166,819,2
169,168,166,169,168,166,169,168,166,166,165,163,180,1
169,168,166,176,175,173,169,168,166,169,168,166,457,2
161,160,158,169,168,166,164,163,161,169,168,166,300,2
176,175,173,169,168,166,167,166,164,169,168,166,588,2
161,160,158,169,168,166,163,162,160,169,168,166,629,2
176,175,173,169,168,166,161,160,158,169,168,166,551,2
169,168,166,176,175,173,169,168,166,170,169,167,326,2
169,168,166,169,168,166,169,168,166,176,175,173,616,2
169,168,166,176,175,173,169,168,166,172,171,169,129,2
169,168,166,169,168,166,169,168,166,161,160,158,12,1
169,168,166,161,160,158,169,168,166,173,172,170,900,2
176,175,173,169,168,166,163,162,160,169,168,166,486,2
169,168,166,176,175,173,169,168,166,176,175,173,693,2
161,160,158,169,168,166,167,166,164,169,168,166,170,2
169,168,166,161,160,158,169,168,166,161,160,158,760,1
169,168,166,161,160,158,169,168,166,176,175,173,275,2
169,168,166,169,168,166,161,160,158,169,168,166,639,2
169,168,166,161,160,158,169,168,166,173,172,170,9,2
169,168,166,169,168,166,161,160,158,169,168,166,276,2
161,160,158,169,168,166,164,163,161,169,168,166,465,2
176,175,173,169,168,166,166,165,163,169,168,166,323,2
169,168,166,169,168,166,169,168,166,176,175,173,418,2
169,168,166,169,168,166,163,162,160,169,168,166,937,2
169,168,166,161,160,158,169,168,166,173,172,170,339,2
161,160,158,169,168,166,173,172,170,169,168,166,966,1
161,160,158,169,168,166,167,166,164,169,168,166,632,2
169,168,166,169,168,166,169,168,166,161,160,158,705,1
169,168,166,176,175,173,169,168,166,175,174,172,824,2
169,168,166,169,168,166,164,163,161,169,168,166,575,2
176,175,173,169,168,166,163,162,160,169,168,166,156,2
161,160,158,169,168,166,170,169,167,169,168,166,139,1
169,168,166,161,160,158,169,168,166,169,168,166,72,2
169,168,166,176,175,173,169,168,166,175,174,172,164,2
169,168,166,169,168,166,163,162,160,169,168,166,871,2
169,168,166,161,160,158,169,168,166,167,166,164,500,1
169,168,166,169,168,166,173,172,170,169,168,166,548,1
169,168,166,169,168,166,169,168,166,161,160,158,309,1
176,175,173,169,168,166,175,174,172,169,168,166,98,1
176,175,173,169,168,166,170,169,167,169,168,166,425,1
161,160,158,169,168,166,169,168,166,169,168,166,501,1
169,168,166,161,160,158,169,168,166,173,172,170,108,2
169,168,166,161,160,158,169,168,166,175,174,172,142,2
169,168,166,169,168,166,170,169,167,169,168,166,579,1
169,168,166,169,168,166,169,168,166,176,175,173,451,2
161,160,158,169,168,166,175,174,172,169,168,166,538,1
169,168,166,169,168,166,167,166,164,169,168,166,16,2
161,160,158,169,168,166,175,174,172,169,168,166,241,1
169,168,166,169,168,166,169,168,166,176,175,173,88,2
161,160,158,169,168,166,169,168,166,169,168,166,435,1
169,168,166,161,160,158,169,168,166,170,169,167,733,2
169,168,166,176,175,173,169,168,166,173,172,170,493,2
169,168,166,169,168,166,169,168,166,163,162,160,310,1
169,168,166,161,160,158,169,168,166,167,166,164,962,1
169,168,166,176,175,173,169,168,166,176,175,173,231,2
169,168,166,161,160,158,169,168,166,173,172,170,504,2
169,168,166,169,168,166,169,168,166,175,174,172,285,2
161,160,158,169,168,166,169,168,166,169,168,166,204,1
169,168,166,161,160,158,169,168,166,173,172,170,570,2
169,168,166,176,175,173,169,168,166,169,168,166,391,2
169,168,166,176,175,173,169,168,166,164,163,161,91,1
169,168,166,176,175,173,169,168,166,172,171,169,426,2
176,175,173,169,168,166,167,166,164,169,168,166,786,2
169,168,166,169,168,166,169,168,166,169,168,166,347,2
169,168,166,169,168,166,164,163,161,169,168,166,14,2
176,175,173,169,168,166,169,168,166,169,168,166,721,1
169,168,166,169,168,166,166,165,163,169,168,166,642,2
169,168,166,169,168,166,169,168,166,166,165,163,741,1
169,168,166,161,160,158,169,168,166,172,171,169,767,2
169,168,166,169,168,166,169,168,166,169,168,166,842,1
169,168,166,169,168,166,161,160,158,169,168,166,573,2
169,168,166,176,175,173,169,168,166,169,168,166,424,2
169,168,166,169,168,166,161,160,158,169,168,166,45,2
169,168,166,169,168,166,166,165,163,169,168,166,312,2
169,168,166,169,168,166,169,168,166,173,172,170,515,2
169,168,166,176,175,173,169,168,166,166,165,163,422,1
169,168,166,176,175,173,169,168,166,166,165,163,389,1
169,168,166,169,168,166,167,166,164,169,168,166,742,2
169,168,166,176,175,173,169,168,166,170,169,167,260,2
161,160,158,169,168,166,175,174,172,169,168,166,274,1
169,168,166,169,168,166,169,168,166,173,172,170,20,2
169,168,166,169,168,166,169,168,166,167,166,164,181,1
169,168,166,169,168,166,167,166,164,169,168,166,511,2
169,168,166,161,160,158,169,168,166,166,165,163,103,1
161,160,158,169,168,166,163,162,160,169,168,166,200,2
169,168,166,169,168,166,169,168,166,169,168,166,611,1
169,168,166,176,175,173,169,168,166,167,166,164,225,1
169,168,166,169,168,166,169,168,166,161,160,158,804,1
169,168,166,176,175,173,169,168,166,176,175,173,99,2
176,175,173,169,168,166,170,169,167,169,168,166,788,1
176,175,173,169,168,166,173,172,170,169,168,166,460,1
169,168,166,161,160,158,169,168,166,169,168,166,534,2
169,168,166,176,175,173,169,168,166,175,174,172,791,2
169,168,166,169,168,166,169,168,166,176,175,173,649,2
176,175,173,169,168,166,169,168,166,169,168,166,127,1
169,168,166,161,160,158,169,168,166,172,171,169,668,2
176,175,173,169,168,166,166,165,163,169,168,166,719,2
169,168,166,169,168,166,169,168,166,161,160,158,540,1
169,168,166,169,168,166,169,168,166,164,163,161,410,1
169,168,166,169,168,166,169,168,166,164,163,161,839,1
169,168,166,169,168,166,173,172,170,169,168,166,449,1
169,168,166,176,175,173,169,168,166,170,169,167,128,2
169,168,166,169,168,166,169,168,166,169,168,166,446,2
169,168,166,169,168,166,169,168,166,169,168,166,710,2
169,168,166,169,168,166,169,168,166,164,163,161,113,1
161,160,158,169,168,166,161,160,158,169,168,166,958,2
176,175,173,169,168,166,170,169,167,169,168,166,95,1
169,168,166,169,168,166,169,168,166,172,171,169,283,2
169,168,166,169,168,166,170,169,167,169,168,166,414,1
176,175,173,169,168,166,161,160,158,169,168,166,980,2
169,168,166,169,168,166,169,168,166,172,171,169,679,2
176,175,173,169,168,166,173,172,170,169,168,166,229,1
169,168,166,161,160,158,169,168,166,176,175,173,671,2
169,168,166,161,160,158,169,168,166,172,171,169,965,2
169,168,166,169,168,166,169,168,166,170,169,167,678,2
169,168,166,169,168,166,169,168,166,170,169,167,711,2
169,168,166,169,168,166,169,168,166,170,169,167,612,2
176,175,173,169,168,166,169,168,166,169,168,166,490,1
169,168,166,169,168,166,164,163,161,169,168,166,311,2
169,168,166,169,168,166,169,168,166,172,171,169,778,2
169,168,166,161,160,158,169,168,166,163,162,160,827,1
176,175,173,169,168,166,161,160,158,169,168,166,584,2
169,168,166,169,168,166,163,162,160,169,168,166,409,2
169,168,166,169,168,166,169,168,166,169,168,166,215,1
169,168,166,169,168,166,164,163,161,169,168,166,740,2
176,175,173,169,168,166,172,171,169,169,168,166,558,1
169,168,166,176,175,173,169,168,166,167,166,164,687,1
169,168,166,169,168,166,169,168,166,169,168,166,182,2
176,175,173,169,168,166,175,174,172,169,168,166,626,1
161,160,158,169,168,166,169,168,166,169,168,166,270,1
176,175,173,169,168,166,176,175,173,169,168,166,792,1
169,168,166,169,168,166,163,162,160,169,168,166,838,2
169,168,166,169,168,166,167,166,164,169,168,166,676,2
169,168,166,169,168,166,169,168,166,175,174,172,813,2
176,175,173,169,168,166,164,163,161,169,168,166,586,2
169,168,166,176,175,173,169,168,166,164,163,161,487,1
161,160,158,169,168,166,161,160,158,169,168,166,694,2
161,160,158,169,168,166,169,168,166,169,168,166,930,1
169,168,166,169,168,166,175,174,172,169,168,166,846,1
161,160,158,169,168,166,176,175,173,169,168,166,242,1
169,168,166,169,168,166,169,168,166,173,172,170,713,2
176,175,173,169,168,166,169,168,166,169,168,166,853,1
169,168,166,176,175,173,169,168,166,163,162,160,189,1
169,168,166,161,160,158,169,168,166,175,174,172,76,2
169,168,166,176,175,173,169,168,166,166,165,163,191,1
169,168,166,169,168,166,169,168,166,166,165,163,708,1
161,160,158,169,168,166,161,160,158,169,168,166,331,2
169,168,166,169,168,166,169,168,166,169,168,166,545,1
169,168,166,169,168,166,169,168,166,161,160,158,342,1
176,175,173,169,168,166,169,168,166,169,168,166,556,1
169,168,166,169,168,166,169,168,166,166,165,163,873,1
169,168,166,176,175,173,169,168,166,163,162,160,321,1
169,168,166,161,160,158,169,168,166,170,169,167,799,2
169,168,166,169,168,166,169,168,166,169,168,166,413,1
169,168,166,169,168,166,169,168,166,167,166,164,610,1
176,175,173,169,168,166,170,169,167,169,168,166,194,1
161,160,158,169,168,166,164,163,161,169,168,166,168,2
169,168,166,176,175,173,169,168,166,170,169,167,557,2
169,168,166,169,168,166,169,168,166,169,168,166,875,2
169,168,166,169,168,166,164,163,161,169,168,166,872,2
169,168,166,169,168,166,163,162,160,169,168,166,574,2
169,168,166,161,160,158,169,168,166,161,160,158,133,1
169,168,166,161,160,158,169,168,166,176,175,173,902,2
169,168,166,169,168,166,164,163,161,169,168,166,47,2
169,168,166,169,168,166,169,168,166,175,174,172,780,2
176,175,173,169,168,166,163,162,160,169,168,166,915,2
169,168,166,169,168,166,169,168,166,173,172,170,53,2
169,168,166,169,168,166,173,172,170,169,168,166,878,1
169,168,166,169,168,166,169,168,166,170,169,167,84,2
169,168,166,176,175,173,169,168,166,164,163,161,553,1
169,168,166,161,160,158,169,168,166,169,168,166,237,2
169,168,166,169,168,166,169,168,166,170,169,167,249,2
169,168,166,169,168,166,167,166,164,169,168,166,379,2
176,175,173,169,168,166,170,169,167,169,168,166,161,1
169,168,166,161,160,158,169,168,166,172,171,169,107,2
169,168,166,176,175,173,169,168,166,176,175,173,924,2
169,168,166,169,168,166,169,168,166,169,168,166,578,1
161,160,158,169,168,166,172,171,169,169,168,166,371,1
176,175,173,169,168,166,163,162,160,169,168,166,24,2
169,168,166,176,175,173,169,168,166,170,169,167,29,2
169,168,166,169,168,166,169,168,166,175,174,172,945,2
169,168,166,176,175,173,169,168,166,161,160,158,23,1
169,168,166,161,160,158,169,168,166,170,169,167,436,2
169,168,166,161,160,158,169,168,166,175,174,172,901,2
169,168,166,176,175,173,169,168,166,172,171,169,63,2
176,175,173,169,168,166,167,166,164,169,168,166,918,2
176,175,173,169,168,166,167,166,164,169,168,166,522,2
169,168,166,176,175,173,169,168,166,164,163,161,916,1
169,168,166,176,175,173,169,168,166,176,175,173,297,2
161,160,158,169,168,166,164,163,161,169,168,166,135,2
161,160,158,169,168,166,169,168,166,169,168,166,6,1
169,168,166,169,168,166,169,168,166,173,172,170,317,2
176,175,173,169,168,166,169,168,166,169,168,166,919,1
169,168,166,169,168,166,169,168,166,169,168,166,248,2
169,168,166,169,168,166,169,168,166,169,168,166,908,1
169,168,166,169,168,166,163,162,160,169,168,166,772,2
169,168,166,161,160,158,169,168,166,163,162,160,596,1
169,168,166,169,168,166,169,168,166,175,174,172,21,2
161,160,158,169,168,166,175,174,172,169,168,166,934,1
169,168,166,169,168,166,169,168,166,170,169,167,843,2
161,160,158,169,168,166,161,160,158,169,168,166,925,2
169,168,166,169,168,166,166,165,163,169,168,166,906,2
169,168,166,169,168,166,169,168,166,173,172,170,680,2
169,168,166,169,168,166,169,168,166,164,163,161,905,1
161,160,158,169,168,166,173,172,170,169,168,166,174,1
169,168,166,176,175,173,169,168,166,166,165,163,983,1
169,168,166,169,168,166,169,168,166,167,166,164,82,1
176,175,173,169,168,166,173,172,170,169,168,166,658,1
176,175,173,169,168,166,176,175,173,169,168,166,957,1
176,175,173,169,168,166,161,160,158,169,168,166,89,2
176,175,173,169,168,166,164,163,161,169,168,166,355,2
169,168,166,161,160,158,169,168,166,169,168,166,567,2
176,175,173,169,168,166,167,166,164,169,168,166,93,2
169,168,166,169,168,166,164,163,161,169,168,166,608,2
169,168,166,169,168,166,175,174,172,169,168,166,747,1
169,168,166,161,160,158,169,168,166,163,162,160,563,1
169,168,166,169,168,166,169,168,166,163,162,160,13,1
161,160,158,169,168,166,163,162,160,169,168,166,728,2
161,160,158,169,168,166,167,166,164,169,168,166,830,2
161,160,158,169,168,166,167,166,164,169,168,166,533,2
161,160,158,169,168,166,172,171,169,169,168,166,8,1
169,168,166,169,168,166,173,172,170,169,168,166,779,1
161,160,158,169,168,166,169,168,166,169,168,166,864,1
176,175,173,169,168,166,175,174,172,169,168,166,593,1
161,160,158,169,168,166,170,169,167,169,168,166,73,1
169,168,166,176,175,173,169,168,166,172,171,169,657,2
169,168,166,161,160,158,169,168,166,176,175,173,143,2
176,175,173,169,168,166,173,172,170,169,168,166,361,1
161,160,158,169,168,166,175,174,172,169,168,166,109,1
169,168,166,169,168,166,175,174,172,169,168,166,318,1
169,168,166,169,168,166,169,168,166,163,162,160,706,1
169,168,166,169,168,166,169,168,166,172,171,169,52,2
169,168,166,176,175,173,169,168,166,170,169,167,887,2
161,160,158,169,168,166,172,171,169,169,168,166,470,1
161,160,158,169,168,166,172,171,169,169,168,166,800,1
161,160,158,169,168,166,172,171,169,169,168,166,305,1
161,160,158,169,168,166,170,169,167,169,168,166,403,1
176,175,173,169,168,166,161,160,158,169,168,166,485,2
169,168,166,161,160,158,169,168,166,166,165,163,400,1
169,168,166,169,168,166,169,168,166,167,166,164,148,1
161,160,158,169,168,166,173,172,170,169,168,166,75,1
169,168,166,161,160,158,169,168,166,176,175,173,110,2
176,175,173,169,168,166,170,169,167,169,168,166,689,1
169,168,166,161,160,158,169,168,166,164,163,161,69,1
161,160,158,169,168,166,170,169,167,169,168,166,898,1
169,168,166,161,160,158,169,168,166,166,165,163,895,1
169,168,166,169,168,166,169,168,166,161,160,158,177,1
169,168,166,176,175,173,169,168,166,173,172,170,592,2
169,168,166,161,160,158,169,168,166,170,169,167,337,2
161,160,158,169,168,166,170,169,167,169,168,166,832,1
161,160,158,169,168,166,164,163,161,169,168,166,531,2
169,168,166,161,160,158,169,168,166,166,165,163,532,1
161,160,158,169,168,166,170,169,167,169,168,166,502,1
169,168,166,161,160,158,169,168,166,161,160,158,67,1
161,160,158,169,168,166,164,163,161,169,168,166,828,2
169,168,166,169,168,166,166,165,163,169,168,166,411,2
176,175,173,169,168,166,164,163,161,169,168,166,190,2
169,168,166,169,168,166,161,160,158,169,168,166,408,2
176,175,173,169,168,166,169,168,166,169,168,166,160,1
169,168,166,169,168,166,166,165,163,169,168,166,477,2
169,168,166,169,168,166,169,168,166,169,168,166,50,2
176,175,173,169,168,166,166,165,163,169,168,166,917,2
169,168,166,169,168,166,163,162,160,169,168,166,343,2
161,160,158,169,168,166,170,169,167,169,168,166,568,1
169,168,166,161,160,158,169,168,166,166,165,163,37,1
169,168,166,169,168,166,169,168,166,167,166,164,874,1
176,175,173,169,168,166,176,175,173,169,168,166,462,1
161,160,158,169,168,166,170,169,167,169,168,166,700,1
169,168,166,176,175,173,169,168,166,173,172,170,823,2
169,168,166,176,175,173,169,168,166,161,160,158,188,1
169,168,166,176,175,173,169,168,166,164,163,161,58,1
169,168,166,169,168,166,169,168,166,170,169,167,645,2
169,168,166,176,175,173,169,168,166,175,174,172,65,2
169,168,166,161,160,158,169,168,166,176,175,173,11,2
169,168,166,169,168,166,163,162,160,169,168,166,277,2
169,168,166,169,168,166,169,168,166,170,169,167,447,2
161,160,158,169,168,166,173,172,170,169,168,166,438,1
161,160,158,169,168,166,172,171,169,169,168,166,173,1
169,168,166,176,175,173,169,168,166,167,166,164,753,1
176,175,173,169,168,166,173,172,170,169,168,166,625,1
169,168,166,169,168,166,163,162,160,169,168,166,607,2
169,168,166,169,168,166,173,172,170,169,168,166,416,1
176,175,173,169,168,166,176,175,173,169,168,166,726,1
169,168,166,169,168,166,173,172,170,169,168,166,350,1
176,175,173,169,168,166,167,166,164,169,168,166,291,2
176,175,173,169,168,166,161,160,158,169,168,166,254,2
169,168,166,176,175,173,169,168,166,172,171,169,195,2
176,175,173,169,168,166,161,160,158,169,168,166,848,2
176,175,173,169,168,166,164,163,161,169,168,166,157,2
169,168,166,176,175,173,169,168,166,161,160,158,716,1
169,168,166,169,168,166,164,163,161,169,168,166,179,2
169,168,166,176,175,173,169,168,166,170,169,167,359,2
169,168,166,169,168,166,170,169,167,169,168,166,777,1
161,160,158,169,168,166,176,175,173,169,168,166,572,1
176,175,173,169,168,166,170,169,167,169,168,166,854,1
161,160,158,169,168,166,175,174,172,169,168,166,505,1
169,168,166,176,175,173,169,168,166,164,163,161,388,1
169,168,166,176,175,173,169,168,166,161,160,158,386,1
176,175,173,169,168,166,164,163,161,169,168,166,850,2
161,160,158,169,168,166,176,175,173,169,168,166,176,1
176,175,173,169,168,166,173,172,170,169,168,166,988,1
169,168,166,176,175,173,169,168,166,167,166,164,720,1
169,168,166,161,160,158,169,168,166,163,162,160,266,1
169,168,166,169,168,166,161,160,158,169,168,166,903,2
169,168,166,161,160,158,169,168,166,169,168,166,402,2
169,168,166,176,175,173,169,168,166,166,165,163,554,1
169,168,166,176,175,173,169,168,166,175,174,172,395,2
176,175,173,169,168,166,172,171,169,169,168,166,525,1
161,160,158,169,168,166,176,175,173,169,168,166,308,1
169,168,166,176,175,173,169,168,166,172,171,169,789,2
169,168,166,169,168,166,175,174,172,169,168,166,681,1
169,168,166,176,175,173,169,168,166,164,163,161,421,1
169,168,166,169,168,166,169,168,166,164,163,161,509,1
169,168,166,169,168,166,169,168,166,170,169,167,381,2
161,160,158,169,168,166,176,175,173,169,168,166,77,1
161,160,158,169,168,166,169,168,166,169,168,166,468,1
169,168,166,161,160,158,169,168,166,161,160,158,661,1
169,168,166,161,160,158,169,168,166,172,171,169,239,2
169,168,166,176,175,173,169,168,166,172,171,169,921,2
169,168,166,169,168,166,161,160,158,169,168,166,837,2
169,168,166,169,168,166,175,174,172,169,168,166,384,1
169,168,166,169,168,166,169,168,166,173,172,170,482,2
169,168,166,169,168,166,172,171,169,169,168,166,481,1
176,175,173,169,168,166,163,162,160,169,168,166,948,2
161,160,158,169,168,166,163,162,160,169,168,166,926,2
169,168,166,169,168,166,166,165,163,169,168,166,543,2
176,175,173,169,168,166,164,163,161,169,168,166,454,2
169,168,166,169,168,166,169,168,166,161,160,158,111,1
169,168,166,176,175,173,169,168,166,173,172,170,757,2
169,168,166,176,175,173,169,168,166,170,169,167,590,2
161,160,158,169,168,166,167,166,164,169,168,166,203,2
169,168,166,176,175,173,169,168,166,164,163,161,817,1
169,168,166,169,168,166,175,174,172,169,168,166,450,1
169,168,166,161,160,158,169,168,166,169,168,166,699,2
169,168,166,169,168,166,169,168,166,161,160,158,507,1
169,168,166,161,160,158,169,168,166,173,172,170,603,2
176,175,173,169,168,166,164,163,161,169,168,166,751,2
169,168,166,169,168,166,169,168,166,175,174,172,516,2
176,175,173,169,168,166,176,175,173,169,168,166,660,1
176,175,173,169,168,166,163,162,160,169,168,166,57,2
169,168,166,161,160,158,169,168,166,175,174,172,637,2
169,168,166,176,175,173,169,168,166,161,160,158,914,1
169,168,166,161,160,158,169,168,166,170,169,167,238,2
161,160,158,169,168,166,175,174,172,169,168,166,472,1
161,160,158,169,168,166,170,169,167,169,168,166,7,1
176,175,173,169,168,166,175,174,172,169,168,166,461,1
169,168,166,169,168,166,163,162,160,169,168,166,970,2
176,175,173,169,168,166,163,162,160,169,168,166,354,2
161,160,158,169,168,166,169,168,166,169,168,166,138,1
169,168,166,169,168,166,169,168,166,175,174,172,879,2
176,175,173,169,168,166,172,171,169,169,168,166,459,1
169,168,166,169,168,166,169,168,166,176,175,173,814,2
161,160,158,169,168,166,166,165,163,169,168,166,466,2
176,175,173,169,168,166,169,168,166,169,168,166,226,1
169,168,166,169,168,166,166,165,163,169,168,166,807,2
169,168,166,169,168,166,169,168,166,169,168,166,281,1
169,168,166,161,160,158,169,168,166,161,160,158,892,1
169,168,166,169,168,166,170,169,167,169,168,166,942,1
169,168,166,169,168,166,172,171,169,169,168,166,844,1
169,168,166,169,168,166,169,168,166,161,160,158,870,1
169,168,166,161,160,158,169,168,166,175,174,172,868,2
169,168,166,176,175,173,169,168,166,175,174,172,692,2
161,160,158,169,168,166,161,160,158,169,168,166,364,2
176,175,173,169,168,166,166,165,163,169,168,166,125,2
169,168,166,176,175,173,169,168,166,166,165,163,521,1
169,168,166,169,168,166,169,168,166,167,166,164,49,1
169,168,166,176,175,173,169,168,166,161,160,158,881,1
161,160,158,169,168,166,169,168,166,169,168,166,105,1
169,168,166,176,175,173,169,168,166,166,165,163,620,1
169,168,166,169,168,166,164,163,161,169,168,166,773,2
169,168,166,169,168,166,169,168,166,176,175,173,979,2
176,175,173,169,168,166,173,172,170,169,168,166,856,1
169,168,166,161,160,158,169,168,166,164,163,161,201,1
169,168,166,176,175,173,169,168,166,175,174,172,956,2
169,168,166,169,168,166,169,168,166,169,168,166,479,1
169,168,166,169,168,166,169,168,166,176,175,173,352,2
161,160,158,169,168,166,173,172,170,169,168,166,537,1
169,168,166,169,168,166,169,168,166,170,169,167,348,2
161,160,158,169,168,166,161,160,158,169,168,166,166,2
169,168,166,169,168,166,169,168,166,173,172,170,119,2
176,175,173,169,168,166,161,160,158,169,168,166,947,2
169,168,166,161,160,158,169,168,166,166,165,163,4,1
169,168,166,176,175,173,169,168,166,167,166,164,60,1
169,168,166,161,160,158,169,168,166,172,171,169,74,2
169,168,166,176,175,173,169,168,166,167,166,164,159,1
169,168,166,169,168,166,175,174,172,169,168,166,912,1
161,160,158,169,168,166,173,172,170,169,168,166,801,1
161,160,158,169,168,166,172,171,169,169,168,166,569,1
161,160,158,169,168,166,164,163,161,169,168,166,927,2
169,168,166,161,160,158,169,168,166,175,174,172,373,2
169,168,166,169,168,166,169,168,166,176,175,173,748,2
169,168,166,169,168,166,169,168,166,164,163,161,707,1
176,175,173,169,168,166,167,166,164,169,168,166,423,2
161,160,158,169,168,166,175,174,172,169,168,166,175,1
161,160,158,169,168,166,176,175,173,169,168,166,803,1
176,175,173,169,168,166,166,165,163,169,168,166,851,2
169,168,166,176,175,173,169,168,166,164,163,161,124,1
169,168,166,176,175,173,169,168,166,163,162,160,684,1
169,168,166,161,160,158,169,168,166,172,171,169,899,2
161,160,158,169,168,166,167,166,164,169,168,166,599,2
161,160,158,169,168,166,164,163,161,169,168,166,102,2
161,160,158,169,168,166,170,169,167,169,168,166,370,1
176,175,173,169,168,166,167,166,164,169,168,166,654,2
176,175,173,169,168,166,175,174,172,169,168,166,923,1
161,160,158,169,168,166,166,165,163,169,168,166,433,2
169,168,166,176,175,173,169,168,166,175,174,172,890,2
169,168,166,169,168,166,172,171,169,169,168,166,811,1
176,175,173,169,168,166,172,171,169,169,168,166,756,1
169,168,166,169,168,166,169,168,166,166,165,163,213,1
169,168,166,176,175,173,169,168,166,166,165,163,488,1
169,168,166,161,160,158,169,168,166,167,166,164,797,1
176,175,173,169,168,166,173,172,170,169,168,166,394,1
169,168,166,169,168,166,169,168,166,172,171,169,415,2
169,168,166,169,168,166,161,160,158,169,168,166,78,2
169,168,166,161,160,158,169,168,166,175,174,172,967,2
169,168,166,169,168,166,169,168,166,170,169,167,282,2
169,168,166,169,168,166,169,168,166,161,160,158,474,1
169,168,166,176,175,173,169,168,166,163,162,160,651,1
169,168,166,169,168,166,167,166,164,169,168,166,313,2
169,168,166,169,168,166,161,160,158,169,168,166,210,2
169,168,166,169,168,166,169,168,166,166,165,163,939,1
169,168,166,161,160,158,169,168,166,167,166,164,302,1
169,168,166,169,168,166,176,175,173,169,168,166,682,1
161,160,158,169,168,166,172,171,169,169,168,166,932,1
169,168,166,169,168,166,169,168,166,161,160,158,936,1
169,168,166,176,175,173,169,168,166,164,163,161,685,1
169,168,166,176,175,173,169,168,166,169,168,166,589,2
176,175,173,169,168,166,164,163,161,169,168,166,289,2
169,168,166,176,175,173,169,168,166,175,174,172,329,2
161,160,158,169,168,166,176,175,173,169,168,166,539,1
176,175,173,169,168,166,169,168,166,169,168,166,622,1
176,175,173,169,168,166,173,172,170,169,168,166,163,1
169,168,166,169,168,166,164,163,161,169,168,166,542,2
169,168,166,161,160,158,169,168,166,169,168,166,303,2
176,175,173,169,168,166,170,169,167,169,168,166,491,1
169,168,166,176,175,173,169,168,166,169,168,166,688,2
169,168,166,169,168,166,167,166,164,169,168,166,907,2
169,168,166,169,168,166,169,168,166,169,168,166,83,2
176,175,173,169,168,166,161,160,158,169,168,166,419,2
169,168,166,169,168,166,170,169,167,169,168,166,51,1
169,168,166,176,175,173,169,168,166,176,175,173,627,2
169,168,166,161,160,158,169,168,166,167,166,164,731,1
176,175,173,169,168,166,166,165,163,169,168,166,884,2
169,168,166,169,168,166,169,168,166,173,172,170,647,2
169,168,166,169,168,166,169,168,166,176,175,173,253,2
169,168,166,169,168,166,172,171,169,169,168,166,448,1
169,168,166,161,160,158,169,168,166,175,174,172,571,2
169,168,166,169,168,166,169,168,166,166,165,163,840,1
176,175,173,169,168,166,172,171,169,169,168,166,723,1
169,168,166,169,168,166,169,168,166,173,172,170,86,2
169,168,166,169,168,166,169,168,166,161,160,158,969,1
169,168,166,176,175,173,169,168,166,176,175,173,66,2
169,168,166,176,175,173,169,168,166,167,166,164,192,1
169,168,166,176,175,173,169,168,166,175,174,172,725,2
169,168,166,169,168,166,169,168,166,163,162,160,79,1
169,168,166,176,175,173,169,168,166,163,162,160,717,1
169,168,166,169,168,166,173,172,170,169,168,166,251,1
169,168,166,176,175,173,169,168,166,169,168,166,325,2
176,175,173,169,168,166,175,174,172,169,168,166,428,1
169,168,166,169,168,166,163,162,160,169,168,166,508,2
176,175,173,169,168,166,169,168,166,169,168,166,523,1
169,168,166,161,160,158,169,168,166,173,172,170,42,2
169,168,166,169,168,166,167,166,164,169,168,166,940,2
169,168,166,161,160,158,169,168,166,164,163,161,267,1
161,160,158,169,168,166,166,165,163,169,168,166,829,2
169,168,166,176,175,173,169,168,166,164,163,161,652,1
169,168,166,169,168,166,166,165,163,169,168,166,15,2
169,168,166,161,160,158,169,168,166,170,169,167,667,2
176,175,173,169,168,166,170,169,167,169,168,166,755,1
169,168,166,176,175,173,169,168,166,167,166,164,357,1
169,168,166,169,168,166,169,168,166,167,166,164,841,1
169,168,166,176,175,173,169,168,166,163,162,160,585,1
176,175,173,169,168,166,169,168,166,169,168,166,754,1
169,168,166,176,175,173,169,168,166,164,163,161,784,1
169,168,166,161,160,158,169,168,166,172,171,169,437,2
169,168,166,161,160,158,169,168,166,176,175,173,770,2
161,160,158,169,168,166,176,175,173,169,168,166,473,1
169,168,166,169,168,166,169,168,166,164,163,161,344,1
169,168,166,161,160,158,169,168,166,161,160,158,265,1
161,160,158,169,168,166,166,165,163,169,168,166,202,2
169,168,166,169,168,166,163,162,160,169,168,166,805,2
169,168,166,169,168,166,172,171,169,169,168,166,580,1
169,168,166,161,160,158,169,168,166,163,162,160,860,1
169,168,166,169,168,166,175,174,172,169,168,166,351,1
176,175,173,169,168,166,176,175,173,169,168,166,594,1
176,175,173,169,168,166,176,175,173,169,168,166,561,1
169,168,166,169,168,166,172,171,169,169,168,166,217,1
169,168,166,169,168,166,176,175,173,169,168,166,913,1
169,168,166,161,160,158,169,168,166,161,160,158,34,1
169,168,166,176,175,173,169,168,166,164,163,161,982,1
161,160,158,169,168,166,167,166,164,169,168,166,764,2
169,168,166,169,168,166,169,168,166,170,169,167,183,2
169,168,166,169,168,166,169,168,166,176,175,173,22,2
169,168,166,169,168,166,169,168,166,173,172,170,911,2
169,168,166,161,160,158,169,168,166,172,171,169,536,2
161,160,158,169,168,166,175,174,172,169,168,166,406,1
169,168,166,176,175,173,169,168,166,175,174,172,494,2
176,175,173,169,168,166,163,162,160,169,168,166,618,2
169,168,166,176,175,173,169,168,166,169,168,166,952,2
169,168,166,169,168,166,164,163,161,169,168,166,641,2
169,168,166,161,160,158,169,168,166,167,166,164,368,1
169,168,166,169,168,166,163,162,160,169,168,166,145,2
169,168,166,169,168,166,169,168,166,175,174,172,120,2
169,168,166,161,160,158,169,168,166,161,160,158,595,1
161,160,158,169,168,166,167,166,164,169,168,166,929,2
169,168,166,169,168,166,169,168,166,167,166,164,346,1
169,168,166,161,160,158,169,168,166,161,160,158,727,1
169,168,166,169,168,166,169,168,166,169,168,166,512,1
169,168,166,161,160,158,169,168,166,164,163,161,597,1
169,168,166,169,168,166,169,168,166,166,165,163,675,1
176,175,173,169,168,166,164,163,161,169,168,166,883,2
169,168,166,176,175,173,169,168,166,166,165,163,587,1
161,160,158,169,168,166,175,174,172,169,168,166,43,1
169,168,166,169,168,166,176,175,173,169,168,166,220,1
169,168,166,169,168,166,169,168,166,173,172,170,581,2
169,168,166,169,168,166,169,168,166,169,168,166,314,1
169,168,166,161,160,158,169,168,166,166,165,163,268,1
161,160,158,169,168,166,166,165,163,169,168,166,928,2
169,168,166,169,168,166,169,168,166,170,169,167,117,2
176,175,173,169,168,166,163,162,160,169,168,166,90,2
169,168,166,176,175,173,169,168,166,164,163,161,223,1
169,168,166,169,168,166,169,168,166,163,162,160,244,1
169,168,166,176,175,173,169,168,166,167,166,164,852,1
176,175,173,169,168,166,175,174,172,169,168,166,758,1
169,168,166,169,168,166,169,168,166,175,174,172,714,2
169,168,166,169,168,166,169,168,166,164,163,161,245,1
161,160,158,169,168,166,176,175,173,169,168,166,44,1
169,168,166,176,175,173,169,168,166,176,175,173,825,2
169,168,166,176,175,173,169,168,166,175,174,172,362,2
169,168,166,169,168,166,173,172,170,169,168,166,614,1
169,168,166,161,160,158,169,168,166,167,166,164,5,1
176,175,173,169,168,166,176,175,173,169,168,166,165,1
169,168,166,176,175,173,169,168,166,176,175,173,264,2
169,168,166,169,168,166,169,168,166,169,168,166,941,2
169,168,166,176,175,173,169,168,166,166,165,163,59,1
169,168,166,176,175,173,169,168,166,175,174,172,857,2
169,168,166,161,160,158,169,168,166,164,163,161,960,1
169,168,166,161,160,158,169,168,166,166,165,163,796,1
169,168,166,161,160,158,169,168,166,163,162,160,2,1
176,175,173,169,168,166,163,162,160,169,168,166,882,2
169,168,166,161,160,158,169,168,166,161,160,158,199,1
169,168,166,169,168,166,167,166,164,169,168,166,808,2
176,175,173,169,168,166,161,160,158,169,168,166,683,2
169,168,166,169,168,166,163,162,160,169,168,166,112,2
169,168,166,176,175,173,169,168,166,166,165,163,950,1
161,160,158,169,168,166,169,168,166,169,168,166,963,1
169,168,166,161,160,158,169,168,166,169,168,166,336,2
169,168,166,176,175,173,169,168,166,172,171,169,855,2
176,175,173,169,168,166,176,175,173,169,168,166,528,1
169,168,166,169,168,166,161,160,158,169,168,166,243,2
169,168,166,176,175,173,169,168,166,161,160,158,353,1
169,168,166,176,175,173,169,168,166,170,169,167,656,2
176,175,173,169,168,166,167,166,164,169,168,166,984,2
169,168,166,169,168,166,169,168,166,176,175,173,121,2
169,168,166,176,175,173,169,168,166,173,172,170,559,2
169,168,166,161,160,158,169,168,166,164,163,161,366,1
169,168,166,176,175,173,169,168,166,163,162,160,222,1
169,168,166,169,168,166,169,168,166,167,166,164,709,1
161,160,158,169,168,166,163,162,160,169,168,166,134,2
169,168,166,169,168,166,169,168,166,172,171,169,976,2
169,168,166,161,160,158,169,168,166,161,160,158,826,1
169,168,166,176,175,173,169,168,166,170,169,167,953,2
161,160,158,169,168,166,176,175,173,169,168,166,869,1
176,175,173,169,168,166,164,163,161,169,168,166,718,2
176,175,173,169,168,166,169,168,166,169,168,166,193,1
169,168,166,169,168,166,163,162,160,169,168,166,541,2
169,168,166,161,160,158,169,168,166,172,171,169,140,2
176,175,173,169,168,166,176,175,173,169,168,166,33,1
169,168,166,169,168,166,169,168,166,176,175,173,286,2
169,168,166,176,175,173,169,168,166,170,169,167,524,2
169,168,166,169,168,166,169,168,166,169,168,166,776,2
176,175,173,169,168,166,170,169,167,169,168,166,722,1
169,168,166,161,160,158,169,168,166,172,171,169,503,2
161,160,158,169,168,166,167,166,164,169,168,166,698,2
176,175,173,169,168,166,169,168,166,169,168,166,61,1
169,168,166,169,168,166,170,169,167,169,168,166,975,1
169,168,166,169,168,166,169,168,166,175,174,172,219,2
169,168,166,169,168,166,169,168,166,167,166,164,577,1
169,168,166,169,168,166,163,162,160,169,168,166,442,2
176,175,173,169,168,166,169,168,166,169,168,166,358,1
169,168,166,176,175,173,169,168,166,170,169,167,986,2
169,168,166,169,168,166,169,168,166,169,168,166,149,2
169,168,166,161,160,158,169,168,166,169,168,166,171,2
169,168,166,169,168,166,169,168,166,173,172,170,812,2
169,168,166,169,168,166,169,168,166,166,165,163,345,1
169,168,166,169,168,166,166,165,163,169,168,166,378,2
169,168,166,176,175,173,169,168,166,172,171,169,261,2
169,168,166,161,160,158,169,168,166,166,165,163,70,1
169,168,166,161,160,158,169,168,166,169,168,166,369,2
161,160,158,169,168,166,175,174,172,169,168,166,604,1
169,168,166,176,175,173,169,168,166,167,166,164,390,1
176,175,173,169,168,166,166,165,163,169,168,166,785,2
176,175,173,169,168,166,172,171,169,169,168,166,30,1
169,168,166,176,175,173,169,168,166,175,174,172,230,2
169,168,166,176,175,173,169,168,166,176,175,173,198,2
169,168,166,169,168,166,169,168,166,175,174,172,978,2
169,168,166,161,160,158,169,168,166,176,175,173,836,2
169,168,166,161,160,158,169,168,166,167,166,164,269,1
161,160,158,169,168,166,175,174,172,169,168,166,802,1
169,168,166,169,168,166,169,168,166,163,162,160,904,1
169,168,166,169,168,166,173,172,170,169,168,166,746,1
169,168,166,161,160,158,169,168,166,164,163,161,762,1
176,175,173,169,168,166,161,160,158,169,168,166,122,2
161,160,158,169,168,166,170,169,167,169,168,166,634,1
169,168,166,169,168,166,164,163,161,169,168,166,146,2
161,160,158,169,168,166,175,174,172,169,168,166,835,1
161,160,158,169,168,166,172,171,169,169,168,166,338,1
169,168,166,176,175,173,169,168,166,167,166,164,324,1
169,168,166,176,175,173,169,168,166,163,162,160,420,1
169,168,166,161,160,158,169,168,166,164,163,161,729,1
169,168,166,161,160,158,169,168,166,164,163,161,399,1
169,168,166,176,175,173,169,168,166,161,160,158,155,1
169,168,166,169,168,166,173,172,170,169,168,166,383,1
169,168,166,169,168,166,169,168,166,169,168,166,809,1
161,160,158,169,168,166,167,166,164,169,168,166,137,2
169,168,166,176,175,173,169,168,166,166,165,163,224,1
169,168,166,169,168,166,169,168,166,176,175,173,946,2
161,160,158,169,168,166,169,168,166,169,168,166,732,1
169,168,166,161,160,158,169,168,166,172,171,169,833,2
176,175,173,169,168,166,167,166,164,169,168,166,489,2
161,160,158,169,168,166,163,162,160,169,168,166,695,2
176,175,173,169,168,166,163,162,160,169,168,166,750,2
161,160,158,169,168,166,170,169,167,169,168,166,106,1
169,168,166,161,160,158,169,168,166,164,163,161,630,1
161,160,158,169,168,166,176,175,173,169,168,166,935,1
176,175,173,169,168,166,166,165,163,169,168,166,686,2
169,168,166,161,160,158,169,168,166,173,172,170,141,2
169,168,166,169,168,166,172,171,169,169,168,166,910,1
169,168,166,169,168,166,167,166,164,169,168,166,478,2
169,168,166,161,160,158,169,168,166,161,160,158,1,1
161,160,158,169,168,166,164,163,161,169,168,166,696,2
169,168,166,169,168,166,169,168,166,163,162,160,376,1
161,160,158,169,168,166,176,175,173,169,168,166,704,1
169,168,166,161,160,158,169,168,166,167,166,164,467,1
169,168,166,169,168,166,166,165,163,169,168,166,246,2
169,168,166,169,168,166,169,168,166,166,165,163,774,1
169,168,166,176,175,173,169,168,166,163,162,160,123,1
176,175,173,169,168,166,161,160,158,169,168,166,56,2
169,168,166,176,175,173,169,168,166,170,169,167,293,2
169,168,166,169,168,166,167,166,164,169,168,166,280,2
176,175,173,169,168,166,169,168,166,169,168,166,28,1
169,168,166,169,168,166,169,168,166,175,174,172,87,2
176,175,173,169,168,166,161,160,158,169,168,166,287,2
161,160,158,169,168,166,170,169,167,169,168,166,931,1
176,175,173,169,168,166,172,171,169,169,168,166,822,1
169,168,166,161,160,158,169,168,166,167,166,164,335,1
176,175,173,169,168,166,161,160,158,169,168,166,452,2
161,160,158,169,168,166,166,165,163,169,168,166,235,2
169,168,166,176,175,173,169,168,166,172,171,169,888,2
176,175,173,169,168,166,166,165,163,169,168,166,455,2
169,168,166,169,168,166,161,160,158,169,168,166,672,2
169,168,166,161,160,158,169,168,166,175,174,172,736,2
161,160,158,169,168,166,164,163,161,169,168,166,861,2
169,168,166,161,160,158,169,168,166,163,162,160,299,1
169,168,166,169,168,166,172,171,169,169,168,166,349,1
161,160,158,169,168,166,166,165,163,169,168,166,367,2
169,168,166,169,168,166,161,160,158,169,168,166,375,2
169,168,166,169,168,166,166,165,163,169,168,166,444,2
169,168,166,161,160,158,169,168,166,170,169,167,271,2
169,168,166,176,175,173,169,168,166,172,171,169,393,2
169,168,166,176,175,173,169,168,166,164,163,161,949,1
169,168,166,161,160,158,169,168,166,173,172,170,306,2
169,168,166,161,160,158,169,168,166,170,169,167,40,2
169,168,166,169,168,166,169,168,166,175,174,172,615,2
169,168,166,169,168,166,169,168,166,164,163,161,476,1
176,175,173,169,168,166,172,171,169,169,168,166,294,1
161,160,158,169,168,166,167,166,164,169,168,166,665,2
169,168,166,161,160,158,169,168,166,170,169,167,865,2
169,168,166,161,160,158,169,168,166,167,166,164,896,1
169,168,166,169,168,166,169,168,166,170,169,167,744,2
176,175,173,169,168,166,169,168,166,169,168,166,292,1
169,168,166,169,168,166,170,169,167,169,168,166,150,1
176,175,173,169,168,166,173,172,170,169,168,166,262,1
161,160,158,169,168,166,175,174,172,169,168,166,208,1
169,168,166,169,168,166,169,168,166,166,165,163,48,1
169,168,166,161,160,158,169,168,166,166,165,163,565,1
169,168,166,169,168,166,175,174,172,169,168,166,153,1
169,168,166,169,168,166,176,175,173,169,168,166,847,1
169,168,166,161,160,158,169,168,166,172,171,169,404,2
169,168,166,169,168,166,166,165,163,169,168,166,972,2
169,168,166,169,168,166,175,174,172,169,168,166,549,1
169,168,166,161,160,158,169,168,166,167,166,164,71,1
169,168,166,176,175,173,169,168,166,163,162,160,453,1
161,160,158,169,168,166,170,169,167,169,168,166,535,1
169,168,166,176,175,173,169,168,166,166,165,163,356,1
169,168,166,176,175,173,169,168,166,167,166,164,555,1
169,168,166,176,175,173,169,168,166,166,165,163,26,1
161,160,158,169,168,166,164,163,161,169,168,166,36,2
169,168,166,169,168,166,169,168,166,170,169,167,810,2
169,168,166,176,175,173,169,168,166,169,168,166,985,2
169,168,166,161,160,158,169,168,166,166,165,163,862,1
169,168,166,161,160,158,169,168,166,161,160,158,529,1
169,168,166,169,168,166,169,168,166,175,174,172,252,2
169,168,166,169,168,166,172,171,169,169,168,166,19,1
161,160,158,169,168,166,172,171,169,169,168,166,41,1
176,175,173,169,168,166,173,172,170,169,168,166,427,1
169,168,166,176,175,173,169,168,166,163,162,160,288,1
169,168,166,176,175,173,169,168,166,172,171,169,954,2
169,168,166,169,168,166,164,163,161,169,168,166,674,2
169,168,166,161,160,158,169,168,166,161,160,158,397,1
169,168,166,169,168,166,169,168,166,170,169,167,546,2
169,168,166,176,175,173,169,168,166,172,171,169,492,2
176,175,173,169,168,166,163,162,160,169,168,166,255,2
176,175,173,169,168,166,175,174,172,169,168,166,263,1
169,168,166,169,168,166,169,168,166,166,165,163,147,1
169,168,166,161,160,158,169,168,166,170,169,167,766,2
176,175,173,169,168,166,167,166,164,169,168,166,621,2
169,168,166,176,175,173,169,168,166,176,175,173,396,2
161,160,158,169,168,166,175,174,172,169,168,166,307,1
169,168,166,169,168,166,169,168,166,163,162,160,46,1
161,160,158,169,168,166,173,172,170,169,168,166,471,1
169,168,166,161,160,158,169,168,166,164,163,161,333,1
169,168,166,169,168,166,170,169,167,169,168,166,513,1
161,160,158,169,168,166,173,172,170,169,168,166,768,1
169,168,166,169,168,166,176,175,173,169,168,166,781,1
169,168,166,161,160,158,169,168,166,176,175,173,407,2
169,168,166,161,160,158,169,168,166,161,160,158,562,1
176,175,173,169,168,166,163,162,160,169,168,166,519,2
169,168,166,161,160,158,169,168,166,163,162,160,959,1
176,175,173,169,168,166,176,175,173,169,168,166,891,1
169,168,166,169,168,166,169,168,166,176,175,173,55,2
161,160,158,169,168,166,175,174,172,169,168,166,769,1
169,168,166,161,160,158,169,168,166,163,162,160,167,1
169,168,166,176,175,173,169,168,166,163,162,160,783,1
169,168,166,161,160,158,169,168,166,164,163,161,795,1
169,168,166,169,168,166,169,168,166,169,168,166,17,1
169,168,166,161,160,158,169,168,166,166,165,163,730,1
169,168,166,169,168,166,161,160,158,169,168,166,771,2
169,168,166,169,168,166,169,168,166,163,162,160,178,1
169,168,166,169,168,166,172,171,169,169,168,166,712,1
169,168,166,169,168,166,169,168,166,172,171,169,316,2
161,160,158,169,168,166,166,165,163,169,168,166,499,2
161,160,158,169,168,166,172,171,169,169,168,166,602,1
169,168,166,176,175,173,169,168,166,161,160,158,650,1
169,168,166,169,168,166,169,168,166,166,165,163,609,1
169,168,166,169,168,166,169,168,166,172,171,169,877,2
161,160,158,169,168,166,173,172,170,169,168,166,405,1
161,160,158,169,168,166,172,171,169,169,168,166,866,1
169,168,166,161,160,158,169,168,166,167,166,164,104,1
169,168,166,176,175,173,169,168,166,167,166,164,456,1
169,168,166,161,160,158,169,168,166,173,172,170,636,2
169,168,166,169,168,166,169,168,166,175,174,172,417,2
169,168,166,169,168,166,169,168,166,164,163,161,212,1
161,160,158,169,168,166,163,162,160,169,168,166,398,2
176,175,173,169,168,166,163,162,160,169,168,166,552,2
169,168,166,161,160,158,169,168,166,163,162,160,68,1
169,168,166,176,175,173,169,168,166,166,165,163,257,1
169,168,166,161,160,158,169,168,166,173,172,170,933,2
169,168,166,169,168,166,169,168,166,167,166,164,445,1
176,175,173,169,168,166,173,172,170,169,168,166,889,1
169,168,166,176,175,173,169,168,166,166,165,163,290,1
169,168,166,169,168,166,169,168,166,167,166,164,544,1
169,168,166,169,168,166,164,163,161,169,168,166,971,2
169,168,166,176,175,173,169,168,166,173,172,170,130,2
169,168,166,176,175,173,169,168,166,161,160,158,518,1
169,168,166,169,168,166,169,168,166,163,162,160,739,1
169,168,166,169,168,166,163,162,160,169,168,166,640,2
169,168,166,161,160,158,169,168,166,166,165,163,961,1
169,168,166,161,160,158,169,168,166,175,174,172,10,2
176,175,173,169,168,166,173,172,170,169,168,166,64,1
176,175,173,169,168,166,166,165,163,169,168,166,818,2
161,160,158,169,168,166,173,172,170,169,168,166,207,1
169,168,166,176,175,173,169,168,166,176,175,173,132,2
161,160,158,169,168,166,170,169,167,169,168,166,172,1
161,160,158,169,168,166,169,168,166,169,168,166,39,1
169,168,166,161,160,158,169,168,166,176,175,173,638,2
169,168,166,176,175,173,169,168,166,161,160,158,320,1
161,160,158,169,168,166,163,162,160,169,168,166,497,2
169,168,166,161,160,158,169,168,166,163,162,160,464,1
176,175,173,169,168,166,176,175,173,169,168,166,495,1
169,168,166,176,175,173,169,168,166,161,160,158,815,1
169,168,166,169,168,166,169,168,166,166,165,163,576,1
161,160,158,169,168,166,161,160,158,169,168,166,628,2
161,160,158,169,168,166,161,160,158,169,168,166,463,2
161,160,158,169,168,166,175,174,172,169,168,166,703,1
161,160,158,169,168,166,166,165,163,169,168,166,598,2
169,168,166,169,168,166,169,168,166,163,162,160,673,1
161,160,158,169,168,166,166,165,163,169,168,166,334,2
161,160,158,169,168,166,166,165,163,169,168,166,763,2
161,160,158,169,168,166,166,165,163,169,168,166,169,2
176,175,173,169,168,166,166,165,163,169,168,166,653,2
161,160,158,169,168,166,163,162,160,169,168,166,794,2
176,175,173,169,168,166,175,174,172,169,168,166,296,1
169,168,166,169,168,166,169,168,166,161,160,158,441,1
169,168,166,161,160,158,169,168,166,176,175,173,737,2
176,175,173,169,168,166,161,160,158,169,168,166,782,2
169,168,166,169,168,166,164,163,161,169,168,166,278,2
169,168,166,176,175,173,169,168,166,176,175,173,858,2
169,168,166,169,168,166,167,166,164,169,168,166,412,2
161,160,158,169,168,166,161,160,158,169,168,166,859,2
176,175,173,169,168,166,173,172,170,169,168,166,328,1
161,160,158,169,168,166,166,165,163,169,168,166,697,2
169,168,166,169,168,166,169,168,166,170,169,167,480,2
176,175,173,169,168,166,172,171,169,169,168,166,228,1
169,168,166,176,175,173,169,168,166,166,165,163,158,1
169,168,166,169,168,166,172,171,169,169,168,166,85,1
176,175,173,169,168,166,161,160,158,169,168,166,221,2
169,168,166,169,168,166,172,171,169,169,168,166,943,1
169,168,166,169,168,166,164,163,161,169,168,166,443,2
176,175,173,169,168,166,167,166,164,169,168,166,27,2
169,168,166,169,168,166,169,168,166,173,172,170,845,2
176,175,173,169,168,166,173,172,170,169,168,166,922,1
169,168,166,169,168,166,169,168,166,176,175,173,484,2
161,160,158,169,168,166,163,162,160,169,168,166,530,2
169,168,166,176,175,173,169,168,166,164,163,161,25,1
169,168,166,161,160,158,169,168,166,166,165,163,631,1
169,168,166,176,175,173,169,168,166,169,168,166,259,2
161,160,158,169,168,166,161,160,158,169,168,166,793,2
169,168,166,169,168,166,169,168,166,164,163,161,80,1
169,168,166,169,168,166,167,166,164,169,168,166,973,2
169,168,166,161,160,158,169,168,166,169,168,166,600,2
169,168,166,169,168,166,169,168,166,176,175,173,517,2
169,168,166,169,168,166,169,168,166,172,171,169,382,2
169,168,166,161,160,158,169,168,166,170,169,167,601,2
169,168,166,169,168,166,169,168,166,169,168,166,677,1
169,168,166,169,168,166,169,168,166,163,162,160,475,1
161,160,158,169,168,166,173,172,170,169,168,166,702,1
176,175,173,169,168,166,172,171,169,169,168,166,690,1
169,168,166,176,175,173,169,168,166,167,166,164,126,1
169,168,166,161,160,158,169,168,166,172,171,169,635,2
161,160,158,169,168,166,163,162,160,169,168,166,332,2
176,175,173,169,168,166,163,162,160,169,168,166,387,2
169,168,166,169,168,166,169,168,166,167,166,164,214,1
169,168,166,169,168,166,167,166,164,169,168,166,247,2
169,168,166,161,160,158,169,168,166,176,175,173,341,2
176,175,173,169,168,166,172,171,169,169,168,166,591,1
169,168,166,169,168,166,172,171,169,169,168,166,514,1
161,160,158,169,168,166,167,166,164,169,168,166,434,2
169,168,166,169,168,166,169,168,166,172,171,169,151,2
169,168,166,176,175,173,169,168,166,170,169,167,623,2
169,168,166,169,168,166,169,168,166,175,174,172,186,2
161,160,158,169,168,166,172,171,169,169,168,166,701,1
169,168,166,169,168,166,169,168,166,176,175,173,583,2
169,168,166,169,168,166,173,172,170,169,168,166,185,1
169,168,166,176,175,173,169,168,166,164,163,161,520,1
161,160,158,169,168,166,167,166,164,169,168,166,236,2
169,168,166,169,168,166,173,172,170,169,168,166,152,1
169,168,166,169,168,166,169,168,166,169,168,166,380,1
169,168,166,169,168,166,164,163,161,169,168,166,938,2
161,160,158,169,168,166,167,166,164,169,168,166,566,2
161,160,158,169,168,166,170,169,167,169,168,166,469,1
169,168,166,169,168,166,169,168,166,169,168,166,116,1
169,168,166,169,168,166,169,168,166,161,160,158,144,1
161,160,158,169,168,166,173,172,170,169,168,166,372,1
161,160,158,169,168,166,176,175,173,169,168,166,506,1
161,160,158,169,168,166,163,162,160,169,168,166,431,2
169,168,166,169,168,166,172,171,169,169,168,166,613,1
169,168,166,169,168,166,169,168,166,169,168,166,743,1
169,168,166,169,168,166,169,168,166,170,169,167,909,2
169,168,166,169,168,166,169,168,166,175,174,172,54,2
176,175,173,169,168,166,161,160,158,169,168,166,749,2
169,168,166,161,160,158,169,168,166,164,163,161,663,1
169,168,166,161,160,158,169,168,166,175,174,172,439,2
169,168,166,169,168,166,169,168,166,176,175,173,154,2
161,160,158,169,168,166,172,171,169,169,168,166,734,1
169,168,166,161,160,158,169,168,166,163,162,160,893,1
176,175,173,169,168,166,161,160,158,169,168,166,617,2
176,175,173,169,168,166,164,163,161,169,168,166,322,2
161,160,158,169,168,166,176,175,173,169,168,166,605,1
169,168,166,176,175,173,169,168,166,169,168,166,655,2
176,175,173,169,168,166,173,172,170,169,168,166,97,1
169,168,166,161,160,158,169,168,166,176,175,173,209,2
176,175,173,169,168,166,172,171,169,169,168,166,987,1
176,175,173,169,168,166,166,165,163,169,168,166,752,2
169,168,166,169,168,166,164,163,161,169,168,166,806,2
169,168,166,169,168,166,166,165,163,169,168,166,279,2
176,175,173,169,168,166,173,172,170,169,168,166,790,1
169,168,166,176,175,173,169,168,166,170,169,167,227,2
169,168,166,161,160,158,169,168,166,164,163,161,3,1
169,168,166,169,168,166,176,175,173,169,168,166,715,1
161,160,158,169,168,166,166,165,163,169,168,166,664,2
169,168,166,176,175,173,169,168,166,172,171,169,162,2
176,175,173,169,168,166,167,166,164,169,168,166,885,2
169,168,166,169,168,166,169,168,166,169,168,166,644,2
176,175,173,169,168,166,163,162,160,169,168,166,981,2
169,168,166,161,160,158,169,168,166,163,162,160,365,1
169,168,166,176,175,173,169,168,166,173,172,170,724,2
169,168,166,176,175,173,169,168,166,163,162,160,849,1
169,168,166,161,160,158,169,168,166,167,166,164,401,1
169,168,166,169,168,166,169,168,166,163,162,160,211,1
169,168,166,169,168,166,172,171,169,169,168,166,184,1
176,175,173,169,168,166,170,169,167,169,168,166,920,1
161,160,158,169,168,166,164,163,161,169,168,166,234,2
169,168,166,169,168,166,169,168,166,175,174,172,582,2
161,160,158,169,168,166,173,172,170,169,168,166,669,1
169,168,166,169,168,166,169,168,166,172,171,169,646,2
161,160,158,169,168,166,167,166,164,169,168,166,863,2
161,160,158,169,168,166,163,162,160,169,168,166,35,2
169,168,166,169,168,166,173,172,170,169,168,166,218,1
169,168,166,176,175,173,169,168,166,175,174,172,527,2
169,168,166,161,160,158,169,168,166,161,160,158,430,1
169,168,166,161,160,158,169,168,166,167,166,164,38,1
161,160,158,169,168,166,173,172,170,169,168,166,240,1
169,168,166,169,168,166,169,168,166,161,160,158,738,1
161,160,158,169,168,166,169,168,166,169,168,166,666,1
169,168,166,169,168,166,169,168,166,167,166,164,643,1
176,175,173,169,168,166,170,169,167,169,168,166,821,1
169,168,166,169,168,166,169,168,166,172,171,169,250,2
169,168,166,161,160,158,169,168,166,170,169,167,304,2
169,168,166,169,168,166,173,172,170,169,168,166,284,1
169,168,166,169,168,166,169,168,166,164,163,161,377,1
169,168,166,176,175,173,169,168,166,169,168,166,820,2
161,160,158,169,168,166,161,160,158,169,168,166,298,2
169,168,166,176,175,173,169,168,166,170,169,167,458,2
161,160,158,169,168,166,164,163,161,169,168,166,432,2
169,168,166,169,168,166,169,168,166,176,175,173,880,2
169,168,166,169,168,166,169,168,166,176,175,173,187,2
161,160,158,169,168,166,176,175,173,169,168,166,440,1
169,168,166,169,168,166,176,175,173,169,168,166,319,1
169,168,166,169,168,166,172,171,169,169,168,166,547,1
176,175,173,169,168,166,175,174,172,169,168,166,32,1
169,168,166,161,160,158,169,168,166,164,163,161,564,1
169,168,166,176,175,173,169,168,166,166,165,163,92,1
176,175,173,169,168,166,176,175,173,169,168,166,759,1
169,168,166,169,168,166,169,168,166,176,175,173,385,2
169,168,166,161,160,158,169,168,166,173,172,170,834,2
169,168,166,176,175,173,169,168,166,172,171,169,360,2
169,168,166,176,175,173,169,168,166,173,172,170,955,2
161,160,158,169,168,166,172,171,169,169,168,166,206,1
169,168,166,169,168,166,170,169,167,169,168,166,315,1
161,160,158,169,168,166,170,169,167,169,168,166,205,1
169,168,166,169,168,166,169,168,166,169,168,166,974,1
169,168,166,161,160,158,169,168,166,169,168,166,798,2
169,168,166,176,175,173,169,168,166,173,172,170,196,2
176,175,173,169,168,166,172,171,169,169,168,166,624,1
169,168,166,169,168,166,167,166,164,169,168,166,775,2
161,160,158,169,168,166,161,160,158,169,168,166,100,2
161,160,158,169,168,166,161,160,158,169,168,166,496,2
176,175,173,169,168,166,176,175,173,169,168,166,429,1
169,168,166,169,168,166,172,171,169,169,168,166,745,1
169,168,166,161,160,158,169,168,166,176,175,173,968,2
169,168,166,176,175,173,169,168,166,175,174,172,989,2
176,175,173,169,168,166,175,174,172,169,168,166,659,1
176,175,173,169,168,166,173,172,170,169,168,166,526,1
169,168,166,169,168,166,166,165,163,169,168,166,81,2
176,175,173,169,168,166,176,175,173,169,168,166,363,1
169,168,166,169,168,166,169,168,166,166,165,163,114,1
176,175,173,169,168,166,175,174,172,169,168,166,197,1
176,175,173,169,168,166,167,166,164,169,168,166,951,2
176,175,173,169,168,166,169,168,166,169,168,166,886,1
