113,112,109,125,123,121,113,112,109,99,98,95,881,1
99,98,95,113,112,109,110,109,106,113,112,109,500,2
113,112,109,113,112,109,113,112,109,118,116,114,613,2
99,98,95,113,112,109,113,112,109,113,112,109,897,1
99,98,95,113,112,109,108,106,104,113,112,109,895,2
113,112,109,99,98,95,113,112,109,99,98,95,760,1
113,112,109,99,98,95,113,112,109,102,101,98,827,1
113,112,109,113,112,109,113,112,109,125,123,121,847,2
113,112,109,99,98,95,113,112,109,113,112,109,732,2
113,112,109,99,98,95,113,112,109,102,101,98,761,1
125,123,121,113,112,109,115,114,111,113,112,109,920,1
113,112,109,125,123,121,113,112,109,99,98,95,155,1
113,112,109,125,123,121,113,112,109,105,104,101,718,1
113,112,109,113,112,109,102,101,98,113,112,109,772,2
113,112,109,125,123,121,113,112,109,105,104,101,916,1
113,112,109,99,98,95,113,112,109,105,104,101,663,1
99,98,95,113,112,109,122,121,118,113,112,109,406,1
113,112,109,125,123,121,113,112,109,120,119,116,130,2
113,112,109,99,98,95,113,112,109,122,121,118,769,2
99,98,95,113,112,109,115,114,111,113,112,109,832,1
113,112,109,113,112,109,120,119,116,113,112,109,185,1
113,112,109,125,123,121,113,112,109,122,121,118,131,2
113,112,109,125,123,121,113,112,109,125,123,121,363,2
125,123,121,113,112,109,115,114,111,113,112,109,953,1
113,112,109,113,112,109,115,114,111,113,112,109,678,1
113,112,109,113,112,109,113,112,109,108,106,104,873,1
113,112,109,99,98,95,113,112,109,105,104,101,762,1
113,112,109,113,112,109,99,98,95,113,112,109,771,2
125,123,121,113,112,109,110,109,106,113,112,109,819,2
113,112,109,113,112,109,102,101,98,113,112,109,937,2
113,112,109,113,112,109,125,123,121,113,112,109,649,1
99,98,95,113,112,109,108,106,104,113,112,109,862,2
113,112,109,125,123,121,113,112,109,120,119,116,658,2
99,98,95,113,112,109,125,123,121,113,112,109,506,1
113,112,109,113,112,109,105,104,101,113,112,109,410,2
113,112,109,113,112,109,113,112,109,113,112,109,512,2
99,98,95,113,112,109,113,112,109,113,112,109,369,1
125,123,121,113,112,109,118,116,114,113,112,109,426,1
113,112,109,113,112,109,113,112,109,102,101,98,112,1
113,112,109,113,112,109,118,116,114,113,112,109,910,1
125,123,121,113,112,109,113,112,109,113,112,109,259,1
113,112,109,125,123,121,113,112,109,115,114,111,227,2
113,112,109,113,112,109,113,112,109,125,123,121,682,2
113,112,109,125,123,121,113,112,109,99,98,95,980,1
113,112,109,125,123,121,113,112,109,113,112,109,61,2
113,112,109,99,98,95,113,112,109,118,116,114,338,2
125,123,121,113,112,109,110,109,106,113,112,109,918,2
113,112,109,99,98,95,113,112,109,99,98,95,298,1
113,112,109,113,112,109,110,109,106,113,112,109,412,2
99,98,95,113,112,109,99,98,95,113,112,109,562,2
113,112,109,99,98,95,113,112,109,108,106,104,565,1
125,123,121,113,112,109,122,121,118,113,112,109,659,1
113,112,109,99,98,95,113,112,109,115,114,111,7,2
113,112,109,125,123,121,113,112,109,118,116,114,63,2
125,123,121,113,112,109,102,101,98,113,112,109,585,2
99,98,95,113,112,109,99,98,95,113,112,109,595,2
113,112,109,99,98,95,113,112,109,125,123,121,242,2
113,112,109,125,123,121,113,112,109,118,116,114,855,2
113,112,109,125,123,121,113,112,109,120,119,116,988,2
113,112,109,125,123,121,113,112,109,110,109,106,951,1
113,112,109,113,112,109,113,112,109,110,109,106,742,1
113,112,109,113,112,109,113,112,109,102,101,98,475,1
113,112,109,113,112,109,120,119,116,113,112,109,647,1
113,112,109,113,112,109,113,112,109,113,112,109,380,2
113,112,109,125,123,121,113,112,109,125,123,121,726,2
125,123,121,113,112,109,102,101,98,113,112,109,420,2
125,123,121,113,112,109,102,101,98,113,112,109,57,2
99,98,95,113,112,109,118,116,114,113,112,109,206,1
125,123,121,113,112,109,99,98,95,113,112,109,485,2
99,98,95,113,112,109,118,116,114,113,112,109,173,1
99,98,95,113,112,109,118,116,114,113,112,109,635,1
113,112,109,113,112,109,113,112,109,122,121,118,516,2
113,112,109,113,112,109,113,112,109,120,119,116,416,2
113,112,109,113,112,109,105,104,101,113,112,109,344,2
125,123,121,113,112,109,99,98,95,113,112,109,23,2
99,98,95,113,112,109,122,121,118,113,112,109,472,1
113,112,109,113,112,109,113,112,109,115,114,111,513,2
125,123,121,113,112,109,99,98,95,113,112,109,89,2
113,112,109,125,123,121,113,112,109,102,101,98,915,1
113,112,109,125,123,121,113,112,109,102,101,98,552,1
113,112,109,113,112,109,115,114,111,113,112,109,810,1
113,112,109,99,98,95,113,112,109,99,98,95,727,1
113,112,109,113,112,109,125,123,121,113,112,109,880,1
125,123,121,113,112,109,99,98,95,113,112,109,551,2
113,112,109,125,123,121,113,112,109,120,119,116,724,2
113,112,109,113,112,109,113,112,109,108,106,104,48,1
113,112,109,99,98,95,113,112,109,118,116,114,8,2
113,112,109,125,123,121,113,112,109,108,106,104,290,1
125,123,121,113,112,109,110,109,106,113,112,109,357,2
125,123,121,113,112,109,125,123,121,113,112,109,759,1
113,112,109,113,112,109,105,104,101,113,112,109,311,2
99,98,95,113,112,109,118,116,114,113,112,109,701,1
113,112,109,113,112,109,115,114,111,113,112,109,315,1
113,112,109,125,123,121,113,112,109,102,101,98,651,1
113,112,109,99,98,95,113,112,109,102,101,98,2,1
125,123,121,113,112,109,99,98,95,113,112,109,716,2
125,123,121,113,112,109,113,112,109,113,112,109,28,1
125,123,121,113,112,109,110,109,106,113,112,109,522,2
113,112,109,99,98,95,113,112,109,108,106,104,961,1
113,112,109,99,98,95,113,112,109,110,109,106,401,1
113,112,109,113,112,109,115,114,111,113,112,109,414,1
125,123,121,113,112,109,110,109,106,113,112,109,324,2
99,98,95,113,112,109,105,104,101,113,112,109,564,2
125,123,121,113,112,109,115,114,111,113,112,109,161,1
113,112,109,99,98,95,113,112,109,118,116,114,305,2
125,123,121,113,112,109,113,112,109,113,112,109,358,1
113,112,109,99,98,95,113,112,109,113,112,109,534,2
113,112,109,113,112,109,113,112,109,113,112,109,908,2
113,112,109,113,112,109,113,112,109,113,112,109,842,2
99,98,95,113,112,109,122,121,118,113,112,109,241,1
113,112,109,125,123,121,113,112,109,105,104,101,982,1
113,112,109,113,112,109,125,123,121,113,112,109,88,1
113,112,109,113,112,109,113,112,109,108,106,104,246,1
99,98,95,113,112,109,99,98,95,113,112,109,430,2
125,123,121,113,112,109,102,101,98,113,112,109,387,2
125,123,121,113,112,109,105,104,101,113,112,109,487,2
113,112,109,125,123,121,113,112,109,108,106,104,521,1
125,123,121,113,112,109,115,114,111,113,112,109,392,1
113,112,109,113,112,109,113,112,109,102,101,98,46,1
113,112,109,113,112,109,113,112,109,122,121,118,846,2
113,112,109,99,98,95,113,112,109,120,119,116,900,2
113,112,109,113,112,109,113,112,109,118,116,114,250,2
99,98,95,113,112,109,105,104,101,113,112,109,36,2
99,98,95,113,112,109,115,114,111,113,112,109,898,1
125,123,121,113,112,109,102,101,98,113,112,109,288,2
113,112,109,125,123,121,113,112,109,99,98,95,254,1
113,112,109,125,123,121,113,112,109,113,112,109,325,2
113,112,109,113,112,109,113,112,109,122,121,118,351,2
113,112,109,99,98,95,113,112,109,115,114,111,106,2
125,123,121,113,112,109,102,101,98,113,112,109,816,2
113,112,109,125,123,121,113,112,109,118,116,114,30,2
113,112,109,113,112,109,113,112,109,125,123,121,913,2
99,98,95,113,112,109,105,104,101,113,112,109,894,2
113,112,109,113,112,109,122,121,118,113,112,109,714,1
125,123,121,113,112,109,110,109,106,113,112,109,720,2
113,112,109,113,112,109,99,98,95,113,112,109,408,2
113,112,109,99,98,95,113,112,109,113,112,109,831,2
113,112,109,113,112,109,113,112,109,105,104,101,938,1
113,112,109,113,112,109,108,106,104,113,112,109,378,2
125,123,121,113,112,109,113,112,109,113,112,109,226,1
113,112,109,113,112,109,125,123,121,113,112,109,22,1
113,112,109,99,98,95,113,112,109,122,121,118,736,2
113,112,109,113,112,109,113,112,109,108,106,104,939,1
113,112,109,113,112,109,113,112,109,99,98,95,738,1
125,123,121,113,112,109,118,116,114,113,112,109,129,1
99,98,95,113,112,109,118,116,114,113,112,109,536,1
113,112,109,99,98,95,113,112,109,125,123,121,638,2
113,112,109,113,112,109,113,112,109,118,116,114,778,2
113,112,109,113,112,109,113,112,109,118,116,114,118,2
113,112,109,125,123,121,113,112,109,102,101,98,123,1
113,112,109,113,112,109,125,123,121,113,112,109,517,1
99,98,95,113,112,109,110,109,106,113,112,109,467,2
125,123,121,113,112,109,108,106,104,113,112,109,917,2
113,112,109,113,112,109,108,106,104,113,112,109,510,2
113,112,109,99,98,95,113,112,109,115,114,111,304,2
113,112,109,125,123,121,113,112,109,113,112,109,787,2
113,112,109,113,112,109,113,112,109,113,112,109,281,2
113,112,109,99,98,95,113,112,109,122,121,118,505,2
113,112,109,113,112,109,110,109,106,113,112,109,973,2
125,123,121,113,112,109,99,98,95,113,112,109,749,2
99,98,95,113,112,109,105,104,101,113,112,109,927,2
113,112,109,99,98,95,113,112,109,110,109,106,764,1
113,112,109,113,112,109,113,112,109,102,101,98,343,1
113,112,109,113,112,109,113,112,109,110,109,106,874,1
113,112,109,99,98,95,113,112,109,115,114,111,139,2
99,98,95,113,112,109,125,123,121,113,112,109,572,1
99,98,95,113,112,109,120,119,116,113,112,109,306,1
113,112,109,125,123,121,113,112,109,99,98,95,386,1
113,112,109,113,112,109,120,119,116,113,112,109,680,1
125,123,121,113,112,109,102,101,98,113,112,109,453,2
113,112,109,125,123,121,113,112,109,125,123,121,297,2
113,112,109,125,123,121,113,112,109,122,121,118,197,2
113,112,109,99,98,95,113,112,109,125,123,121,968,2
113,112,109,99,98,95,113,112,109,99,98,95,463,1
125,123,121,113,112,109,125,123,121,113,112,109,594,1
113,112,109,99,98,95,113,112,109,108,106,104,136,1
113,112,109,113,112,109,113,112,109,102,101,98,376,1
113,112,109,125,123,121,113,112,109,99,98,95,320,1
113,112,109,125,123,121,113,112,109,99,98,95,782,1
113,112,109,125,123,121,113,112,109,108,106,104,191,1
113,112,109,113,112,109,102,101,98,113,112,109,310,2
113,112,109,99,98,95,113,112,109,113,112,109,567,2
113,112,109,113,112,109,118,116,114,113,112,109,514,1
113,112,109,99,98,95,113,112,109,110,109,106,533,1
113,112,109,113,112,109,113,112,109,118,116,114,349,2
99,98,95,113,112,109,99,98,95,113,112,109,892,2
113,112,109,113,112,109,110,109,106,113,112,109,313,2
113,112,109,99,98,95,113,112,109,105,104,101,729,1
113,112,109,99,98,95,113,112,109,113,112,109,138,2
125,123,121,113,112,109,99,98,95,113,112,109,815,2
113,112,109,113,112,109,118,116,114,113,112,109,52,1
99,98,95,113,112,109,102,101,98,113,112,109,860,2
113,112,109,99,98,95,113,112,109,120,119,116,9,2
113,112,109,113,112,109,113,112,109,125,123,121,550,2
113,112,109,125,123,121,113,112,109,105,104,101,223,1
99,98,95,113,112,109,105,104,101,113,112,109,630,2
125,123,121,113,112,109,120,119,116,113,112,109,328,1
113,112,109,125,123,121,113,112,109,113,112,109,820,2
113,112,109,113,112,109,113,112,109,99,98,95,969,1
99,98,95,113,112,109,118,116,114,113,112,109,107,1
113,112,109,113,112,109,113,112,109,115,114,111,744,2
113,112,109,125,123,121,113,112,109,110,109,106,258,1
113,112,109,113,112,109,113,112,109,115,114,111,18,2
113,112,109,125,123,121,113,112,109,120,119,116,97,2
113,112,109,113,112,109,102,101,98,113,112,109,145,2
113,112,109,125,123,121,113,112,109,102,101,98,222,1
113,112,109,125,123,121,113,112,109,102,101,98,255,1
125,123,121,113,112,109,108,106,104,113,112,109,455,2
113,112,109,99,98,95,113,112,109,120,119,116,735,2
113,112,109,113,112,109,118,116,114,113,112,109,151,1
99,98,95,113,112,109,99,98,95,113,112,109,232,2
125,123,121,113,112,109,102,101,98,113,112,109,24,2
99,98,95,113,112,109,113,112,109,113,112,109,303,1
113,112,109,113,112,109,113,112,109,102,101,98,970,1
113,112,109,125,123,121,113,112,109,120,119,116,460,2
113,112,109,113,112,109,113,112,109,113,112,109,776,1
113,112,109,99,98,95,113,112,109,110,109,106,302,1
113,112,109,113,112,109,113,112,109,99,98,95,837,1
113,112,109,113,112,109,113,112,109,113,112,109,446,1
125,123,121,113,112,109,110,109,106,113,112,109,786,2
113,112,109,125,123,121,113,112,109,110,109,106,27,1
113,112,109,113,112,109,113,112,109,113,112,109,347,2
113,112,109,113,112,109,113,112,109,120,119,116,944,2
125,123,121,113,112,109,105,104,101,113,112,109,91,2
113,112,109,99,98,95,113,112,109,110,109,106,203,1
113,112,109,113,112,109,113,112,109,110,109,106,445,1
113,112,109,113,112,109,113,112,109,110,109,106,841,1
113,112,109,99,98,95,113,112,109,102,101,98,68,1
99,98,95,113,112,109,108,106,104,113,112,109,103,2
113,112,109,99,98,95,113,112,109,105,104,101,399,1
113,112,109,113,112,109,110,109,106,113,112,109,808,2
113,112,109,99,98,95,113,112,109,110,109,106,38,1
113,112,109,99,98,95,113,112,109,122,121,118,835,2
125,123,121,113,112,109,105,104,101,113,112,109,190,2
113,112,109,99,98,95,113,112,109,99,98,95,1,1
113,112,109,113,112,109,110,109,106,113,112,109,676,2
113,112,109,99,98,95,113,112,109,99,98,95,265,1
113,112,109,113,112,109,113,112,109,105,104,101,278,1
125,123,121,113,112,109,125,123,121,113,112,109,528,1
113,112,109,113,112,109,113,112,109,99,98,95,111,1
113,112,109,113,112,109,113,112,109,125,123,121,154,2
113,112,109,113,112,109,115,114,111,113,112,109,84,1
113,112,109,113,112,109,120,119,116,113,112,109,812,1
113,112,109,113,112,109,108,106,104,113,112,109,114,2
99,98,95,113,112,109,108,106,104,113,112,109,268,2
113,112,109,125,123,121,113,112,109,99,98,95,122,1
99,98,95,113,112,109,99,98,95,113,112,109,925,2
113,112,109,125,123,121,113,112,109,105,104,101,817,1
125,123,121,113,112,109,110,109,106,113,112,109,423,2
99,98,95,113,112,109,99,98,95,113,112,109,397,2
113,112,109,125,123,121,113,112,109,113,112,109,589,2
99,98,95,113,112,109,125,123,121,113,112,109,869,1
113,112,109,113,112,109,120,119,116,113,112,109,581,1
113,112,109,125,123,121,113,112,109,120,119,116,526,2
113,112,109,125,123,121,113,112,109,115,114,111,293,2
113,112,109,125,123,121,113,112,109,99,98,95,188,1
125,123,121,113,112,109,108,106,104,113,112,109,686,2
125,123,121,113,112,109,113,112,109,113,112,109,391,1
113,112,109,125,123,121,113,112,109,105,104,101,586,1
113,112,109,113,112,109,122,121,118,113,112,109,483,1
113,112,109,113,112,109,113,112,109,108,106,104,609,1
113,112,109,113,112,109,113,112,109,120,119,116,845,2
113,112,109,113,112,109,113,112,109,125,123,121,220,2
113,112,109,125,123,121,113,112,109,99,98,95,914,1
125,123,121,113,112,109,110,109,106,113,112,109,159,2
113,112,109,125,123,121,113,112,109,115,114,111,260,2
113,112,109,99,98,95,113,112,109,122,121,118,439,2
113,112,109,99,98,95,113,112,109,125,123,121,176,2
99,98,95,113,112,109,118,116,114,113,112,109,239,1
113,112,109,125,123,121,113,112,109,122,121,118,857,2
113,112,109,113,112,109,120,119,116,113,112,109,713,1
113,112,109,99,98,95,113,112,109,120,119,116,537,2
99,98,95,113,112,109,125,123,121,113,112,109,440,1
113,112,109,125,123,121,113,112,109,125,123,121,990,2
113,112,109,113,112,109,113,112,109,118,116,114,712,2
113,112,109,113,112,109,113,112,109,120,119,116,152,2
113,112,109,125,123,121,113,112,109,110,109,106,390,1
113,112,109,99,98,95,113,112,109,118,116,114,371,2
113,112,109,113,112,109,113,112,109,99,98,95,78,1
125,123,121,113,112,109,118,116,114,113,112,109,888,1
113,112,109,113,112,109,113,112,109,113,112,109,974,1
113,112,109,113,112,109,105,104,101,113,112,109,872,2
113,112,109,125,123,121,113,112,109,118,116,114,921,2
113,112,109,125,123,121,113,112,109,99,98,95,617,1
113,112,109,113,112,109,113,112,109,99,98,95,507,1
113,112,109,113,112,109,102,101,98,113,112,109,673,2
99,98,95,113,112,109,102,101,98,113,112,109,662,2
113,112,109,125,123,121,113,112,109,115,114,111,128,2
99,98,95,113,112,109,120,119,116,113,112,109,966,1
125,123,121,113,112,109,102,101,98,113,112,109,948,2
125,123,121,113,112,109,108,106,104,113,112,109,653,2
113,112,109,99,98,95,113,112,109,125,123,121,737,2
113,112,109,125,123,121,113,112,109,118,116,114,459,2
113,112,109,113,112,109,113,112,109,102,101,98,244,1
113,112,109,99,98,95,113,112,109,102,101,98,35,1
113,112,109,113,112,109,110,109,106,113,112,109,49,2
113,112,109,113,112,109,113,112,109,113,112,109,479,2
113,112,109,125,123,121,113,112,109,110,109,106,588,1
113,112,109,113,112,109,108,106,104,113,112,109,411,2
99,98,95,113,112,109,125,123,121,113,112,109,275,1
113,112,109,99,98,95,113,112,109,102,101,98,332,1
113,112,109,113,112,109,113,112,109,113,112,109,182,1
125,123,121,113,112,109,120,119,116,113,112,109,592,1
113,112,109,113,112,109,113,112,109,113,112,109,644,2
113,112,109,113,112,109,122,121,118,113,112,109,384,1
113,112,109,99,98,95,113,112,109,113,112,109,864,2
99,98,95,113,112,109,108,106,104,113,112,109,697,2
125,123,121,113,112,109,125,123,121,113,112,109,429,1
113,112,109,125,123,121,113,112,109,110,109,106,291,1
113,112,109,113,112,109,118,116,114,113,112,109,580,1
113,112,109,113,112,109,113,112,109,115,114,111,975,2
125,123,121,113,112,109,108,106,104,113,112,109,158,2
113,112,109,113,112,109,105,104,101,113,112,109,113,2
125,123,121,113,112,109,102,101,98,113,112,109,849,2
125,123,121,113,112,109,105,104,101,113,112,109,388,2
113,112,109,99,98,95,113,112,109,113,112,109,336,2
113,112,109,125,123,121,113,112,109,113,112,109,952,2
99,98,95,113,112,109,110,109,106,113,112,109,797,2
113,112,109,113,112,109,122,121,118,113,112,109,912,1
113,112,109,125,123,121,113,112,109,110,109,106,192,1
125,123,121,113,112,109,118,116,114,113,112,109,492,1
113,112,109,99,98,95,113,112,109,118,116,114,866,2
113,112,109,113,112,109,113,112,109,113,112,109,710,1
113,112,109,113,112,109,125,123,121,113,112,109,946,1
125,123,121,113,112,109,110,109,106,113,112,109,753,2
113,112,109,113,112,109,122,121,118,113,112,109,879,1
113,112,109,113,112,109,113,112,109,113,112,109,149,2
113,112,109,113,112,109,99,98,95,113,112,109,12,2
113,112,109,99,98,95,113,112,109,125,123,121,836,2
113,112,109,113,112,109,113,112,109,110,109,106,214,1
99,98,95,113,112,109,108,106,104,113,112,109,763,2
125,123,121,113,112,109,115,114,111,113,112,109,62,1
99,98,95,113,112,109,115,114,111,113,112,109,568,1
99,98,95,113,112,109,115,114,111,113,112,109,535,1
99,98,95,113,112,109,118,116,114,113,112,109,800,1
113,112,109,113,112,109,110,109,106,113,112,109,577,2
113,112,109,113,112,109,113,112,109,102,101,98,739,1
125,123,121,113,112,109,110,109,106,113,112,109,621,2
113,112,109,113,112,109,113,112,109,99,98,95,936,1
113,112,109,113,112,109,125,123,121,113,112,109,979,1
99,98,95,113,112,109,118,116,114,113,112,109,569,1
113,112,109,125,123,121,113,112,109,105,104,101,124,1
113,112,109,125,123,121,113,112,109,113,112,109,721,2
113,112,109,113,112,109,113,112,109,113,112,109,578,2
113,112,109,113,112,109,122,121,118,113,112,109,186,1
113,112,109,99,98,95,113,112,109,99,98,95,496,1
113,112,109,113,112,109,113,112,109,125,123,121,55,2
125,123,121,113,112,109,99,98,95,113,112,109,848,2
99,98,95,113,112,109,110,109,106,113,112,109,731,2
113,112,109,125,123,121,113,112,109,115,114,111,689,2
113,112,109,113,112,109,105,104,101,113,112,109,212,2
99,98,95,113,112,109,108,106,104,113,112,109,202,2
125,123,121,113,112,109,99,98,95,113,112,109,419,2
113,112,109,113,112,109,113,112,109,118,116,114,844,2
113,112,109,125,123,121,113,112,109,120,119,116,295,2
113,112,109,125,123,121,113,112,109,125,123,121,231,2
113,112,109,113,112,109,122,121,118,113,112,109,450,1
125,123,121,113,112,109,102,101,98,113,112,109,981,2
113,112,109,113,112,109,113,112,109,122,121,118,813,2
113,112,109,113,112,109,113,112,109,122,121,118,648,2
99,98,95,113,112,109,113,112,109,113,112,109,633,1
113,112,109,113,112,109,113,112,109,110,109,106,148,1
113,112,109,113,112,109,118,116,114,113,112,109,382,1
113,112,109,113,112,109,113,112,109,120,119,116,779,2
125,123,121,113,112,109,99,98,95,113,112,109,584,2
113,112,109,125,123,121,113,112,109,108,106,104,851,1
113,112,109,113,112,109,113,112,109,105,104,101,839,1
113,112,109,99,98,95,113,112,109,105,104,101,69,1
113,112,109,113,112,109,113,112,109,113,112,109,545,1
113,112,109,99,98,95,113,112,109,122,121,118,43,2
113,112,109,99,98,95,113,112,109,113,112,109,963,2
113,112,109,99,98,95,113,112,109,105,104,101,531,1
113,112,109,113,112,109,113,112,109,105,104,101,245,1
113,112,109,113,112,109,113,112,109,118,116,114,19,2
113,112,109,125,123,121,113,112,109,115,114,111,524,2
99,98,95,113,112,109,118,116,114,113,112,109,932,1
113,112,109,113,112,109,113,112,109,108,106,104,444,1
113,112,109,113,112,109,115,114,111,113,112,109,942,1
113,112,109,125,123,121,113,112,109,122,121,118,923,2
113,112,109,113,112,109,113,112,109,102,101,98,640,1
113,112,109,99,98,95,113,112,109,102,101,98,629,1
113,112,109,125,123,121,113,112,109,115,114,111,656,2
113,112,109,99,98,95,113,112,109,120,119,116,174,2
99,98,95,113,112,109,125,123,121,113,112,109,539,1
125,123,121,113,112,109,99,98,95,113,112,109,56,2
125,123,121,113,112,109,113,112,109,113,112,109,688,1
113,112,109,99,98,95,113,112,109,99,98,95,859,1
113,112,109,99,98,95,113,112,109,118,116,114,602,2
125,123,121,113,112,109,108,106,104,113,112,109,389,2
99,98,95,113,112,109,115,114,111,113,112,109,73,1
113,112,109,125,123,121,113,112,109,122,121,118,494,2
113,112,109,99,98,95,113,112,109,115,114,111,469,2
125,123,121,113,112,109,113,112,109,113,112,109,754,1
113,112,109,125,123,121,113,112,109,122,121,118,989,2
113,112,109,125,123,121,113,112,109,120,119,116,493,2
113,112,109,113,112,109,113,112,109,110,109,106,115,1
113,112,109,113,112,109,125,123,121,113,112,109,451,1
125,123,121,113,112,109,125,123,121,113,112,109,264,1
113,112,109,99,98,95,113,112,109,108,106,104,301,1
99,98,95,113,112,109,120,119,116,113,112,109,669,1
99,98,95,113,112,109,120,119,116,113,112,109,438,1
99,98,95,113,112,109,110,109,106,113,112,109,896,2
125,123,121,113,112,109,125,123,121,113,112,109,33,1
113,112,109,113,112,109,113,112,109,105,104,101,575,1
113,112,109,113,112,109,113,112,109,122,121,118,87,2
113,112,109,113,112,109,120,119,116,113,112,109,53,1
113,112,109,125,123,121,113,112,109,122,121,118,758,2
99,98,95,113,112,109,113,112,109,113,112,109,105,1
113,112,109,99,98,95,113,112,109,122,121,118,307,2
113,112,109,113,112,109,113,112,109,113,112,109,677,2
125,123,121,113,112,109,125,123,121,113,112,109,891,1
125,123,121,113,112,109,115,114,111,113,112,109,755,1
125,123,121,113,112,109,99,98,95,113,112,109,650,2
113,112,109,99,98,95,113,112,109,115,114,111,271,2
113,112,109,113,112,109,122,121,118,113,112,109,21,1
113,112,109,113,112,109,120,119,116,113,112,109,86,1
113,112,109,113,112,109,105,104,101,113,112,109,740,2
113,112,109,125,123,121,113,112,109,122,121,118,692,2
113,112,109,113,112,109,113,112,109,105,104,101,641,1
113,112,109,113,112,109,102,101,98,113,112,109,178,2
113,112,109,113,112,109,113,112,109,105,104,101,146,1
113,112,109,113,112,109,118,116,114,113,112,109,811,1
125,123,121,113,112,109,122,121,118,113,112,109,230,1
113,112,109,125,123,121,113,112,109,118,116,114,360,2
113,112,109,125,123,121,113,112,109,108,106,104,554,1
113,112,109,113,112,109,115,114,111,113,112,109,183,1
125,123,121,113,112,109,102,101,98,113,112,109,750,2
99,98,95,113,112,109,122,121,118,113,112,109,208,1
113,112,109,113,112,109,113,112,109,125,123,121,781,2
125,123,121,113,112,109,115,114,111,113,112,109,623,1
99,98,95,113,112,109,105,104,101,113,112,109,366,2
113,112,109,99,98,95,113,112,109,125,123,121,473,2
113,112,109,99,98,95,113,112,109,120,119,116,768,2
99,98,95,113,112,109,102,101,98,113,112,109,101,2
113,112,109,113,112,109,113,112,109,115,114,111,249,2
113,112,109,125,123,121,113,112,109,105,104,101,619,1
113,112,109,99,98,95,113,112,109,120,119,116,933,2
125,123,121,113,112,109,115,114,111,113,112,109,29,1
113,112,109,125,123,121,113,112,109,105,104,101,58,1
113,112,109,113,112,109,113,112,109,99,98,95,243,1
113,112,109,125,123,121,113,112,109,113,112,109,556,2
113,112,109,125,123,121,113,112,109,115,114,111,194,2
99,98,95,113,112,109,120,119,116,113,112,109,570,1
125,123,121,113,112,109,102,101,98,113,112,109,486,2
113,112,109,113,112,109,113,112,109,105,104,101,509,1
113,112,109,113,112,109,102,101,98,113,112,109,607,2
99,98,95,113,112,109,102,101,98,113,112,109,398,2
113,112,109,113,112,109,113,112,109,115,114,111,480,2
99,98,95,113,112,109,102,101,98,113,112,109,728,2
113,112,109,125,123,121,113,112,109,122,121,118,65,2
99,98,95,113,112,109,108,106,104,113,112,109,4,2
125,123,121,113,112,109,118,116,114,113,112,109,822,1
99,98,95,113,112,109,110,109,106,113,112,109,71,2
113,112,109,125,123,121,113,112,109,108,106,104,752,1
113,112,109,99,98,95,113,112,109,99,98,95,100,1
113,112,109,125,123,121,113,112,109,102,101,98,519,1
99,98,95,113,112,109,108,106,104,113,112,109,664,2
113,112,109,99,98,95,113,112,109,118,116,114,404,2
113,112,109,113,112,109,105,104,101,113,112,109,377,2
113,112,109,113,112,109,115,114,111,113,112,109,909,1
113,112,109,113,112,109,113,112,109,99,98,95,606,1
113,112,109,113,112,109,120,119,116,113,112,109,251,1
113,112,109,113,112,109,113,112,109,99,98,95,870,1
113,112,109,99,98,95,113,112,109,115,114,111,403,2
113,112,109,113,112,109,113,112,109,113,112,109,248,1
113,112,109,113,112,109,113,112,109,118,116,114,481,2
113,112,109,113,112,109,118,116,114,113,112,109,316,1
113,112,109,113,112,109,105,104,101,113,112,109,905,2
99,98,95,113,112,109,99,98,95,113,112,109,166,2
99,98,95,113,112,109,102,101,98,113,112,109,563,2
113,112,109,99,98,95,113,112,109,110,109,106,269,1
113,112,109,113,112,109,113,112,109,99,98,95,705,1
99,98,95,113,112,109,108,106,104,113,112,109,532,2
99,98,95,113,112,109,120,119,116,113,112,109,207,1
113,112,109,125,123,121,113,112,109,102,101,98,90,1
113,112,109,125,123,121,113,112,109,120,119,116,625,2
113,112,109,125,123,121,113,112,109,110,109,106,885,1
113,112,109,113,112,109,115,114,111,113,112,109,51,1
113,112,109,113,112,109,115,114,111,113,112,109,381,1
125,123,121,113,112,109,122,121,118,113,112,109,956,1
113,112,109,113,112,109,113,112,109,108,106,104,741,1
113,112,109,99,98,95,113,112,109,113,112,109,237,2
113,112,109,113,112,109,110,109,106,113,112,109,280,2
113,112,109,125,123,121,113,112,109,102,101,98,882,1
125,123,121,113,112,109,110,109,106,113,112,109,225,2
125,123,121,113,112,109,105,104,101,113,112,109,421,2
113,112,109,113,112,109,122,121,118,113,112,109,417,1
113,112,109,113,112,109,113,112,109,110,109,106,16,1
113,112,109,99,98,95,113,112,109,108,106,104,400,1
113,112,109,125,123,121,113,112,109,125,123,121,330,2
113,112,109,125,123,121,113,112,109,120,119,116,955,2
113,112,109,125,123,121,113,112,109,122,121,118,824,2
125,123,121,113,112,109,118,116,114,113,112,109,789,1
113,112,109,99,98,95,113,112,109,122,121,118,670,2
113,112,109,99,98,95,113,112,109,105,104,101,828,1
113,112,109,113,112,109,113,112,109,120,119,116,284,2
99,98,95,113,112,109,125,123,121,113,112,109,902,1
113,112,109,99,98,95,113,112,109,105,104,101,333,1
113,112,109,113,112,109,113,112,109,122,121,118,681,2
113,112,109,113,112,109,115,114,111,113,112,109,711,1
125,123,121,113,112,109,118,116,114,113,112,109,657,1
113,112,109,99,98,95,113,112,109,118,116,114,41,2
99,98,95,113,112,109,115,114,111,113,112,109,238,1
113,112,109,113,112,109,113,112,109,122,121,118,285,2
99,98,95,113,112,109,115,114,111,113,112,109,601,1
113,112,109,125,123,121,113,112,109,113,112,109,853,2
113,112,109,113,112,109,113,112,109,122,121,118,582,2
125,123,121,113,112,109,120,119,116,113,112,109,757,1
113,112,109,125,123,121,113,112,109,113,112,109,919,2
113,112,109,99,98,95,113,112,109,113,112,109,765,2
113,112,109,125,123,121,113,112,109,105,104,101,784,1
113,112,109,125,123,121,113,112,109,113,112,109,292,2
125,123,121,113,112,109,118,116,114,113,112,109,987,1
113,112,109,99,98,95,113,112,109,115,114,111,766,2
113,112,109,125,123,121,113,112,109,105,104,101,157,1
113,112,109,113,112,109,113,112,109,108,106,104,345,1
99,98,95,113,112,109,125,123,121,113,112,109,374,1
113,112,109,113,112,109,115,114,111,113,112,109,876,1
113,112,109,113,112,109,115,114,111,113,112,109,546,1
113,112,109,99,98,95,113,112,109,108,106,104,235,1
113,112,109,113,112,109,113,112,109,125,123,121,583,2
125,123,121,113,112,109,122,121,118,113,112,109,527,1
113,112,109,113,112,109,113,112,109,99,98,95,342,1
113,112,109,99,98,95,113,112,109,122,121,118,373,2
99,98,95,113,112,109,122,121,118,113,112,109,901,1
99,98,95,113,112,109,110,109,106,113,112,109,929,2
113,112,109,125,123,121,113,112,109,108,106,104,719,1
113,112,109,113,112,109,113,112,109,110,109,106,379,1
113,112,109,113,112,109,113,112,109,115,114,111,282,2
113,112,109,113,112,109,113,112,109,99,98,95,540,1
125,123,121,113,112,109,115,114,111,113,112,109,821,1
113,112,109,99,98,95,113,112,109,118,116,114,272,2
99,98,95,113,112,109,102,101,98,113,112,109,299,2
113,112,109,125,123,121,113,112,109,120,119,116,64,2
113,112,109,113,112,109,102,101,98,113,112,109,508,2
113,112,109,113,112,109,113,112,109,108,106,104,576,1
113,112,109,113,112,109,99,98,95,113,112,109,441,2
113,112,109,99,98,95,113,112,109,105,104,101,465,1
113,112,109,99,98,95,113,112,109,102,101,98,596,1
125,123,121,113,112,109,102,101,98,113,112,109,354,2
113,112,109,113,112,109,102,101,98,113,112,109,79,2
113,112,109,125,123,121,113,112,109,108,106,104,950,1
113,112,109,99,98,95,113,112,109,125,123,121,803,2
113,112,109,113,112,109,108,106,104,113,112,109,708,2
113,112,109,99,98,95,113,112,109,115,114,111,733,2
113,112,109,113,112,109,113,112,109,113,112,109,413,1
113,112,109,99,98,95,113,112,109,102,101,98,497,1
113,112,109,113,112,109,108,106,104,113,112,109,642,2
125,123,121,113,112,109,108,106,104,113,112,109,422,2
99,98,95,113,112,109,125,123,121,113,112,109,110,1
113,112,109,99,98,95,113,112,109,108,106,104,466,1
113,112,109,113,112,109,108,106,104,113,112,109,774,2
99,98,95,113,112,109,118,116,114,113,112,109,437,1
113,112,109,113,112,109,113,112,109,122,121,118,54,2
99,98,95,113,112,109,122,121,118,113,112,109,538,1
99,98,95,113,112,109,108,106,104,113,112,109,70,2
113,112,109,125,123,121,113,112,109,115,114,111,359,2
113,112,109,113,112,109,113,112,109,110,109,106,907,1
99,98,95,113,112,109,118,116,114,113,112,109,767,1
113,112,109,125,123,121,113,112,109,118,116,114,954,2
113,112,109,125,123,121,113,112,109,110,109,106,456,1
113,112,109,99,98,95,113,112,109,113,112,109,930,2
113,112,109,113,112,109,102,101,98,113,112,109,838,2
113,112,109,113,112,109,113,112,109,102,101,98,13,1
113,112,109,113,112,109,113,112,109,113,112,109,611,1
113,112,109,99,98,95,113,112,109,102,101,98,200,1
113,112,109,99,98,95,113,112,109,115,114,111,667,2
125,123,121,113,112,109,102,101,98,113,112,109,321,2
113,112,109,125,123,121,113,112,109,122,121,118,296,2
113,112,109,99,98,95,113,112,109,99,98,95,694,1
113,112,109,99,98,95,113,112,109,113,112,109,72,2
113,112,109,113,112,109,102,101,98,113,112,109,277,2
113,112,109,113,112,109,113,112,109,122,121,118,549,2
113,112,109,113,112,109,105,104,101,113,112,109,773,2
99,98,95,113,112,109,108,106,104,113,112,109,169,2
113,112,109,113,112,109,122,121,118,113,112,109,615,1
125,123,121,113,112,109,108,106,104,113,112,109,818,2
99,98,95,113,112,109,110,109,106,113,112,109,236,2
125,123,121,113,112,109,99,98,95,113,112,109,353,2
113,112,109,113,112,109,120,119,116,113,112,109,218,1
125,123,121,113,112,109,113,112,109,113,112,109,886,1
125,123,121,113,112,109,102,101,98,113,112,109,189,2
99,98,95,113,112,109,102,101,98,113,112,109,167,2
99,98,95,113,112,109,99,98,95,113,112,109,67,2
99,98,95,113,112,109,105,104,101,113,112,109,432,2
113,112,109,113,112,109,113,112,109,113,112,109,50,1
113,112,109,99,98,95,113,112,109,108,106,104,928,1
113,112,109,113,112,109,113,112,109,99,98,95,639,1
113,112,109,113,112,109,113,112,109,118,116,114,877,2
99,98,95,113,112,109,108,106,104,113,112,109,829,2
113,112,109,113,112,109,113,112,109,125,123,121,814,2
113,112,109,125,123,121,113,112,109,122,121,118,98,2
113,112,109,113,112,109,125,123,121,113,112,109,187,1
113,112,109,125,123,121,113,112,109,120,119,116,922,2
113,112,109,99,98,95,113,112,109,113,112,109,402,2
113,112,109,99,98,95,113,112,109,113,112,109,501,2
99,98,95,113,112,109,113,112,109,113,112,109,6,1
125,123,121,113,112,109,122,121,118,113,112,109,164,1
113,112,109,125,123,121,113,112,109,99,98,95,947,1
125,123,121,113,112,109,108,106,104,113,112,109,620,2
113,112,109,113,112,109,113,112,109,108,106,104,180,1
125,123,121,113,112,109,110,109,106,113,112,109,60,2
113,112,109,113,112,109,113,112,109,110,109,106,709,1
125,123,121,113,112,109,120,119,116,113,112,109,427,1
113,112,109,125,123,121,113,112,109,118,116,114,96,2
125,123,121,113,112,109,122,121,118,113,112,109,725,1
113,112,109,125,123,121,113,112,109,110,109,106,654,1
113,112,109,113,112,109,113,112,109,115,114,111,117,2
113,112,109,99,98,95,113,112,109,118,116,114,734,2
125,123,121,113,112,109,113,112,109,113,112,109,127,1
125,123,121,113,112,109,115,114,111,113,112,109,95,1
113,112,109,125,123,121,113,112,109,125,123,121,693,2
113,112,109,113,112,109,118,116,114,113,112,109,646,1
113,112,109,125,123,121,113,112,109,125,123,121,858,2
99,98,95,113,112,109,102,101,98,113,112,109,134,2
125,123,121,113,112,109,125,123,121,113,112,109,627,1
99,98,95,113,112,109,120,119,116,113,112,109,702,1
113,112,109,99,98,95,113,112,109,122,121,118,76,2
113,112,109,113,112,109,120,119,116,113,112,109,482,1
99,98,95,113,112,109,108,106,104,113,112,109,730,2
113,112,109,113,112,109,108,106,104,113,112,109,972,2
125,123,121,113,112,109,115,114,111,113,112,109,887,1
113,112,109,113,112,109,113,112,109,122,121,118,153,2
99,98,95,113,112,109,120,119,116,113,112,109,405,1
125,123,121,113,112,109,120,119,116,113,112,109,361,1
99,98,95,113,112,109,122,121,118,113,112,109,604,1
113,112,109,113,112,109,105,104,101,113,112,109,14,2
113,112,109,113,112,109,105,104,101,113,112,109,707,2
125,123,121,113,112,109,105,104,101,113,112,109,520,2
113,112,109,113,112,109,105,104,101,113,112,109,443,2
113,112,109,125,123,121,113,112,109,120,119,116,691,2
113,112,109,113,112,109,120,119,116,113,112,109,911,1
113,112,109,125,123,121,113,112,109,122,121,118,32,2
113,112,109,113,112,109,125,123,121,113,112,109,418,1
113,112,109,125,123,121,113,112,109,108,106,104,257,1
113,112,109,99,98,95,113,112,109,105,104,101,102,1
113,112,109,113,112,109,99,98,95,113,112,109,177,2
99,98,95,113,112,109,102,101,98,113,112,109,233,2
113,112,109,125,123,121,113,112,109,118,116,114,558,2
125,123,121,113,112,109,120,119,116,113,112,109,31,1
99,98,95,113,112,109,125,123,121,113,112,109,44,1
113,112,109,125,123,121,113,112,109,105,104,101,751,1
113,112,109,113,112,109,125,123,121,113,112,109,484,1
125,123,121,113,112,109,122,121,118,113,112,109,362,1
125,123,121,113,112,109,118,116,114,113,112,109,228,1
113,112,109,125,123,121,113,112,109,125,123,121,198,2
113,112,109,125,123,121,113,112,109,105,104,101,454,1
125,123,121,113,112,109,120,119,116,113,112,109,196,1
113,112,109,99,98,95,113,112,109,113,112,109,204,2
113,112,109,125,123,121,113,112,109,105,104,101,883,1
99,98,95,113,112,109,125,123,121,113,112,109,77,1
125,123,121,113,112,109,110,109,106,113,112,109,852,2
113,112,109,113,112,109,113,112,109,110,109,106,775,1
99,98,95,113,112,109,125,123,121,113,112,109,209,1
113,112,109,113,112,109,113,112,109,125,123,121,715,2
113,112,109,125,123,121,113,112,109,110,109,106,489,1
113,112,109,113,112,109,110,109,106,113,112,109,511,2
125,123,121,113,112,109,118,116,114,113,112,109,294,1
113,112,109,125,123,121,113,112,109,105,104,101,850,1
113,112,109,99,98,95,113,112,109,120,119,116,273,2
113,112,109,113,112,109,113,112,109,105,104,101,80,1
125,123,121,113,112,109,118,116,114,113,112,109,525,1
99,98,95,113,112,109,118,116,114,113,112,109,965,1
113,112,109,99,98,95,113,112,109,102,101,98,695,1
113,112,109,99,98,95,113,112,109,115,114,111,799,2
113,112,109,113,112,109,125,123,121,113,112,109,748,1
113,112,109,99,98,95,113,112,109,115,114,111,337,2
113,112,109,113,112,109,113,112,109,125,123,121,253,2
99,98,95,113,112,109,125,123,121,113,112,109,407,1
99,98,95,113,112,109,105,104,101,113,112,109,168,2
113,112,109,113,112,109,115,114,111,113,112,109,579,1
99,98,95,113,112,109,115,114,111,113,112,109,700,1
113,112,109,113,112,109,113,112,109,113,112,109,941,1
113,112,109,113,112,109,99,98,95,113,112,109,573,2
113,112,109,99,98,95,113,112,109,110,109,106,863,1
125,123,121,113,112,109,125,123,121,113,112,109,132,1
113,112,109,99,98,95,113,112,109,113,112,109,39,2
113,112,109,113,112,109,113,112,109,105,104,101,608,1
125,123,121,113,112,109,115,114,111,113,112,109,458,1
113,112,109,125,123,121,113,112,109,99,98,95,452,1
125,123,121,113,112,109,108,106,104,113,112,109,323,2
113,112,109,125,123,121,113,112,109,125,123,121,495,2
113,112,109,113,112,109,113,112,109,99,98,95,210,1
125,123,121,113,112,109,122,121,118,113,112,109,428,1
99,98,95,113,112,109,108,106,104,113,112,109,334,2
125,123,121,113,112,109,125,123,121,113,112,109,165,1
113,112,109,125,123,121,113,112,109,125,123,121,792,2
99,98,95,113,112,109,105,104,101,113,112,109,300,2
113,112,109,99,98,95,113,112,109,108,106,104,37,1
113,112,109,113,112,109,113,112,109,110,109,106,544,1
113,112,109,125,123,121,113,112,109,125,123,121,825,2
113,112,109,113,112,109,113,112,109,105,104,101,47,1
125,123,121,113,112,109,108,106,104,113,112,109,785,2
99,98,95,113,112,109,115,114,111,113,112,109,865,1
113,112,109,99,98,95,113,112,109,125,123,121,308,2
99,98,95,113,112,109,115,114,111,113,112,109,370,1
113,112,109,99,98,95,113,112,109,99,98,95,331,1
113,112,109,125,123,121,113,112,109,122,121,118,395,2
125,123,121,113,112,109,122,121,118,113,112,109,626,1
113,112,109,99,98,95,113,112,109,115,114,111,172,2
113,112,109,113,112,109,120,119,116,113,112,109,449,1
113,112,109,113,112,109,113,112,109,110,109,106,247,1
99,98,95,113,112,109,125,123,121,113,112,109,11,1
113,112,109,125,123,121,113,112,109,108,106,104,26,1
113,112,109,113,112,109,113,112,109,105,104,101,806,1
113,112,109,99,98,95,113,112,109,113,112,109,699,2
113,112,109,99,98,95,113,112,109,113,112,109,798,2
113,112,109,99,98,95,113,112,109,105,104,101,861,1
99,98,95,113,112,109,99,98,95,113,112,109,364,2
125,123,121,113,112,109,108,106,104,113,112,109,587,2
99,98,95,113,112,109,105,104,101,113,112,109,498,2
113,112,109,113,112,109,113,112,109,120,119,116,317,2
113,112,109,113,112,109,113,112,109,105,104,101,971,1
113,112,109,113,112,109,110,109,106,113,112,109,940,2
125,123,121,113,112,109,105,104,101,113,112,109,256,2
113,112,109,113,112,109,113,112,109,125,123,121,121,2
113,112,109,113,112,109,113,112,109,105,104,101,674,1
113,112,109,113,112,109,113,112,109,120,119,116,878,2
113,112,109,99,98,95,113,112,109,102,101,98,794,1
99,98,95,113,112,109,120,119,116,113,112,109,504,1
113,112,109,113,112,109,113,112,109,120,119,116,350,2
99,98,95,113,112,109,110,109,106,113,112,109,137,2
125,123,121,113,112,109,110,109,106,113,112,109,126,2
113,112,109,99,98,95,113,112,109,113,112,109,171,2
113,112,109,113,112,109,113,112,109,105,104,101,179,1
113,112,109,125,123,121,113,112,109,118,116,114,162,2
113,112,109,99,98,95,113,112,109,102,101,98,266,1
113,112,109,113,112,109,113,112,109,108,106,104,15,1
113,112,109,113,112,109,113,112,109,122,121,118,747,2
113,112,109,113,112,109,113,112,109,122,121,118,978,2
113,112,109,99,98,95,113,112,109,122,121,118,571,2
113,112,109,113,112,109,99,98,95,113,112,109,474,2
113,112,109,125,123,121,113,112,109,108,106,104,884,1
113,112,109,125,123,121,113,112,109,113,112,109,655,2
113,112,109,113,112,109,113,112,109,113,112,109,83,2
99,98,95,113,112,109,120,119,116,113,112,109,636,1
99,98,95,113,112,109,122,121,118,113,112,109,10,1
113,112,109,125,123,121,113,112,109,115,114,111,425,2
113,112,109,113,112,109,108,106,104,113,112,109,477,2
113,112,109,125,123,121,113,112,109,120,119,116,889,2
125,123,121,113,112,109,120,119,116,113,112,109,229,1
113,112,109,99,98,95,113,112,109,110,109,106,566,1
113,112,109,125,123,121,113,112,109,108,106,104,125,1
113,112,109,99,98,95,113,112,109,110,109,106,665,1
113,112,109,99,98,95,113,112,109,113,112,109,600,2
113,112,109,113,112,109,113,112,109,99,98,95,45,1
99,98,95,113,112,109,122,121,118,113,112,109,175,1
99,98,95,113,112,109,118,116,114,113,112,109,503,1
113,112,109,125,123,121,113,112,109,110,109,106,93,1
113,112,109,113,112,109,102,101,98,113,112,109,574,2
113,112,109,99,98,95,113,112,109,115,114,111,205,2
113,112,109,113,112,109,113,112,109,122,121,118,219,2
125,123,121,113,112,109,118,116,114,113,112,109,591,1
113,112,109,113,112,109,122,121,118,113,112,109,120,1
113,112,109,113,112,109,113,112,109,113,112,109,743,1
113,112,109,99,98,95,113,112,109,105,104,101,267,1
113,112,109,113,112,109,115,114,111,113,112,109,447,1
113,112,109,113,112,109,122,121,118,113,112,109,945,1
113,112,109,113,112,109,102,101,98,113,112,109,442,2
113,112,109,113,112,109,113,112,109,118,116,114,85,2
113,112,109,113,112,109,110,109,106,113,112,109,82,2
99,98,95,113,112,109,108,106,104,113,112,109,631,2
113,112,109,113,112,109,113,112,109,108,106,104,543,1
99,98,95,113,112,109,110,109,106,113,112,109,632,2
113,112,109,125,123,121,113,112,109,120,119,116,163,2
99,98,95,113,112,109,125,123,121,113,112,109,341,1
99,98,95,113,112,109,110,109,106,113,112,109,368,2
113,112,109,99,98,95,113,112,109,99,98,95,826,1
113,112,109,99,98,95,113,112,109,122,121,118,703,2
113,112,109,125,123,121,113,112,109,108,106,104,92,1
113,112,109,99,98,95,113,112,109,105,104,101,3,1
113,112,109,125,123,121,113,112,109,122,121,118,890,2
113,112,109,113,112,109,113,112,109,120,119,116,977,2
113,112,109,99,98,95,113,112,109,99,98,95,628,1
113,112,109,125,123,121,113,112,109,118,116,114,195,2
113,112,109,99,98,95,113,112,109,102,101,98,530,1
125,123,121,113,112,109,113,112,109,113,112,109,490,1
113,112,109,113,112,109,120,119,116,113,112,109,20,1
113,112,109,125,123,121,113,112,109,105,104,101,355,1
113,112,109,125,123,121,113,112,109,102,101,98,618,1
113,112,109,99,98,95,113,112,109,122,121,118,802,2
113,112,109,125,123,121,113,112,109,105,104,101,25,1
113,112,109,113,112,109,99,98,95,113,112,109,144,2
99,98,95,113,112,109,118,116,114,113,112,109,899,1
99,98,95,113,112,109,99,98,95,113,112,109,793,2
99,98,95,113,112,109,122,121,118,113,112,109,109,1
113,112,109,99,98,95,113,112,109,110,109,106,599,1
99,98,95,113,112,109,108,106,104,113,112,109,433,2
125,123,121,113,112,109,125,123,121,113,112,109,396,1
113,112,109,113,112,109,99,98,95,113,112,109,375,2
99,98,95,113,112,109,102,101,98,113,112,109,959,2
113,112,109,99,98,95,113,112,109,110,109,106,434,1
99,98,95,113,112,109,110,109,106,113,112,109,104,2
113,112,109,113,112,109,113,112,109,125,123,121,352,2
125,123,121,113,112,109,115,114,111,113,112,109,986,1
113,112,109,113,112,109,113,112,109,113,112,109,17,2
125,123,121,113,112,109,115,114,111,113,112,109,557,1
113,112,109,113,112,109,113,112,109,110,109,106,346,1
113,112,109,113,112,109,113,112,109,115,114,111,777,2
113,112,109,113,112,109,113,112,109,102,101,98,904,1
125,123,121,113,112,109,99,98,95,113,112,109,518,2
113,112,109,113,112,109,113,112,109,113,112,109,809,1
113,112,109,113,112,109,115,114,111,113,112,109,216,1
113,112,109,113,112,109,113,112,109,102,101,98,706,1
99,98,95,113,112,109,115,114,111,113,112,109,502,1
113,112,109,113,112,109,113,112,109,115,114,111,645,2
125,123,121,113,112,109,125,123,121,113,112,109,924,1
113,112,109,113,112,109,99,98,95,113,112,109,804,2
99,98,95,113,112,109,110,109,106,113,112,109,830,2
125,123,121,113,112,109,108,106,104,113,112,109,356,2
113,112,109,99,98,95,113,112,109,99,98,95,529,1
113,112,109,113,112,109,108,106,104,113,112,109,147,2
113,112,109,125,123,121,113,112,109,125,123,121,462,2
113,112,109,113,112,109,113,112,109,118,116,114,217,2
113,112,109,125,123,121,113,112,109,120,119,116,262,2
113,112,109,113,112,109,105,104,101,113,112,109,476,2
113,112,109,99,98,95,113,112,109,115,114,111,931,2
113,112,109,113,112,109,108,106,104,113,112,109,807,2
113,112,109,99,98,95,113,112,109,99,98,95,133,1
125,123,121,113,112,109,113,112,109,113,112,109,94,1
99,98,95,113,112,109,102,101,98,113,112,109,893,2
99,98,95,113,112,109,125,123,121,113,112,109,671,1
125,123,121,113,112,109,125,123,121,113,112,109,99,1
99,98,95,113,112,109,99,98,95,113,112,109,199,2
99,98,95,113,112,109,120,119,116,113,112,109,108,1
99,98,95,113,112,109,122,121,118,113,112,109,637,1
113,112,109,113,112,109,115,114,111,113,112,109,150,1
113,112,109,125,123,121,113,112,109,105,104,101,289,1
113,112,109,125,123,121,113,112,109,113,112,109,160,2
99,98,95,113,112,109,118,116,114,113,112,109,833,1
113,112,109,99,98,95,113,112,109,110,109,106,335,1
113,112,109,125,123,121,113,112,109,115,114,111,722,2
125,123,121,113,112,109,113,112,109,113,112,109,622,1
99,98,95,113,112,109,110,109,106,113,112,109,962,2
113,112,109,99,98,95,113,112,109,120,119,116,141,2
99,98,95,113,112,109,122,121,118,113,112,109,868,1
113,112,109,125,123,121,113,112,109,115,114,111,788,2
125,123,121,113,112,109,125,123,121,113,112,109,957,1
99,98,95,113,112,109,120,119,116,113,112,109,339,1
113,112,109,113,112,109,115,114,111,113,112,109,612,1
113,112,109,113,112,109,113,112,109,125,123,121,385,2
113,112,109,99,98,95,113,112,109,105,104,101,201,1
113,112,109,99,98,95,113,112,109,125,123,121,704,2
113,112,109,125,123,121,113,112,109,108,106,104,488,1
113,112,109,113,112,109,113,112,109,113,112,109,875,2
113,112,109,125,123,121,113,112,109,99,98,95,221,1
113,112,109,113,112,109,113,112,109,113,112,109,116,2
113,112,109,99,98,95,113,112,109,118,116,114,668,2
113,112,109,113,112,109,113,112,109,110,109,106,610,1
113,112,109,113,112,109,108,106,104,113,112,109,279,2
99,98,95,113,112,109,118,116,114,113,112,109,470,1
113,112,109,113,112,109,108,106,104,113,112,109,675,2
113,112,109,99,98,95,113,112,109,102,101,98,431,1
113,112,109,125,123,121,113,112,109,115,114,111,491,2
99,98,95,113,112,109,120,119,116,113,112,109,42,1
113,112,109,125,123,121,113,112,109,113,112,109,424,2
113,112,109,113,112,109,118,116,114,113,112,109,415,1
113,112,109,99,98,95,113,112,109,120,119,116,603,2
125,123,121,113,112,109,118,116,114,113,112,109,624,1
113,112,109,125,123,121,113,112,109,113,112,109,985,2
113,112,109,125,123,121,113,112,109,125,123,121,561,2
125,123,121,113,112,109,122,121,118,113,112,109,791,1
99,98,95,113,112,109,110,109,106,113,112,109,170,2
113,112,109,99,98,95,113,112,109,120,119,116,372,2
113,112,109,125,123,121,113,112,109,120,119,116,394,2
113,112,109,113,112,109,113,112,109,102,101,98,805,1
125,123,121,113,112,109,122,121,118,113,112,109,461,1
113,112,109,113,112,109,113,112,109,110,109,106,478,1
113,112,109,99,98,95,113,112,109,125,123,121,935,2
125,123,121,113,112,109,110,109,106,113,112,109,555,2
113,112,109,125,123,121,113,112,109,105,104,101,553,1
125,123,121,113,112,109,120,119,116,113,112,109,856,1
113,112,109,113,112,109,113,112,109,113,112,109,314,2
113,112,109,113,112,109,102,101,98,113,112,109,211,2
99,98,95,113,112,109,122,121,118,113,112,109,142,1
125,123,121,113,112,109,105,104,101,113,112,109,322,2
113,112,109,99,98,95,113,112,109,108,106,104,499,1
99,98,95,113,112,109,105,104,101,113,112,109,234,2
99,98,95,113,112,109,105,104,101,113,112,109,135,2
113,112,109,113,112,109,108,106,104,113,112,109,840,2
113,112,109,113,112,109,113,112,109,113,112,109,215,2
113,112,109,99,98,95,113,112,109,105,104,101,597,1
99,98,95,113,112,109,108,106,104,113,112,109,598,2
99,98,95,113,112,109,110,109,106,113,112,109,698,2
113,112,109,113,112,109,113,112,109,118,116,114,679,2
113,112,109,113,112,109,113,112,109,110,109,106,643,1
125,123,121,113,112,109,113,112,109,113,112,109,523,1
125,123,121,113,112,109,113,112,109,113,112,109,457,1
125,123,121,113,112,109,115,114,111,113,112,109,326,1
125,123,121,113,112,109,120,119,116,113,112,109,559,1
99,98,95,113,112,109,118,116,114,113,112,109,74,1
113,112,109,113,112,109,125,123,121,113,112,109,319,1
113,112,109,113,112,109,113,112,109,122,121,118,780,2
113,112,109,113,112,109,113,112,109,125,123,121,616,2
113,112,109,99,98,95,113,112,109,102,101,98,365,1
99,98,95,113,112,109,115,114,111,113,112,109,40,1
113,112,109,113,112,109,120,119,116,113,112,109,548,1
113,112,109,99,98,95,113,112,109,120,119,116,471,2
113,112,109,113,112,109,113,112,109,108,106,104,81,1
113,112,109,125,123,121,113,112,109,118,116,114,756,2
113,112,109,99,98,95,113,112,109,120,119,116,75,2
125,123,121,113,112,109,105,104,101,113,112,109,949,2
113,112,109,125,123,121,113,112,109,105,104,101,652,1
113,112,109,113,112,109,113,112,109,118,116,114,184,2
99,98,95,113,112,109,115,114,111,113,112,109,964,1
113,112,109,99,98,95,113,112,109,122,121,118,340,2
113,112,109,113,112,109,113,112,109,120,119,116,383,2
113,112,109,99,98,95,113,112,109,99,98,95,34,1
113,112,109,113,112,109,115,114,111,113,112,109,348,1
113,112,109,125,123,121,113,112,109,118,116,114,723,2
99,98,95,113,112,109,105,104,101,113,112,109,696,2
113,112,109,113,112,109,113,112,109,108,106,104,906,1
113,112,109,113,112,109,113,112,109,118,116,114,745,2
125,123,121,113,112,109,102,101,98,113,112,109,717,2
113,112,109,125,123,121,113,112,109,125,123,121,660,2
125,123,121,113,112,109,110,109,106,113,112,109,984,2
113,112,109,99,98,95,113,112,109,125,123,121,143,2
113,112,109,99,98,95,113,112,109,108,106,104,367,1
113,112,109,113,112,109,102,101,98,113,112,109,871,2
113,112,109,113,112,109,113,112,109,99,98,95,672,1
113,112,109,99,98,95,113,112,109,99,98,95,958,1
99,98,95,113,112,109,113,112,109,113,112,109,270,1
113,112,109,125,123,121,113,112,109,102,101,98,156,1
113,112,109,99,98,95,113,112,109,120,119,116,801,2
113,112,109,125,123,121,113,112,109,122,121,118,560,2
113,112,109,99,98,95,113,112,109,105,104,101,795,1
99,98,95,113,112,109,120,119,116,113,112,109,867,1
113,112,109,113,112,109,113,112,109,108,106,104,213,1
113,112,109,113,112,109,122,121,118,113,112,109,318,1
113,112,109,113,112,109,113,112,109,102,101,98,541,1
99,98,95,113,112,109,122,121,118,113,112,109,274,1
125,123,121,113,112,109,122,121,118,113,112,109,329,1
113,112,109,113,112,109,113,112,109,102,101,98,409,1
99,98,95,113,112,109,115,114,111,113,112,109,634,1
125,123,121,113,112,109,122,121,118,113,112,109,263,1
125,123,121,113,112,109,102,101,98,113,112,109,783,2
113,112,109,99,98,95,113,112,109,122,121,118,934,2
113,112,109,125,123,121,113,112,109,99,98,95,287,1
113,112,109,99,98,95,113,112,109,113,112,109,666,2
99,98,95,113,112,109,120,119,116,113,112,109,834,1
113,112,109,113,112,109,113,112,109,122,121,118,252,2
125,123,121,113,112,109,108,106,104,113,112,109,983,2
99,98,95,113,112,109,99,98,95,113,112,109,661,2
113,112,109,113,112,109,99,98,95,113,112,109,309,2
113,112,109,113,112,109,108,106,104,113,112,109,312,2
113,112,109,125,123,121,113,112,109,102,101,98,684,1
113,112,109,113,112,109,118,116,114,113,112,109,448,1
113,112,109,125,123,121,113,112,109,120,119,116,823,2
99,98,95,113,112,109,125,123,121,113,112,109,605,1
113,112,109,125,123,121,113,112,109,105,104,101,685,1
125,123,121,113,112,109,125,123,121,113,112,109,66,1
125,123,121,113,112,109,108,106,104,113,112,109,224,2
113,112,109,99,98,95,113,112,109,110,109,106,5,1
99,98,95,113,112,109,120,119,116,113,112,109,240,1
113,112,109,113,112,109,110,109,106,113,112,109,181,2
113,112,109,113,112,109,120,119,116,113,112,109,614,1
125,123,121,113,112,109,115,114,111,113,112,109,590,1
125,123,121,113,112,109,113,112,109,113,112,109,193,1
113,112,109,99,98,95,113,112,109,102,101,98,926,1
113,112,109,125,123,121,113,112,109,110,109,106,687,1
113,112,109,125,123,121,113,112,109,122,121,118,593,2
113,112,109,99,98,95,113,112,109,115,114,111,436,2
113,112,109,125,123,121,113,112,109,115,114,111,854,2
113,112,109,113,112,109,113,112,109,118,116,114,283,2
113,112,109,99,98,95,113,112,109,113,112,109,468,2
113,112,109,125,123,121,113,112,109,118,116,114,261,2
99,98,95,113,112,109,105,104,101,113,112,109,960,2
113,112,109,113,112,109,120,119,116,113,112,109,515,1
125,123,121,113,112,109,118,116,114,113,112,109,327,1
113,112,109,113,112,109,113,112,109,99,98,95,903,1
113,112,109,113,112,109,118,116,114,113,112,109,547,1
113,112,109,125,123,121,113,112,109,120,119,116,790,2
113,112,109,113,112,109,118,116,114,113,112,109,976,1
113,112,109,113,112,109,113,112,109,120,119,116,746,2
113,112,109,99,98,95,113,112,109,122,121,118,967,2
99,98,95,113,112,109,102,101,98,113,112,109,464,2
99,98,95,113,112,109,108,106,104,113,112,109,796,2
125,123,121,113,112,109,118,116,114,113,112,109,393,1
113,112,109,113,112,109,99,98,95,113,112,109,276,2
113,112,109,113,112,109,113,112,109,115,114,111,843,2
125,123,121,113,112,109,99,98,95,113,112,109,683,2
99,98,95,113,112,109,118,116,114,113,112,109,140,1
113,112,109,125,123,121,113,112,109,108,106,104,59,1
113,112,109,113,112,109,125,123,121,113,112,109,286,1
113,112,109,113,112,109,105,104,101,113,112,109,542,2
113,112,109,113,112,109,113,112,109,120,119,116,119,2
113,112,109,99,98,95,113,112,109,125,123,121,770,2
125,123,121,113,112,109,118,116,114,113,112,109,690,1
113,112,109,113,112,109,118,116,114,113,112,109,943,1
113,112,109,99,98,95,113,112,109,113,112,109,435,2
