40,40,40,50,50,50,40,40,40,30,30,30,881,1
30,30,30,40,40,40,38,38,38,40,40,40,500,2
40,40,40,40,40,40,40,40,40,44,44,44,613,2
30,30,30,40,40,40,40,40,40,40,40,40,897,1
30,30,30,40,40,40,36,36,36,40,40,40,895,2
40,40,40,30,30,30,40,40,40,30,30,30,760,1
40,40,40,30,30,30,40,40,40,32,32,32,827,1
40,40,40,40,40,40,40,40,40,50,50,50,847,2
40,40,40,30,30,30,40,40,40,40,40,40,732,2
40,40,40,30,30,30,40,40,40,32,32,32,761,1
50,50,50,40,40,40,42,42,42,40,40,40,920,1
40,40,40,50,50,50,40,40,40,30,30,30,155,1
40,40,40,50,50,50,40,40,40,34,34,34,718,1
40,40,40,40,40,40,32,32,32,40,40,40,772,2
40,40,40,50,50,50,40,40,40,34,34,34,916,1
40,40,40,30,30,30,40,40,40,34,34,34,663,1
30,30,30,40,40,40,48,48,48,40,40,40,406,1
40,40,40,50,50,50,40,40,40,46,46,46,130,2
40,40,40,30,30,30,40,40,40,48,48,48,769,2
30,30,30,40,40,40,42,42,42,40,40,40,832,1
40,40,40,40,40,40,46,46,46,40,40,40,185,1
40,40,40,50,50,50,40,40,40,48,48,48,131,2
40,40,40,50,50,50,40,40,40,50,50,50,363,2
50,50,50,40,40,40,42,42,42,40,40,40,953,1
40,40,40,40,40,40,42,42,42,40,40,40,678,1
40,40,40,40,40,40,40,40,40,36,36,36,873,1
40,40,40,30,30,30,40,40,40,34,34,34,762,1
40,40,40,40,40,40,30,30,30,40,40,40,771,2
50,50,50,40,40,40,38,38,38,40,40,40,819,2
40,40,40,40,40,40,32,32,32,40,40,40,937,2
40,40,40,40,40,40,50,50,50,40,40,40,649,1
30,30,30,40,40,40,36,36,36,40,40,40,862,2
40,40,40,50,50,50,40,40,40,46,46,46,658,2
30,30,30,40,40,40,50,50,50,40,40,40,506,1
40,40,40,40,40,40,34,34,34,40,40,40,410,2
40,40,40,40,40,40,40,40,40,40,40,40,512,2
30,30,30,40,40,40,40,40,40,40,40,40,369,1
50,50,50,40,40,40,44,44,44,40,40,40,426,1
40,40,40,40,40,40,40,40,40,32,32,32,112,1
40,40,40,40,40,40,44,44,44,40,40,40,910,1
50,50,50,40,40,40,40,40,40,40,40,40,259,1
40,40,40,50,50,50,40,40,40,42,42,42,227,2
40,40,40,40,40,40,40,40,40,50,50,50,682,2
40,40,40,50,50,50,40,40,40,30,30,30,980,1
40,40,40,50,50,50,40,40,40,40,40,40,61,2
40,40,40,30,30,30,40,40,40,44,44,44,338,2
50,50,50,40,40,40,38,38,38,40,40,40,918,2
40,40,40,30,30,30,40,40,40,30,30,30,298,1
40,40,40,40,40,40,38,38,38,40,40,40,412,2
30,30,30,40,40,40,30,30,30,40,40,40,562,2
40,40,40,30,30,30,40,40,40,36,36,36,565,1
50,50,50,40,40,40,48,48,48,40,40,40,659,1
40,40,40,30,30,30,40,40,40,42,42,42,7,2
40,40,40,50,50,50,40,40,40,44,44,44,63,2
50,50,50,40,40,40,32,32,32,40,40,40,585,2
30,30,30,40,40,40,30,30,30,40,40,40,595,2
40,40,40,30,30,30,40,40,40,50,50,50,242,2
40,40,40,50,50,50,40,40,40,44,44,44,855,2
40,40,40,50,50,50,40,40,40,46,46,46,988,2
40,40,40,50,50,50,40,40,40,38,38,38,951,1
40,40,40,40,40,40,40,40,40,38,38,38,742,1
40,40,40,40,40,40,40,40,40,32,32,32,475,1
40,40,40,40,40,40,46,46,46,40,40,40,647,1
40,40,40,40,40,40,40,40,40,40,40,40,380,2
40,40,40,50,50,50,40,40,40,50,50,50,726,2
50,50,50,40,40,40,32,32,32,40,40,40,420,2
50,50,50,40,40,40,32,32,32,40,40,40,57,2
30,30,30,40,40,40,44,44,44,40,40,40,206,1
50,50,50,40,40,40,30,30,30,40,40,40,485,2
30,30,30,40,40,40,44,44,44,40,40,40,173,1
30,30,30,40,40,40,44,44,44,40,40,40,635,1
40,40,40,40,40,40,40,40,40,48,48,48,516,2
40,40,40,40,40,40,40,40,40,46,46,46,416,2
40,40,40,40,40,40,34,34,34,40,40,40,344,2
50,50,50,40,40,40,30,30,30,40,40,40,23,2
30,30,30,40,40,40,48,48,48,40,40,40,472,1
40,40,40,40,40,40,40,40,40,42,42,42,513,2
50,50,50,40,40,40,30,30,30,40,40,40,89,2
40,40,40,50,50,50,40,40,40,32,32,32,915,1
40,40,40,50,50,50,40,40,40,32,32,32,552,1
40,40,40,40,40,40,42,42,42,40,40,40,810,1
40,40,40,30,30,30,40,40,40,30,30,30,727,1
40,40,40,40,40,40,50,50,50,40,40,40,880,1
50,50,50,40,40,40,30,30,30,40,40,40,551,2
40,40,40,50,50,50,40,40,40,46,46,46,724,2
40,40,40,40,40,40,40,40,40,36,36,36,48,1
40,40,40,30,30,30,40,40,40,44,44,44,8,2
40,40,40,50,50,50,40,40,40,36,36,36,290,1
50,50,50,40,40,40,38,38,38,40,40,40,357,2
50,50,50,40,40,40,50,50,50,40,40,40,759,1
40,40,40,40,40,40,34,34,34,40,40,40,311,2
30,30,30,40,40,40,44,44,44,40,40,40,701,1
40,40,40,40,40,40,42,42,42,40,40,40,315,1
40,40,40,50,50,50,40,40,40,32,32,32,651,1
40,40,40,30,30,30,40,40,40,32,32,32,2,1
50,50,50,40,40,40,30,30,30,40,40,40,716,2
50,50,50,40,40,40,40,40,40,40,40,40,28,1
50,50,50,40,40,40,38,38,38,40,40,40,522,2
40,40,40,30,30,30,40,40,40,36,36,36,961,1
40,40,40,30,30,30,40,40,40,38,38,38,401,1
40,40,40,40,40,40,42,42,42,40,40,40,414,1
50,50,50,40,40,40,38,38,38,40,40,40,324,2
30,30,30,40,40,40,34,34,34,40,40,40,564,2
50,50,50,40,40,40,42,42,42,40,40,40,161,1
40,40,40,30,30,30,40,40,40,44,44,44,305,2
50,50,50,40,40,40,40,40,40,40,40,40,358,1
40,40,40,30,30,30,40,40,40,40,40,40,534,2
40,40,40,40,40,40,40,40,40,40,40,40,908,2
40,40,40,40,40,40,40,40,40,40,40,40,842,2
30,30,30,40,40,40,48,48,48,40,40,40,241,1
40,40,40,50,50,50,40,40,40,34,34,34,982,1
40,40,40,40,40,40,50,50,50,40,40,40,88,1
40,40,40,40,40,40,40,40,40,36,36,36,246,1
30,30,30,40,40,40,30,30,30,40,40,40,430,2
50,50,50,40,40,40,32,32,32,40,40,40,387,2
50,50,50,40,40,40,34,34,34,40,40,40,487,2
40,40,40,50,50,50,40,40,40,36,36,36,521,1
50,50,50,40,40,40,42,42,42,40,40,40,392,1
40,40,40,40,40,40,40,40,40,32,32,32,46,1
40,40,40,40,40,40,40,40,40,48,48,48,846,2
40,40,40,30,30,30,40,40,40,46,46,46,900,2
40,40,40,40,40,40,40,40,40,44,44,44,250,2
30,30,30,40,40,40,34,34,34,40,40,40,36,2
30,30,30,40,40,40,42,42,42,40,40,40,898,1
50,50,50,40,40,40,32,32,32,40,40,40,288,2
40,40,40,50,50,50,40,40,40,30,30,30,254,1
40,40,40,50,50,50,40,40,40,40,40,40,325,2
40,40,40,40,40,40,40,40,40,48,48,48,351,2
40,40,40,30,30,30,40,40,40,42,42,42,106,2
50,50,50,40,40,40,32,32,32,40,40,40,816,2
40,40,40,50,50,50,40,40,40,44,44,44,30,2
40,40,40,40,40,40,40,40,40,50,50,50,913,2
30,30,30,40,40,40,34,34,34,40,40,40,894,2
40,40,40,40,40,40,48,48,48,40,40,40,714,1
50,50,50,40,40,40,38,38,38,40,40,40,720,2
40,40,40,40,40,40,30,30,30,40,40,40,408,2
40,40,40,30,30,30,40,40,40,40,40,40,831,2
40,40,40,40,40,40,40,40,40,34,34,34,938,1
40,40,40,40,40,40,36,36,36,40,40,40,378,2
50,50,50,40,40,40,40,40,40,40,40,40,226,1
40,40,40,40,40,40,50,50,50,40,40,40,22,1
40,40,40,30,30,30,40,40,40,48,48,48,736,2
40,40,40,40,40,40,40,40,40,36,36,36,939,1
40,40,40,40,40,40,40,40,40,30,30,30,738,1
50,50,50,40,40,40,44,44,44,40,40,40,129,1
30,30,30,40,40,40,44,44,44,40,40,40,536,1
40,40,40,30,30,30,40,40,40,50,50,50,638,2
40,40,40,40,40,40,40,40,40,44,44,44,778,2
40,40,40,40,40,40,40,40,40,44,44,44,118,2
40,40,40,50,50,50,40,40,40,32,32,32,123,1
40,40,40,40,40,40,50,50,50,40,40,40,517,1
30,30,30,40,40,40,38,38,38,40,40,40,467,2
50,50,50,40,40,40,36,36,36,40,40,40,917,2
40,40,40,40,40,40,36,36,36,40,40,40,510,2
40,40,40,30,30,30,40,40,40,42,42,42,304,2
40,40,40,50,50,50,40,40,40,40,40,40,787,2
40,40,40,40,40,40,40,40,40,40,40,40,281,2
40,40,40,30,30,30,40,40,40,48,48,48,505,2
40,40,40,40,40,40,38,38,38,40,40,40,973,2
50,50,50,40,40,40,30,30,30,40,40,40,749,2
30,30,30,40,40,40,34,34,34,40,40,40,927,2
40,40,40,30,30,30,40,40,40,38,38,38,764,1
40,40,40,40,40,40,40,40,40,32,32,32,343,1
40,40,40,40,40,40,40,40,40,38,38,38,874,1
40,40,40,30,30,30,40,40,40,42,42,42,139,2
30,30,30,40,40,40,50,50,50,40,40,40,572,1
30,30,30,40,40,40,46,46,46,40,40,40,306,1
40,40,40,50,50,50,40,40,40,30,30,30,386,1
40,40,40,40,40,40,46,46,46,40,40,40,680,1
50,50,50,40,40,40,32,32,32,40,40,40,453,2
40,40,40,50,50,50,40,40,40,50,50,50,297,2
40,40,40,50,50,50,40,40,40,48,48,48,197,2
40,40,40,30,30,30,40,40,40,50,50,50,968,2
40,40,40,30,30,30,40,40,40,30,30,30,463,1
50,50,50,40,40,40,50,50,50,40,40,40,594,1
40,40,40,30,30,30,40,40,40,36,36,36,136,1
40,40,40,40,40,40,40,40,40,32,32,32,376,1
40,40,40,50,50,50,40,40,40,30,30,30,320,1
40,40,40,50,50,50,40,40,40,30,30,30,782,1
40,40,40,50,50,50,40,40,40,36,36,36,191,1
40,40,40,40,40,40,32,32,32,40,40,40,310,2
40,40,40,30,30,30,40,40,40,40,40,40,567,2
40,40,40,40,40,40,44,44,44,40,40,40,514,1
40,40,40,30,30,30,40,40,40,38,38,38,533,1
40,40,40,40,40,40,40,40,40,44,44,44,349,2
30,30,30,40,40,40,30,30,30,40,40,40,892,2
40,40,40,40,40,40,38,38,38,40,40,40,313,2
40,40,40,30,30,30,40,40,40,34,34,34,729,1
40,40,40,30,30,30,40,40,40,40,40,40,138,2
50,50,50,40,40,40,30,30,30,40,40,40,815,2
40,40,40,40,40,40,44,44,44,40,40,40,52,1
30,30,30,40,40,40,32,32,32,40,40,40,860,2
40,40,40,30,30,30,40,40,40,46,46,46,9,2
40,40,40,40,40,40,40,40,40,50,50,50,550,2
40,40,40,50,50,50,40,40,40,34,34,34,223,1
30,30,30,40,40,40,34,34,34,40,40,40,630,2
50,50,50,40,40,40,46,46,46,40,40,40,328,1
40,40,40,50,50,50,40,40,40,40,40,40,820,2
40,40,40,40,40,40,40,40,40,30,30,30,969,1
30,30,30,40,40,40,44,44,44,40,40,40,107,1
40,40,40,40,40,40,40,40,40,42,42,42,744,2
40,40,40,50,50,50,40,40,40,38,38,38,258,1
40,40,40,40,40,40,40,40,40,42,42,42,18,2
40,40,40,50,50,50,40,40,40,46,46,46,97,2
40,40,40,40,40,40,32,32,32,40,40,40,145,2
40,40,40,50,50,50,40,40,40,32,32,32,222,1
40,40,40,50,50,50,40,40,40,32,32,32,255,1
50,50,50,40,40,40,36,36,36,40,40,40,455,2
40,40,40,30,30,30,40,40,40,46,46,46,735,2
40,40,40,40,40,40,44,44,44,40,40,40,151,1
30,30,30,40,40,40,30,30,30,40,40,40,232,2
50,50,50,40,40,40,32,32,32,40,40,40,24,2
30,30,30,40,40,40,40,40,40,40,40,40,303,1
40,40,40,40,40,40,40,40,40,32,32,32,970,1
40,40,40,50,50,50,40,40,40,46,46,46,460,2
40,40,40,40,40,40,40,40,40,40,40,40,776,1
40,40,40,30,30,30,40,40,40,38,38,38,302,1
40,40,40,40,40,40,40,40,40,30,30,30,837,1
40,40,40,40,40,40,40,40,40,40,40,40,446,1
50,50,50,40,40,40,38,38,38,40,40,40,786,2
40,40,40,50,50,50,40,40,40,38,38,38,27,1
40,40,40,40,40,40,40,40,40,40,40,40,347,2
40,40,40,40,40,40,40,40,40,46,46,46,944,2
50,50,50,40,40,40,34,34,34,40,40,40,91,2
40,40,40,30,30,30,40,40,40,38,38,38,203,1
40,40,40,40,40,40,40,40,40,38,38,38,445,1
40,40,40,40,40,40,40,40,40,38,38,38,841,1
40,40,40,30,30,30,40,40,40,32,32,32,68,1
30,30,30,40,40,40,36,36,36,40,40,40,103,2
40,40,40,30,30,30,40,40,40,34,34,34,399,1
40,40,40,40,40,40,38,38,38,40,40,40,808,2
40,40,40,30,30,30,40,40,40,38,38,38,38,1
40,40,40,30,30,30,40,40,40,48,48,48,835,2
50,50,50,40,40,40,34,34,34,40,40,40,190,2
40,40,40,30,30,30,40,40,40,30,30,30,1,1
40,40,40,40,40,40,38,38,38,40,40,40,676,2
40,40,40,30,30,30,40,40,40,30,30,30,265,1
40,40,40,40,40,40,40,40,40,34,34,34,278,1
50,50,50,40,40,40,50,50,50,40,40,40,528,1
40,40,40,40,40,40,40,40,40,30,30,30,111,1
40,40,40,40,40,40,40,40,40,50,50,50,154,2
40,40,40,40,40,40,42,42,42,40,40,40,84,1
40,40,40,40,40,40,46,46,46,40,40,40,812,1
40,40,40,40,40,40,36,36,36,40,40,40,114,2
30,30,30,40,40,40,36,36,36,40,40,40,268,2
40,40,40,50,50,50,40,40,40,30,30,30,122,1
30,30,30,40,40,40,30,30,30,40,40,40,925,2
40,40,40,50,50,50,40,40,40,34,34,34,817,1
50,50,50,40,40,40,38,38,38,40,40,40,423,2
30,30,30,40,40,40,30,30,30,40,40,40,397,2
40,40,40,50,50,50,40,40,40,40,40,40,589,2
30,30,30,40,40,40,50,50,50,40,40,40,869,1
40,40,40,40,40,40,46,46,46,40,40,40,581,1
40,40,40,50,50,50,40,40,40,46,46,46,526,2
40,40,40,50,50,50,40,40,40,42,42,42,293,2
40,40,40,50,50,50,40,40,40,30,30,30,188,1
50,50,50,40,40,40,36,36,36,40,40,40,686,2
50,50,50,40,40,40,40,40,40,40,40,40,391,1
40,40,40,50,50,50,40,40,40,34,34,34,586,1
40,40,40,40,40,40,48,48,48,40,40,40,483,1
40,40,40,40,40,40,40,40,40,36,36,36,609,1
40,40,40,40,40,40,40,40,40,46,46,46,845,2
40,40,40,40,40,40,40,40,40,50,50,50,220,2
40,40,40,50,50,50,40,40,40,30,30,30,914,1
50,50,50,40,40,40,38,38,38,40,40,40,159,2
40,40,40,50,50,50,40,40,40,42,42,42,260,2
40,40,40,30,30,30,40,40,40,48,48,48,439,2
40,40,40,30,30,30,40,40,40,50,50,50,176,2
30,30,30,40,40,40,44,44,44,40,40,40,239,1
40,40,40,50,50,50,40,40,40,48,48,48,857,2
40,40,40,40,40,40,46,46,46,40,40,40,713,1
40,40,40,30,30,30,40,40,40,46,46,46,537,2
30,30,30,40,40,40,50,50,50,40,40,40,440,1
40,40,40,50,50,50,40,40,40,50,50,50,990,2
40,40,40,40,40,40,40,40,40,44,44,44,712,2
40,40,40,40,40,40,40,40,40,46,46,46,152,2
40,40,40,50,50,50,40,40,40,38,38,38,390,1
40,40,40,30,30,30,40,40,40,44,44,44,371,2
40,40,40,40,40,40,40,40,40,30,30,30,78,1
50,50,50,40,40,40,44,44,44,40,40,40,888,1
40,40,40,40,40,40,40,40,40,40,40,40,974,1
40,40,40,40,40,40,34,34,34,40,40,40,872,2
40,40,40,50,50,50,40,40,40,44,44,44,921,2
40,40,40,50,50,50,40,40,40,30,30,30,617,1
40,40,40,40,40,40,40,40,40,30,30,30,507,1
40,40,40,40,40,40,32,32,32,40,40,40,673,2
30,30,30,40,40,40,32,32,32,40,40,40,662,2
40,40,40,50,50,50,40,40,40,42,42,42,128,2
30,30,30,40,40,40,46,46,46,40,40,40,966,1
50,50,50,40,40,40,32,32,32,40,40,40,948,2
50,50,50,40,40,40,36,36,36,40,40,40,653,2
40,40,40,30,30,30,40,40,40,50,50,50,737,2
40,40,40,50,50,50,40,40,40,44,44,44,459,2
40,40,40,40,40,40,40,40,40,32,32,32,244,1
40,40,40,30,30,30,40,40,40,32,32,32,35,1
40,40,40,40,40,40,38,38,38,40,40,40,49,2
40,40,40,40,40,40,40,40,40,40,40,40,479,2
40,40,40,50,50,50,40,40,40,38,38,38,588,1
40,40,40,40,40,40,36,36,36,40,40,40,411,2
30,30,30,40,40,40,50,50,50,40,40,40,275,1
40,40,40,30,30,30,40,40,40,32,32,32,332,1
40,40,40,40,40,40,40,40,40,40,40,40,182,1
50,50,50,40,40,40,46,46,46,40,40,40,592,1
40,40,40,40,40,40,40,40,40,40,40,40,644,2
40,40,40,40,40,40,48,48,48,40,40,40,384,1
40,40,40,30,30,30,40,40,40,40,40,40,864,2
30,30,30,40,40,40,36,36,36,40,40,40,697,2
50,50,50,40,40,40,50,50,50,40,40,40,429,1
40,40,40,50,50,50,40,40,40,38,38,38,291,1
40,40,40,40,40,40,44,44,44,40,40,40,580,1
40,40,40,40,40,40,40,40,40,42,42,42,975,2
50,50,50,40,40,40,36,36,36,40,40,40,158,2
40,40,40,40,40,40,34,34,34,40,40,40,113,2
50,50,50,40,40,40,32,32,32,40,40,40,849,2
50,50,50,40,40,40,34,34,34,40,40,40,388,2
40,40,40,30,30,30,40,40,40,40,40,40,336,2
40,40,40,50,50,50,40,40,40,40,40,40,952,2
30,30,30,40,40,40,38,38,38,40,40,40,797,2
40,40,40,40,40,40,48,48,48,40,40,40,912,1
40,40,40,50,50,50,40,40,40,38,38,38,192,1
50,50,50,40,40,40,44,44,44,40,40,40,492,1
40,40,40,30,30,30,40,40,40,44,44,44,866,2
40,40,40,40,40,40,40,40,40,40,40,40,710,1
40,40,40,40,40,40,50,50,50,40,40,40,946,1
50,50,50,40,40,40,38,38,38,40,40,40,753,2
40,40,40,40,40,40,48,48,48,40,40,40,879,1
40,40,40,40,40,40,40,40,40,40,40,40,149,2
40,40,40,40,40,40,30,30,30,40,40,40,12,2
40,40,40,30,30,30,40,40,40,50,50,50,836,2
40,40,40,40,40,40,40,40,40,38,38,38,214,1
30,30,30,40,40,40,36,36,36,40,40,40,763,2
50,50,50,40,40,40,42,42,42,40,40,40,62,1
30,30,30,40,40,40,42,42,42,40,40,40,568,1
30,30,30,40,40,40,42,42,42,40,40,40,535,1
30,30,30,40,40,40,44,44,44,40,40,40,800,1
40,40,40,40,40,40,38,38,38,40,40,40,577,2
40,40,40,40,40,40,40,40,40,32,32,32,739,1
50,50,50,40,40,40,38,38,38,40,40,40,621,2
40,40,40,40,40,40,40,40,40,30,30,30,936,1
40,40,40,40,40,40,50,50,50,40,40,40,979,1
30,30,30,40,40,40,44,44,44,40,40,40,569,1
40,40,40,50,50,50,40,40,40,34,34,34,124,1
40,40,40,50,50,50,40,40,40,40,40,40,721,2
40,40,40,40,40,40,40,40,40,40,40,40,578,2
40,40,40,40,40,40,48,48,48,40,40,40,186,1
40,40,40,30,30,30,40,40,40,30,30,30,496,1
40,40,40,40,40,40,40,40,40,50,50,50,55,2
50,50,50,40,40,40,30,30,30,40,40,40,848,2
30,30,30,40,40,40,38,38,38,40,40,40,731,2
40,40,40,50,50,50,40,40,40,42,42,42,689,2
40,40,40,40,40,40,34,34,34,40,40,40,212,2
30,30,30,40,40,40,36,36,36,40,40,40,202,2
50,50,50,40,40,40,30,30,30,40,40,40,419,2
40,40,40,40,40,40,40,40,40,44,44,44,844,2
40,40,40,50,50,50,40,40,40,46,46,46,295,2
40,40,40,50,50,50,40,40,40,50,50,50,231,2
40,40,40,40,40,40,48,48,48,40,40,40,450,1
50,50,50,40,40,40,32,32,32,40,40,40,981,2
40,40,40,40,40,40,40,40,40,48,48,48,813,2
40,40,40,40,40,40,40,40,40,48,48,48,648,2
30,30,30,40,40,40,40,40,40,40,40,40,633,1
40,40,40,40,40,40,40,40,40,38,38,38,148,1
40,40,40,40,40,40,44,44,44,40,40,40,382,1
40,40,40,40,40,40,40,40,40,46,46,46,779,2
50,50,50,40,40,40,30,30,30,40,40,40,584,2
40,40,40,50,50,50,40,40,40,36,36,36,851,1
40,40,40,40,40,40,40,40,40,34,34,34,839,1
40,40,40,30,30,30,40,40,40,34,34,34,69,1
40,40,40,40,40,40,40,40,40,40,40,40,545,1
40,40,40,30,30,30,40,40,40,48,48,48,43,2
40,40,40,30,30,30,40,40,40,40,40,40,963,2
40,40,40,30,30,30,40,40,40,34,34,34,531,1
40,40,40,40,40,40,40,40,40,34,34,34,245,1
40,40,40,40,40,40,40,40,40,44,44,44,19,2
40,40,40,50,50,50,40,40,40,42,42,42,524,2
30,30,30,40,40,40,44,44,44,40,40,40,932,1
40,40,40,40,40,40,40,40,40,36,36,36,444,1
40,40,40,40,40,40,42,42,42,40,40,40,942,1
40,40,40,50,50,50,40,40,40,48,48,48,923,2
40,40,40,40,40,40,40,40,40,32,32,32,640,1
40,40,40,30,30,30,40,40,40,32,32,32,629,1
40,40,40,50,50,50,40,40,40,42,42,42,656,2
40,40,40,30,30,30,40,40,40,46,46,46,174,2
30,30,30,40,40,40,50,50,50,40,40,40,539,1
50,50,50,40,40,40,30,30,30,40,40,40,56,2
50,50,50,40,40,40,40,40,40,40,40,40,688,1
40,40,40,30,30,30,40,40,40,30,30,30,859,1
40,40,40,30,30,30,40,40,40,44,44,44,602,2
50,50,50,40,40,40,36,36,36,40,40,40,389,2
30,30,30,40,40,40,42,42,42,40,40,40,73,1
40,40,40,50,50,50,40,40,40,48,48,48,494,2
40,40,40,30,30,30,40,40,40,42,42,42,469,2
50,50,50,40,40,40,40,40,40,40,40,40,754,1
40,40,40,50,50,50,40,40,40,48,48,48,989,2
40,40,40,50,50,50,40,40,40,46,46,46,493,2
40,40,40,40,40,40,40,40,40,38,38,38,115,1
40,40,40,40,40,40,50,50,50,40,40,40,451,1
50,50,50,40,40,40,50,50,50,40,40,40,264,1
40,40,40,30,30,30,40,40,40,36,36,36,301,1
30,30,30,40,40,40,46,46,46,40,40,40,669,1
30,30,30,40,40,40,46,46,46,40,40,40,438,1
30,30,30,40,40,40,38,38,38,40,40,40,896,2
50,50,50,40,40,40,50,50,50,40,40,40,33,1
40,40,40,40,40,40,40,40,40,34,34,34,575,1
40,40,40,40,40,40,40,40,40,48,48,48,87,2
40,40,40,40,40,40,46,46,46,40,40,40,53,1
40,40,40,50,50,50,40,40,40,48,48,48,758,2
30,30,30,40,40,40,40,40,40,40,40,40,105,1
40,40,40,30,30,30,40,40,40,48,48,48,307,2
40,40,40,40,40,40,40,40,40,40,40,40,677,2
50,50,50,40,40,40,50,50,50,40,40,40,891,1
50,50,50,40,40,40,42,42,42,40,40,40,755,1
50,50,50,40,40,40,30,30,30,40,40,40,650,2
40,40,40,30,30,30,40,40,40,42,42,42,271,2
40,40,40,40,40,40,48,48,48,40,40,40,21,1
40,40,40,40,40,40,46,46,46,40,40,40,86,1
40,40,40,40,40,40,34,34,34,40,40,40,740,2
40,40,40,50,50,50,40,40,40,48,48,48,692,2
40,40,40,40,40,40,40,40,40,34,34,34,641,1
40,40,40,40,40,40,32,32,32,40,40,40,178,2
40,40,40,40,40,40,40,40,40,34,34,34,146,1
40,40,40,40,40,40,44,44,44,40,40,40,811,1
50,50,50,40,40,40,48,48,48,40,40,40,230,1
40,40,40,50,50,50,40,40,40,44,44,44,360,2
40,40,40,50,50,50,40,40,40,36,36,36,554,1
40,40,40,40,40,40,42,42,42,40,40,40,183,1
50,50,50,40,40,40,32,32,32,40,40,40,750,2
30,30,30,40,40,40,48,48,48,40,40,40,208,1
40,40,40,40,40,40,40,40,40,50,50,50,781,2
50,50,50,40,40,40,42,42,42,40,40,40,623,1
30,30,30,40,40,40,34,34,34,40,40,40,366,2
40,40,40,30,30,30,40,40,40,50,50,50,473,2
40,40,40,30,30,30,40,40,40,46,46,46,768,2
30,30,30,40,40,40,32,32,32,40,40,40,101,2
40,40,40,40,40,40,40,40,40,42,42,42,249,2
40,40,40,50,50,50,40,40,40,34,34,34,619,1
40,40,40,30,30,30,40,40,40,46,46,46,933,2
50,50,50,40,40,40,42,42,42,40,40,40,29,1
40,40,40,50,50,50,40,40,40,34,34,34,58,1
40,40,40,40,40,40,40,40,40,30,30,30,243,1
40,40,40,50,50,50,40,40,40,40,40,40,556,2
40,40,40,50,50,50,40,40,40,42,42,42,194,2
30,30,30,40,40,40,46,46,46,40,40,40,570,1
50,50,50,40,40,40,32,32,32,40,40,40,486,2
40,40,40,40,40,40,40,40,40,34,34,34,509,1
40,40,40,40,40,40,32,32,32,40,40,40,607,2
30,30,30,40,40,40,32,32,32,40,40,40,398,2
40,40,40,40,40,40,40,40,40,42,42,42,480,2
30,30,30,40,40,40,32,32,32,40,40,40,728,2
40,40,40,50,50,50,40,40,40,48,48,48,65,2
30,30,30,40,40,40,36,36,36,40,40,40,4,2
50,50,50,40,40,40,44,44,44,40,40,40,822,1
30,30,30,40,40,40,38,38,38,40,40,40,71,2
40,40,40,50,50,50,40,40,40,36,36,36,752,1
40,40,40,30,30,30,40,40,40,30,30,30,100,1
40,40,40,50,50,50,40,40,40,32,32,32,519,1
30,30,30,40,40,40,36,36,36,40,40,40,664,2
40,40,40,30,30,30,40,40,40,44,44,44,404,2
40,40,40,40,40,40,34,34,34,40,40,40,377,2
40,40,40,40,40,40,42,42,42,40,40,40,909,1
40,40,40,40,40,40,40,40,40,30,30,30,606,1
40,40,40,40,40,40,46,46,46,40,40,40,251,1
40,40,40,40,40,40,40,40,40,30,30,30,870,1
40,40,40,30,30,30,40,40,40,42,42,42,403,2
40,40,40,40,40,40,40,40,40,40,40,40,248,1
40,40,40,40,40,40,40,40,40,44,44,44,481,2
40,40,40,40,40,40,44,44,44,40,40,40,316,1
40,40,40,40,40,40,34,34,34,40,40,40,905,2
30,30,30,40,40,40,30,30,30,40,40,40,166,2
30,30,30,40,40,40,32,32,32,40,40,40,563,2
40,40,40,30,30,30,40,40,40,38,38,38,269,1
40,40,40,40,40,40,40,40,40,30,30,30,705,1
30,30,30,40,40,40,36,36,36,40,40,40,532,2
30,30,30,40,40,40,46,46,46,40,40,40,207,1
40,40,40,50,50,50,40,40,40,32,32,32,90,1
40,40,40,50,50,50,40,40,40,46,46,46,625,2
40,40,40,50,50,50,40,40,40,38,38,38,885,1
40,40,40,40,40,40,42,42,42,40,40,40,51,1
40,40,40,40,40,40,42,42,42,40,40,40,381,1
50,50,50,40,40,40,48,48,48,40,40,40,956,1
40,40,40,40,40,40,40,40,40,36,36,36,741,1
40,40,40,30,30,30,40,40,40,40,40,40,237,2
40,40,40,40,40,40,38,38,38,40,40,40,280,2
40,40,40,50,50,50,40,40,40,32,32,32,882,1
50,50,50,40,40,40,38,38,38,40,40,40,225,2
50,50,50,40,40,40,34,34,34,40,40,40,421,2
40,40,40,40,40,40,48,48,48,40,40,40,417,1
40,40,40,40,40,40,40,40,40,38,38,38,16,1
40,40,40,30,30,30,40,40,40,36,36,36,400,1
40,40,40,50,50,50,40,40,40,50,50,50,330,2
40,40,40,50,50,50,40,40,40,46,46,46,955,2
40,40,40,50,50,50,40,40,40,48,48,48,824,2
50,50,50,40,40,40,44,44,44,40,40,40,789,1
40,40,40,30,30,30,40,40,40,48,48,48,670,2
40,40,40,30,30,30,40,40,40,34,34,34,828,1
40,40,40,40,40,40,40,40,40,46,46,46,284,2
30,30,30,40,40,40,50,50,50,40,40,40,902,1
40,40,40,30,30,30,40,40,40,34,34,34,333,1
40,40,40,40,40,40,40,40,40,48,48,48,681,2
40,40,40,40,40,40,42,42,42,40,40,40,711,1
50,50,50,40,40,40,44,44,44,40,40,40,657,1
40,40,40,30,30,30,40,40,40,44,44,44,41,2
30,30,30,40,40,40,42,42,42,40,40,40,238,1
40,40,40,40,40,40,40,40,40,48,48,48,285,2
30,30,30,40,40,40,42,42,42,40,40,40,601,1
40,40,40,50,50,50,40,40,40,40,40,40,853,2
40,40,40,40,40,40,40,40,40,48,48,48,582,2
50,50,50,40,40,40,46,46,46,40,40,40,757,1
40,40,40,50,50,50,40,40,40,40,40,40,919,2
40,40,40,30,30,30,40,40,40,40,40,40,765,2
40,40,40,50,50,50,40,40,40,34,34,34,784,1
40,40,40,50,50,50,40,40,40,40,40,40,292,2
50,50,50,40,40,40,44,44,44,40,40,40,987,1
40,40,40,30,30,30,40,40,40,42,42,42,766,2
40,40,40,50,50,50,40,40,40,34,34,34,157,1
40,40,40,40,40,40,40,40,40,36,36,36,345,1
30,30,30,40,40,40,50,50,50,40,40,40,374,1
40,40,40,40,40,40,42,42,42,40,40,40,876,1
40,40,40,40,40,40,42,42,42,40,40,40,546,1
40,40,40,30,30,30,40,40,40,36,36,36,235,1
40,40,40,40,40,40,40,40,40,50,50,50,583,2
50,50,50,40,40,40,48,48,48,40,40,40,527,1
40,40,40,40,40,40,40,40,40,30,30,30,342,1
40,40,40,30,30,30,40,40,40,48,48,48,373,2
30,30,30,40,40,40,48,48,48,40,40,40,901,1
30,30,30,40,40,40,38,38,38,40,40,40,929,2
40,40,40,50,50,50,40,40,40,36,36,36,719,1
40,40,40,40,40,40,40,40,40,38,38,38,379,1
40,40,40,40,40,40,40,40,40,42,42,42,282,2
40,40,40,40,40,40,40,40,40,30,30,30,540,1
50,50,50,40,40,40,42,42,42,40,40,40,821,1
40,40,40,30,30,30,40,40,40,44,44,44,272,2
30,30,30,40,40,40,32,32,32,40,40,40,299,2
40,40,40,50,50,50,40,40,40,46,46,46,64,2
40,40,40,40,40,40,32,32,32,40,40,40,508,2
40,40,40,40,40,40,40,40,40,36,36,36,576,1
40,40,40,40,40,40,30,30,30,40,40,40,441,2
40,40,40,30,30,30,40,40,40,34,34,34,465,1
40,40,40,30,30,30,40,40,40,32,32,32,596,1
50,50,50,40,40,40,32,32,32,40,40,40,354,2
40,40,40,40,40,40,32,32,32,40,40,40,79,2
40,40,40,50,50,50,40,40,40,36,36,36,950,1
40,40,40,30,30,30,40,40,40,50,50,50,803,2
40,40,40,40,40,40,36,36,36,40,40,40,708,2
40,40,40,30,30,30,40,40,40,42,42,42,733,2
40,40,40,40,40,40,40,40,40,40,40,40,413,1
40,40,40,30,30,30,40,40,40,32,32,32,497,1
40,40,40,40,40,40,36,36,36,40,40,40,642,2
50,50,50,40,40,40,36,36,36,40,40,40,422,2
30,30,30,40,40,40,50,50,50,40,40,40,110,1
40,40,40,30,30,30,40,40,40,36,36,36,466,1
40,40,40,40,40,40,36,36,36,40,40,40,774,2
30,30,30,40,40,40,44,44,44,40,40,40,437,1
40,40,40,40,40,40,40,40,40,48,48,48,54,2
30,30,30,40,40,40,48,48,48,40,40,40,538,1
30,30,30,40,40,40,36,36,36,40,40,40,70,2
40,40,40,50,50,50,40,40,40,42,42,42,359,2
40,40,40,40,40,40,40,40,40,38,38,38,907,1
30,30,30,40,40,40,44,44,44,40,40,40,767,1
40,40,40,50,50,50,40,40,40,44,44,44,954,2
40,40,40,50,50,50,40,40,40,38,38,38,456,1
40,40,40,30,30,30,40,40,40,40,40,40,930,2
40,40,40,40,40,40,32,32,32,40,40,40,838,2
40,40,40,40,40,40,40,40,40,32,32,32,13,1
40,40,40,40,40,40,40,40,40,40,40,40,611,1
40,40,40,30,30,30,40,40,40,32,32,32,200,1
40,40,40,30,30,30,40,40,40,42,42,42,667,2
50,50,50,40,40,40,32,32,32,40,40,40,321,2
40,40,40,50,50,50,40,40,40,48,48,48,296,2
40,40,40,30,30,30,40,40,40,30,30,30,694,1
40,40,40,30,30,30,40,40,40,40,40,40,72,2
40,40,40,40,40,40,32,32,32,40,40,40,277,2
40,40,40,40,40,40,40,40,40,48,48,48,549,2
40,40,40,40,40,40,34,34,34,40,40,40,773,2
30,30,30,40,40,40,36,36,36,40,40,40,169,2
40,40,40,40,40,40,48,48,48,40,40,40,615,1
50,50,50,40,40,40,36,36,36,40,40,40,818,2
30,30,30,40,40,40,38,38,38,40,40,40,236,2
50,50,50,40,40,40,30,30,30,40,40,40,353,2
40,40,40,40,40,40,46,46,46,40,40,40,218,1
50,50,50,40,40,40,40,40,40,40,40,40,886,1
50,50,50,40,40,40,32,32,32,40,40,40,189,2
30,30,30,40,40,40,32,32,32,40,40,40,167,2
30,30,30,40,40,40,30,30,30,40,40,40,67,2
30,30,30,40,40,40,34,34,34,40,40,40,432,2
40,40,40,40,40,40,40,40,40,40,40,40,50,1
40,40,40,30,30,30,40,40,40,36,36,36,928,1
40,40,40,40,40,40,40,40,40,30,30,30,639,1
40,40,40,40,40,40,40,40,40,44,44,44,877,2
30,30,30,40,40,40,36,36,36,40,40,40,829,2
40,40,40,40,40,40,40,40,40,50,50,50,814,2
40,40,40,50,50,50,40,40,40,48,48,48,98,2
40,40,40,40,40,40,50,50,50,40,40,40,187,1
40,40,40,50,50,50,40,40,40,46,46,46,922,2
40,40,40,30,30,30,40,40,40,40,40,40,402,2
40,40,40,30,30,30,40,40,40,40,40,40,501,2
30,30,30,40,40,40,40,40,40,40,40,40,6,1
50,50,50,40,40,40,48,48,48,40,40,40,164,1
40,40,40,50,50,50,40,40,40,30,30,30,947,1
50,50,50,40,40,40,36,36,36,40,40,40,620,2
40,40,40,40,40,40,40,40,40,36,36,36,180,1
50,50,50,40,40,40,38,38,38,40,40,40,60,2
40,40,40,40,40,40,40,40,40,38,38,38,709,1
50,50,50,40,40,40,46,46,46,40,40,40,427,1
40,40,40,50,50,50,40,40,40,44,44,44,96,2
50,50,50,40,40,40,48,48,48,40,40,40,725,1
40,40,40,50,50,50,40,40,40,38,38,38,654,1
40,40,40,40,40,40,40,40,40,42,42,42,117,2
40,40,40,30,30,30,40,40,40,44,44,44,734,2
50,50,50,40,40,40,40,40,40,40,40,40,127,1
50,50,50,40,40,40,42,42,42,40,40,40,95,1
40,40,40,50,50,50,40,40,40,50,50,50,693,2
40,40,40,40,40,40,44,44,44,40,40,40,646,1
40,40,40,50,50,50,40,40,40,50,50,50,858,2
30,30,30,40,40,40,32,32,32,40,40,40,134,2
50,50,50,40,40,40,50,50,50,40,40,40,627,1
30,30,30,40,40,40,46,46,46,40,40,40,702,1
40,40,40,30,30,30,40,40,40,48,48,48,76,2
40,40,40,40,40,40,46,46,46,40,40,40,482,1
30,30,30,40,40,40,36,36,36,40,40,40,730,2
40,40,40,40,40,40,36,36,36,40,40,40,972,2
50,50,50,40,40,40,42,42,42,40,40,40,887,1
40,40,40,40,40,40,40,40,40,48,48,48,153,2
30,30,30,40,40,40,46,46,46,40,40,40,405,1
50,50,50,40,40,40,46,46,46,40,40,40,361,1
30,30,30,40,40,40,48,48,48,40,40,40,604,1
40,40,40,40,40,40,34,34,34,40,40,40,14,2
40,40,40,40,40,40,34,34,34,40,40,40,707,2
50,50,50,40,40,40,34,34,34,40,40,40,520,2
40,40,40,40,40,40,34,34,34,40,40,40,443,2
40,40,40,50,50,50,40,40,40,46,46,46,691,2
40,40,40,40,40,40,46,46,46,40,40,40,911,1
40,40,40,50,50,50,40,40,40,48,48,48,32,2
40,40,40,40,40,40,50,50,50,40,40,40,418,1
40,40,40,50,50,50,40,40,40,36,36,36,257,1
40,40,40,30,30,30,40,40,40,34,34,34,102,1
40,40,40,40,40,40,30,30,30,40,40,40,177,2
30,30,30,40,40,40,32,32,32,40,40,40,233,2
40,40,40,50,50,50,40,40,40,44,44,44,558,2
50,50,50,40,40,40,46,46,46,40,40,40,31,1
30,30,30,40,40,40,50,50,50,40,40,40,44,1
40,40,40,50,50,50,40,40,40,34,34,34,751,1
40,40,40,40,40,40,50,50,50,40,40,40,484,1
50,50,50,40,40,40,48,48,48,40,40,40,362,1
50,50,50,40,40,40,44,44,44,40,40,40,228,1
40,40,40,50,50,50,40,40,40,50,50,50,198,2
40,40,40,50,50,50,40,40,40,34,34,34,454,1
50,50,50,40,40,40,46,46,46,40,40,40,196,1
40,40,40,30,30,30,40,40,40,40,40,40,204,2
40,40,40,50,50,50,40,40,40,34,34,34,883,1
30,30,30,40,40,40,50,50,50,40,40,40,77,1
50,50,50,40,40,40,38,38,38,40,40,40,852,2
40,40,40,40,40,40,40,40,40,38,38,38,775,1
30,30,30,40,40,40,50,50,50,40,40,40,209,1
40,40,40,40,40,40,40,40,40,50,50,50,715,2
40,40,40,50,50,50,40,40,40,38,38,38,489,1
40,40,40,40,40,40,38,38,38,40,40,40,511,2
50,50,50,40,40,40,44,44,44,40,40,40,294,1
40,40,40,50,50,50,40,40,40,34,34,34,850,1
40,40,40,30,30,30,40,40,40,46,46,46,273,2
40,40,40,40,40,40,40,40,40,34,34,34,80,1
50,50,50,40,40,40,44,44,44,40,40,40,525,1
30,30,30,40,40,40,44,44,44,40,40,40,965,1
40,40,40,30,30,30,40,40,40,32,32,32,695,1
40,40,40,30,30,30,40,40,40,42,42,42,799,2
40,40,40,40,40,40,50,50,50,40,40,40,748,1
40,40,40,30,30,30,40,40,40,42,42,42,337,2
40,40,40,40,40,40,40,40,40,50,50,50,253,2
30,30,30,40,40,40,50,50,50,40,40,40,407,1
30,30,30,40,40,40,34,34,34,40,40,40,168,2
40,40,40,40,40,40,42,42,42,40,40,40,579,1
30,30,30,40,40,40,42,42,42,40,40,40,700,1
40,40,40,40,40,40,40,40,40,40,40,40,941,1
40,40,40,40,40,40,30,30,30,40,40,40,573,2
40,40,40,30,30,30,40,40,40,38,38,38,863,1
50,50,50,40,40,40,50,50,50,40,40,40,132,1
40,40,40,30,30,30,40,40,40,40,40,40,39,2
40,40,40,40,40,40,40,40,40,34,34,34,608,1
50,50,50,40,40,40,42,42,42,40,40,40,458,1
40,40,40,50,50,50,40,40,40,30,30,30,452,1
50,50,50,40,40,40,36,36,36,40,40,40,323,2
40,40,40,50,50,50,40,40,40,50,50,50,495,2
40,40,40,40,40,40,40,40,40,30,30,30,210,1
50,50,50,40,40,40,48,48,48,40,40,40,428,1
30,30,30,40,40,40,36,36,36,40,40,40,334,2
50,50,50,40,40,40,50,50,50,40,40,40,165,1
40,40,40,50,50,50,40,40,40,50,50,50,792,2
30,30,30,40,40,40,34,34,34,40,40,40,300,2
40,40,40,30,30,30,40,40,40,36,36,36,37,1
40,40,40,40,40,40,40,40,40,38,38,38,544,1
40,40,40,50,50,50,40,40,40,50,50,50,825,2
40,40,40,40,40,40,40,40,40,34,34,34,47,1
50,50,50,40,40,40,36,36,36,40,40,40,785,2
30,30,30,40,40,40,42,42,42,40,40,40,865,1
40,40,40,30,30,30,40,40,40,50,50,50,308,2
30,30,30,40,40,40,42,42,42,40,40,40,370,1
40,40,40,30,30,30,40,40,40,30,30,30,331,1
40,40,40,50,50,50,40,40,40,48,48,48,395,2
50,50,50,40,40,40,48,48,48,40,40,40,626,1
40,40,40,30,30,30,40,40,40,42,42,42,172,2
40,40,40,40,40,40,46,46,46,40,40,40,449,1
40,40,40,40,40,40,40,40,40,38,38,38,247,1
30,30,30,40,40,40,50,50,50,40,40,40,11,1
40,40,40,50,50,50,40,40,40,36,36,36,26,1
40,40,40,40,40,40,40,40,40,34,34,34,806,1
40,40,40,30,30,30,40,40,40,40,40,40,699,2
40,40,40,30,30,30,40,40,40,40,40,40,798,2
40,40,40,30,30,30,40,40,40,34,34,34,861,1
30,30,30,40,40,40,30,30,30,40,40,40,364,2
50,50,50,40,40,40,36,36,36,40,40,40,587,2
30,30,30,40,40,40,34,34,34,40,40,40,498,2
40,40,40,40,40,40,40,40,40,46,46,46,317,2
40,40,40,40,40,40,40,40,40,34,34,34,971,1
40,40,40,40,40,40,38,38,38,40,40,40,940,2
50,50,50,40,40,40,34,34,34,40,40,40,256,2
40,40,40,40,40,40,40,40,40,50,50,50,121,2
40,40,40,40,40,40,40,40,40,34,34,34,674,1
40,40,40,40,40,40,40,40,40,46,46,46,878,2
40,40,40,30,30,30,40,40,40,32,32,32,794,1
30,30,30,40,40,40,46,46,46,40,40,40,504,1
40,40,40,40,40,40,40,40,40,46,46,46,350,2
30,30,30,40,40,40,38,38,38,40,40,40,137,2
50,50,50,40,40,40,38,38,38,40,40,40,126,2
40,40,40,30,30,30,40,40,40,40,40,40,171,2
40,40,40,40,40,40,40,40,40,34,34,34,179,1
40,40,40,50,50,50,40,40,40,44,44,44,162,2
40,40,40,30,30,30,40,40,40,32,32,32,266,1
40,40,40,40,40,40,40,40,40,36,36,36,15,1
40,40,40,40,40,40,40,40,40,48,48,48,747,2
40,40,40,40,40,40,40,40,40,48,48,48,978,2
40,40,40,30,30,30,40,40,40,48,48,48,571,2
40,40,40,40,40,40,30,30,30,40,40,40,474,2
40,40,40,50,50,50,40,40,40,36,36,36,884,1
40,40,40,50,50,50,40,40,40,40,40,40,655,2
40,40,40,40,40,40,40,40,40,40,40,40,83,2
30,30,30,40,40,40,46,46,46,40,40,40,636,1
30,30,30,40,40,40,48,48,48,40,40,40,10,1
40,40,40,50,50,50,40,40,40,42,42,42,425,2
40,40,40,40,40,40,36,36,36,40,40,40,477,2
40,40,40,50,50,50,40,40,40,46,46,46,889,2
50,50,50,40,40,40,46,46,46,40,40,40,229,1
40,40,40,30,30,30,40,40,40,38,38,38,566,1
40,40,40,50,50,50,40,40,40,36,36,36,125,1
40,40,40,30,30,30,40,40,40,38,38,38,665,1
40,40,40,30,30,30,40,40,40,40,40,40,600,2
40,40,40,40,40,40,40,40,40,30,30,30,45,1
30,30,30,40,40,40,48,48,48,40,40,40,175,1
30,30,30,40,40,40,44,44,44,40,40,40,503,1
40,40,40,50,50,50,40,40,40,38,38,38,93,1
40,40,40,40,40,40,32,32,32,40,40,40,574,2
40,40,40,30,30,30,40,40,40,42,42,42,205,2
40,40,40,40,40,40,40,40,40,48,48,48,219,2
50,50,50,40,40,40,44,44,44,40,40,40,591,1
40,40,40,40,40,40,48,48,48,40,40,40,120,1
40,40,40,40,40,40,40,40,40,40,40,40,743,1
40,40,40,30,30,30,40,40,40,34,34,34,267,1
40,40,40,40,40,40,42,42,42,40,40,40,447,1
40,40,40,40,40,40,48,48,48,40,40,40,945,1
40,40,40,40,40,40,32,32,32,40,40,40,442,2
40,40,40,40,40,40,40,40,40,44,44,44,85,2
40,40,40,40,40,40,38,38,38,40,40,40,82,2
30,30,30,40,40,40,36,36,36,40,40,40,631,2
40,40,40,40,40,40,40,40,40,36,36,36,543,1
30,30,30,40,40,40,38,38,38,40,40,40,632,2
40,40,40,50,50,50,40,40,40,46,46,46,163,2
30,30,30,40,40,40,50,50,50,40,40,40,341,1
30,30,30,40,40,40,38,38,38,40,40,40,368,2
40,40,40,30,30,30,40,40,40,30,30,30,826,1
40,40,40,30,30,30,40,40,40,48,48,48,703,2
40,40,40,50,50,50,40,40,40,36,36,36,92,1
40,40,40,30,30,30,40,40,40,34,34,34,3,1
40,40,40,50,50,50,40,40,40,48,48,48,890,2
40,40,40,40,40,40,40,40,40,46,46,46,977,2
40,40,40,30,30,30,40,40,40,30,30,30,628,1
40,40,40,50,50,50,40,40,40,44,44,44,195,2
40,40,40,30,30,30,40,40,40,32,32,32,530,1
50,50,50,40,40,40,40,40,40,40,40,40,490,1
40,40,40,40,40,40,46,46,46,40,40,40,20,1
40,40,40,50,50,50,40,40,40,34,34,34,355,1
40,40,40,50,50,50,40,40,40,32,32,32,618,1
40,40,40,30,30,30,40,40,40,48,48,48,802,2
40,40,40,50,50,50,40,40,40,34,34,34,25,1
40,40,40,40,40,40,30,30,30,40,40,40,144,2
30,30,30,40,40,40,44,44,44,40,40,40,899,1
30,30,30,40,40,40,30,30,30,40,40,40,793,2
30,30,30,40,40,40,48,48,48,40,40,40,109,1
40,40,40,30,30,30,40,40,40,38,38,38,599,1
30,30,30,40,40,40,36,36,36,40,40,40,433,2
50,50,50,40,40,40,50,50,50,40,40,40,396,1
40,40,40,40,40,40,30,30,30,40,40,40,375,2
30,30,30,40,40,40,32,32,32,40,40,40,959,2
40,40,40,30,30,30,40,40,40,38,38,38,434,1
30,30,30,40,40,40,38,38,38,40,40,40,104,2
40,40,40,40,40,40,40,40,40,50,50,50,352,2
50,50,50,40,40,40,42,42,42,40,40,40,986,1
40,40,40,40,40,40,40,40,40,40,40,40,17,2
50,50,50,40,40,40,42,42,42,40,40,40,557,1
40,40,40,40,40,40,40,40,40,38,38,38,346,1
40,40,40,40,40,40,40,40,40,42,42,42,777,2
40,40,40,40,40,40,40,40,40,32,32,32,904,1
50,50,50,40,40,40,30,30,30,40,40,40,518,2
40,40,40,40,40,40,40,40,40,40,40,40,809,1
40,40,40,40,40,40,42,42,42,40,40,40,216,1
40,40,40,40,40,40,40,40,40,32,32,32,706,1
30,30,30,40,40,40,42,42,42,40,40,40,502,1
40,40,40,40,40,40,40,40,40,42,42,42,645,2
50,50,50,40,40,40,50,50,50,40,40,40,924,1
40,40,40,40,40,40,30,30,30,40,40,40,804,2
30,30,30,40,40,40,38,38,38,40,40,40,830,2
50,50,50,40,40,40,36,36,36,40,40,40,356,2
40,40,40,30,30,30,40,40,40,30,30,30,529,1
40,40,40,40,40,40,36,36,36,40,40,40,147,2
40,40,40,50,50,50,40,40,40,50,50,50,462,2
40,40,40,40,40,40,40,40,40,44,44,44,217,2
40,40,40,50,50,50,40,40,40,46,46,46,262,2
40,40,40,40,40,40,34,34,34,40,40,40,476,2
40,40,40,30,30,30,40,40,40,42,42,42,931,2
40,40,40,40,40,40,36,36,36,40,40,40,807,2
40,40,40,30,30,30,40,40,40,30,30,30,133,1
50,50,50,40,40,40,40,40,40,40,40,40,94,1
30,30,30,40,40,40,32,32,32,40,40,40,893,2
30,30,30,40,40,40,50,50,50,40,40,40,671,1
50,50,50,40,40,40,50,50,50,40,40,40,99,1
30,30,30,40,40,40,30,30,30,40,40,40,199,2
30,30,30,40,40,40,46,46,46,40,40,40,108,1
30,30,30,40,40,40,48,48,48,40,40,40,637,1
40,40,40,40,40,40,42,42,42,40,40,40,150,1
40,40,40,50,50,50,40,40,40,34,34,34,289,1
40,40,40,50,50,50,40,40,40,40,40,40,160,2
30,30,30,40,40,40,44,44,44,40,40,40,833,1
40,40,40,30,30,30,40,40,40,38,38,38,335,1
40,40,40,50,50,50,40,40,40,42,42,42,722,2
50,50,50,40,40,40,40,40,40,40,40,40,622,1
30,30,30,40,40,40,38,38,38,40,40,40,962,2
40,40,40,30,30,30,40,40,40,46,46,46,141,2
30,30,30,40,40,40,48,48,48,40,40,40,868,1
40,40,40,50,50,50,40,40,40,42,42,42,788,2
50,50,50,40,40,40,50,50,50,40,40,40,957,1
30,30,30,40,40,40,46,46,46,40,40,40,339,1
40,40,40,40,40,40,42,42,42,40,40,40,612,1
40,40,40,40,40,40,40,40,40,50,50,50,385,2
40,40,40,30,30,30,40,40,40,34,34,34,201,1
40,40,40,30,30,30,40,40,40,50,50,50,704,2
40,40,40,50,50,50,40,40,40,36,36,36,488,1
40,40,40,40,40,40,40,40,40,40,40,40,875,2
40,40,40,50,50,50,40,40,40,30,30,30,221,1
40,40,40,40,40,40,40,40,40,40,40,40,116,2
40,40,40,30,30,30,40,40,40,44,44,44,668,2
40,40,40,40,40,40,40,40,40,38,38,38,610,1
40,40,40,40,40,40,36,36,36,40,40,40,279,2
30,30,30,40,40,40,44,44,44,40,40,40,470,1
40,40,40,40,40,40,36,36,36,40,40,40,675,2
40,40,40,30,30,30,40,40,40,32,32,32,431,1
40,40,40,50,50,50,40,40,40,42,42,42,491,2
30,30,30,40,40,40,46,46,46,40,40,40,42,1
40,40,40,50,50,50,40,40,40,40,40,40,424,2
40,40,40,40,40,40,44,44,44,40,40,40,415,1
40,40,40,30,30,30,40,40,40,46,46,46,603,2
50,50,50,40,40,40,44,44,44,40,40,40,624,1
40,40,40,50,50,50,40,40,40,40,40,40,985,2
40,40,40,50,50,50,40,40,40,50,50,50,561,2
50,50,50,40,40,40,48,48,48,40,40,40,791,1
30,30,30,40,40,40,38,38,38,40,40,40,170,2
40,40,40,30,30,30,40,40,40,46,46,46,372,2
40,40,40,50,50,50,40,40,40,46,46,46,394,2
40,40,40,40,40,40,40,40,40,32,32,32,805,1
50,50,50,40,40,40,48,48,48,40,40,40,461,1
40,40,40,40,40,40,40,40,40,38,38,38,478,1
40,40,40,30,30,30,40,40,40,50,50,50,935,2
50,50,50,40,40,40,38,38,38,40,40,40,555,2
40,40,40,50,50,50,40,40,40,34,34,34,553,1
50,50,50,40,40,40,46,46,46,40,40,40,856,1
40,40,40,40,40,40,40,40,40,40,40,40,314,2
40,40,40,40,40,40,32,32,32,40,40,40,211,2
30,30,30,40,40,40,48,48,48,40,40,40,142,1
50,50,50,40,40,40,34,34,34,40,40,40,322,2
40,40,40,30,30,30,40,40,40,36,36,36,499,1
30,30,30,40,40,40,34,34,34,40,40,40,234,2
30,30,30,40,40,40,34,34,34,40,40,40,135,2
40,40,40,40,40,40,36,36,36,40,40,40,840,2
40,40,40,40,40,40,40,40,40,40,40,40,215,2
40,40,40,30,30,30,40,40,40,34,34,34,597,1
30,30,30,40,40,40,36,36,36,40,40,40,598,2
30,30,30,40,40,40,38,38,38,40,40,40,698,2
40,40,40,40,40,40,40,40,40,44,44,44,679,2
40,40,40,40,40,40,40,40,40,38,38,38,643,1
50,50,50,40,40,40,40,40,40,40,40,40,523,1
50,50,50,40,40,40,40,40,40,40,40,40,457,1
50,50,50,40,40,40,42,42,42,40,40,40,326,1
50,50,50,40,40,40,46,46,46,40,40,40,559,1
30,30,30,40,40,40,44,44,44,40,40,40,74,1
40,40,40,40,40,40,50,50,50,40,40,40,319,1
40,40,40,40,40,40,40,40,40,48,48,48,780,2
40,40,40,40,40,40,40,40,40,50,50,50,616,2
40,40,40,30,30,30,40,40,40,32,32,32,365,1
30,30,30,40,40,40,42,42,42,40,40,40,40,1
40,40,40,40,40,40,46,46,46,40,40,40,548,1
40,40,40,30,30,30,40,40,40,46,46,46,471,2
40,40,40,40,40,40,40,40,40,36,36,36,81,1
40,40,40,50,50,50,40,40,40,44,44,44,756,2
40,40,40,30,30,30,40,40,40,46,46,46,75,2
50,50,50,40,40,40,34,34,34,40,40,40,949,2
40,40,40,50,50,50,40,40,40,34,34,34,652,1
40,40,40,40,40,40,40,40,40,44,44,44,184,2
30,30,30,40,40,40,42,42,42,40,40,40,964,1
40,40,40,30,30,30,40,40,40,48,48,48,340,2
40,40,40,40,40,40,40,40,40,46,46,46,383,2
40,40,40,30,30,30,40,40,40,30,30,30,34,1
40,40,40,40,40,40,42,42,42,40,40,40,348,1
40,40,40,50,50,50,40,40,40,44,44,44,723,2
30,30,30,40,40,40,34,34,34,40,40,40,696,2
40,40,40,40,40,40,40,40,40,36,36,36,906,1
40,40,40,40,40,40,40,40,40,44,44,44,745,2
50,50,50,40,40,40,32,32,32,40,40,40,717,2
40,40,40,50,50,50,40,40,40,50,50,50,660,2
50,50,50,40,40,40,38,38,38,40,40,40,984,2
40,40,40,30,30,30,40,40,40,50,50,50,143,2
40,40,40,30,30,30,40,40,40,36,36,36,367,1
40,40,40,40,40,40,32,32,32,40,40,40,871,2
40,40,40,40,40,40,40,40,40,30,30,30,672,1
40,40,40,30,30,30,40,40,40,30,30,30,958,1
30,30,30,40,40,40,40,40,40,40,40,40,270,1
40,40,40,50,50,50,40,40,40,32,32,32,156,1
40,40,40,30,30,30,40,40,40,46,46,46,801,2
40,40,40,50,50,50,40,40,40,48,48,48,560,2
40,40,40,30,30,30,40,40,40,34,34,34,795,1
30,30,30,40,40,40,46,46,46,40,40,40,867,1
40,40,40,40,40,40,40,40,40,36,36,36,213,1
40,40,40,40,40,40,48,48,48,40,40,40,318,1
40,40,40,40,40,40,40,40,40,32,32,32,541,1
30,30,30,40,40,40,48,48,48,40,40,40,274,1
50,50,50,40,40,40,48,48,48,40,40,40,329,1
40,40,40,40,40,40,40,40,40,32,32,32,409,1
30,30,30,40,40,40,42,42,42,40,40,40,634,1
50,50,50,40,40,40,48,48,48,40,40,40,263,1
50,50,50,40,40,40,32,32,32,40,40,40,783,2
40,40,40,30,30,30,40,40,40,48,48,48,934,2
40,40,40,50,50,50,40,40,40,30,30,30,287,1
40,40,40,30,30,30,40,40,40,40,40,40,666,2
30,30,30,40,40,40,46,46,46,40,40,40,834,1
40,40,40,40,40,40,40,40,40,48,48,48,252,2
50,50,50,40,40,40,36,36,36,40,40,40,983,2
30,30,30,40,40,40,30,30,30,40,40,40,661,2
40,40,40,40,40,40,30,30,30,40,40,40,309,2
40,40,40,40,40,40,36,36,36,40,40,40,312,2
40,40,40,50,50,50,40,40,40,32,32,32,684,1
40,40,40,40,40,40,44,44,44,40,40,40,448,1
40,40,40,50,50,50,40,40,40,46,46,46,823,2
30,30,30,40,40,40,50,50,50,40,40,40,605,1
40,40,40,50,50,50,40,40,40,34,34,34,685,1
50,50,50,40,40,40,50,50,50,40,40,40,66,1
50,50,50,40,40,40,36,36,36,40,40,40,224,2
40,40,40,30,30,30,40,40,40,38,38,38,5,1
30,30,30,40,40,40,46,46,46,40,40,40,240,1
40,40,40,40,40,40,38,38,38,40,40,40,181,2
40,40,40,40,40,40,46,46,46,40,40,40,614,1
50,50,50,40,40,40,42,42,42,40,40,40,590,1
50,50,50,40,40,40,40,40,40,40,40,40,193,1
40,40,40,30,30,30,40,40,40,32,32,32,926,1
40,40,40,50,50,50,40,40,40,38,38,38,687,1
40,40,40,50,50,50,40,40,40,48,48,48,593,2
40,40,40,30,30,30,40,40,40,42,42,42,436,2
40,40,40,50,50,50,40,40,40,42,42,42,854,2
40,40,40,40,40,40,40,40,40,44,44,44,283,2
40,40,40,30,30,30,40,40,40,40,40,40,468,2
40,40,40,50,50,50,40,40,40,44,44,44,261,2
30,30,30,40,40,40,34,34,34,40,40,40,960,2
40,40,40,40,40,40,46,46,46,40,40,40,515,1
50,50,50,40,40,40,44,44,44,40,40,40,327,1
40,40,40,40,40,40,40,40,40,30,30,30,903,1
40,40,40,40,40,40,44,44,44,40,40,40,547,1
40,40,40,50,50,50,40,40,40,46,46,46,790,2
40,40,40,40,40,40,44,44,44,40,40,40,976,1
40,40,40,40,40,40,40,40,40,46,46,46,746,2
40,40,40,30,30,30,40,40,40,48,48,48,967,2
30,30,30,40,40,40,32,32,32,40,40,40,464,2
30,30,30,40,40,40,36,36,36,40,40,40,796,2
50,50,50,40,40,40,44,44,44,40,40,40,393,1
40,40,40,40,40,40,30,30,30,40,40,40,276,2
40,40,40,40,40,40,40,40,40,42,42,42,843,2
50,50,50,40,40,40,30,30,30,40,40,40,683,2
30,30,30,40,40,40,44,44,44,40,40,40,140,1
40,40,40,50,50,50,40,40,40,36,36,36,59,1
40,40,40,40,40,40,50,50,50,40,40,40,286,1
40,40,40,40,40,40,34,34,34,40,40,40,542,2
40,40,40,40,40,40,40,40,40,46,46,46,119,2
40,40,40,30,30,30,40,40,40,50,50,50,770,2
50,50,50,40,40,40,44,44,44,40,40,40,690,1
40,40,40,40,40,40,44,44,44,40,40,40,943,1
40,40,40,30,30,30,40,40,40,40,40,40,435,2
