70,70,70,70,70,70,60,60,60,70,70,70,166,2
70,70,70,70,70,70,70,70,70,70,70,70,127,1
70,70,70,70,70,70,70,70,70,64,64,64,289,1
70,70,70,70,70,70,60,60,60,70,70,70,56,2
70,70,70,70,70,70,74,74,74,70,70,70,85,1
70,70,70,70,70,70,70,70,70,70,70,70,314,2
70,70,70,70,70,70,70,70,70,78,78,78,98,2
70,70,70,70,70,70,70,70,70,62,62,62,35,1
70,70,70,70,70,70,70,70,70,68,68,68,60,1
70,70,70,70,70,70,70,70,70,76,76,76,108,2
70,70,70,70,70,70,70,70,70,62,62,62,178,1
70,70,70,70,70,70,70,70,70,72,72,72,84,2
70,70,70,70,70,70,78,78,78,70,70,70,164,1
70,70,70,70,70,70,70,70,70,66,66,66,147,1
70,70,70,70,70,70,60,60,60,70,70,70,221,2
70,70,70,70,70,70,70,70,70,70,70,70,237,1
70,70,70,70,70,70,72,72,72,70,70,70,40,1
70,70,70,70,70,70,78,78,78,70,70,70,230,1
70,70,70,70,70,70,70,70,70,74,74,74,30,2
70,70,70,70,70,70,70,70,70,80,80,80,110,2
70,70,70,70,70,70,70,70,70,80,80,80,220,2
70,70,70,70,70,70,70,70,70,72,72,72,161,2
70,70,70,70,70,70,70,70,70,70,70,70,116,1
70,70,70,70,70,70,78,78,78,70,70,70,43,1
70,70,70,70,70,70,70,70,70,74,74,74,74,2
70,70,70,70,70,70,68,68,68,70,70,70,302,2
70,70,70,70,70,70,70,70,70,68,68,68,324,1
70,70,70,70,70,70,72,72,72,70,70,70,271,1
70,70,70,70,70,70,70,70,70,60,60,60,133,1
70,70,70,70,70,70,70,70,70,76,76,76,196,2
70,70,70,70,70,70,78,78,78,70,70,70,318,1
70,70,70,70,70,70,70,70,70,68,68,68,214,1
70,70,70,70,70,70,70,70,70,70,70,70,138,1
70,70,70,70,70,70,72,72,72,70,70,70,194,1
70,70,70,70,70,70,74,74,74,70,70,70,195,1
70,70,70,70,70,70,70,70,70,72,72,72,293,2
70,70,70,70,70,70,70,70,70,60,60,60,232,1
70,70,70,70,70,70,64,64,64,70,70,70,168,2
70,70,70,70,70,70,70,70,70,76,76,76,130,2
70,70,70,70,70,70,78,78,78,70,70,70,120,1
70,70,70,70,70,70,70,70,70,66,66,66,70,1
70,70,70,70,70,70,70,70,70,62,62,62,145,1
70,70,70,70,70,70,70,70,70,74,74,74,19,2
70,70,70,70,70,70,80,80,80,70,70,70,99,1
70,70,70,70,70,70,62,62,62,70,70,70,222,2
70,70,70,70,70,70,72,72,72,70,70,70,95,1
70,70,70,70,70,70,70,70,70,74,74,74,8,2
70,70,70,70,70,70,70,70,70,80,80,80,187,2
70,70,70,70,70,70,60,60,60,70,70,70,199,2
70,70,70,70,70,70,78,78,78,70,70,70,252,1
70,70,70,70,70,70,72,72,72,70,70,70,29,1
70,70,70,70,70,70,70,70,70,70,70,70,6,2
70,70,70,70,70,70,70,70,70,76,76,76,31,2
70,70,70,70,70,70,70,70,70,72,72,72,18,2
70,70,70,70,70,70,70,70,70,80,80,80,330,2
70,70,70,70,70,70,70,70,70,70,70,70,72,2
70,70,70,70,70,70,70,70,70,68,68,68,82,1
70,70,70,70,70,70,70,70,70,76,76,76,53,2
70,70,70,70,70,70,70,70,70,76,76,76,9,2
70,70,70,70,70,70,60,60,60,70,70,70,12,2
70,70,70,70,70,70,70,70,70,60,60,60,122,1
70,70,70,70,70,70,70,70,70,64,64,64,223,1
70,70,70,70,70,70,70,70,70,70,70,70,94,2
70,70,70,70,70,70,60,60,60,70,70,70,78,2
70,70,70,70,70,70,68,68,68,70,70,70,192,2
70,70,70,70,70,70,66,66,66,70,70,70,235,2
70,70,70,70,70,70,74,74,74,70,70,70,327,1
70,70,70,70,70,70,64,64,64,70,70,70,234,2
70,70,70,70,70,70,70,70,70,74,74,74,129,2
70,70,70,70,70,70,70,70,70,66,66,66,81,1
70,70,70,70,70,70,70,70,70,74,74,74,294,2
70,70,70,70,70,70,70,70,70,60,60,60,34,1
70,70,70,70,70,70,60,60,60,70,70,70,89,2
70,70,70,70,70,70,70,70,70,64,64,64,102,1
70,70,70,70,70,70,70,70,70,64,64,64,256,1
70,70,70,70,70,70,70,70,70,66,66,66,114,1
70,70,70,70,70,70,80,80,80,70,70,70,55,1
70,70,70,70,70,70,68,68,68,70,70,70,313,2
70,70,70,70,70,70,66,66,66,70,70,70,301,2
70,70,70,70,70,70,76,76,76,70,70,70,163,1
70,70,70,70,70,70,72,72,72,70,70,70,238,1
70,70,70,70,70,70,70,70,70,74,74,74,96,2
70,70,70,70,70,70,60,60,60,70,70,70,287,2
70,70,70,70,70,70,80,80,80,70,70,70,77,1
70,70,70,70,70,70,70,70,70,80,80,80,297,2
70,70,70,70,70,70,60,60,60,70,70,70,67,2
70,70,70,70,70,70,78,78,78,70,70,70,76,1
70,70,70,70,70,70,80,80,80,70,70,70,231,1
70,70,70,70,70,70,70,70,70,72,72,72,282,2
70,70,70,70,70,70,76,76,76,70,70,70,295,1
70,70,70,70,70,70,78,78,78,70,70,70,219,1
70,70,70,70,70,70,70,70,70,80,80,80,132,2
70,70,70,70,70,70,60,60,60,70,70,70,298,2
70,70,70,70,70,70,70,70,70,60,60,60,276,1
70,70,70,70,70,70,70,70,70,64,64,64,36,1
70,70,70,70,70,70,70,70,70,78,78,78,208,2
70,70,70,70,70,70,66,66,66,70,70,70,279,2
70,70,70,70,70,70,62,62,62,70,70,70,266,2
70,70,70,70,70,70,70,70,70,66,66,66,290,1
70,70,70,70,70,70,70,70,70,70,70,70,248,2
70,70,70,70,70,70,70,70,70,70,70,70,281,2
70,70,70,70,70,70,76,76,76,70,70,70,306,1
70,70,70,70,70,70,66,66,66,70,70,70,268,2
70,70,70,70,70,70,70,70,70,74,74,74,250,2
70,70,70,70,70,70,70,70,70,72,72,72,51,2
70,70,70,70,70,70,64,64,64,70,70,70,69,2
70,70,70,70,70,70,68,68,68,70,70,70,27,2
70,70,70,70,70,70,70,70,70,80,80,80,44,2
70,70,70,70,70,70,80,80,80,70,70,70,11,1
70,70,70,70,70,70,70,70,70,66,66,66,158,1
70,70,70,70,70,70,70,70,70,76,76,76,152,2
70,70,70,70,70,70,74,74,74,70,70,70,173,1
70,70,70,70,70,70,70,70,70,68,68,68,115,1
70,70,70,70,70,70,76,76,76,70,70,70,75,1
70,70,70,70,70,70,70,70,70,62,62,62,79,1
70,70,70,70,70,70,76,76,76,70,70,70,262,1
70,70,70,70,70,70,74,74,74,70,70,70,272,1
70,70,70,70,70,70,70,70,70,70,70,70,193,1
70,70,70,70,70,70,70,70,70,70,70,70,83,1
70,70,70,70,70,70,76,76,76,70,70,70,185,1
70,70,70,70,70,70,78,78,78,70,70,70,175,1
70,70,70,70,70,70,74,74,74,70,70,70,162,1
70,70,70,70,70,70,70,70,70,70,70,70,259,1
70,70,70,70,70,70,78,78,78,70,70,70,65,1
70,70,70,70,70,70,70,70,70,76,76,76,174,2
70,70,70,70,70,70,70,70,70,78,78,78,285,2
70,70,70,70,70,70,68,68,68,70,70,70,181,2
70,70,70,70,70,70,60,60,60,70,70,70,309,2
70,70,70,70,70,70,64,64,64,70,70,70,14,2
70,70,70,70,70,70,70,70,70,60,60,60,23,1
70,70,70,70,70,70,70,70,70,68,68,68,104,1
70,70,70,70,70,70,70,70,70,80,80,80,242,2
70,70,70,70,70,70,70,70,70,62,62,62,46,1
70,70,70,70,70,70,68,68,68,70,70,70,236,2
70,70,70,70,70,70,62,62,62,70,70,70,189,2
70,70,70,70,70,70,78,78,78,70,70,70,10,1
70,70,70,70,70,70,68,68,68,70,70,70,269,2
70,70,70,70,70,70,70,70,70,62,62,62,233,1
70,70,70,70,70,70,64,64,64,70,70,70,135,2
70,70,70,70,70,70,70,70,70,68,68,68,148,1
70,70,70,70,70,70,70,70,70,60,60,60,243,1
70,70,70,70,70,70,70,70,70,74,74,74,228,2
70,70,70,70,70,70,80,80,80,70,70,70,121,1
70,70,70,70,70,70,70,70,70,70,70,70,50,2
70,70,70,70,70,70,62,62,62,70,70,70,90,2
70,70,70,70,70,70,68,68,68,70,70,70,203,2
70,70,70,70,70,70,80,80,80,70,70,70,88,1
70,70,70,70,70,70,68,68,68,70,70,70,38,2
70,70,70,70,70,70,80,80,80,70,70,70,165,1
70,70,70,70,70,70,60,60,60,70,70,70,45,2
70,70,70,70,70,70,62,62,62,70,70,70,255,2
70,70,70,70,70,70,70,70,70,64,64,64,157,1
70,70,70,70,70,70,74,74,74,70,70,70,151,1
70,70,70,70,70,70,62,62,62,70,70,70,134,2
70,70,70,70,70,70,70,70,70,64,64,64,25,1
70,70,70,70,70,70,70,70,70,70,70,70,105,1
70,70,70,70,70,70,70,70,70,78,78,78,153,2
70,70,70,70,70,70,70,70,70,64,64,64,278,1
70,70,70,70,70,70,70,70,70,74,74,74,107,2
70,70,70,70,70,70,72,72,72,70,70,70,183,1
70,70,70,70,70,70,70,70,70,68,68,68,5,1
70,70,70,70,70,70,70,70,70,80,80,80,154,2
70,70,70,70,70,70,70,70,70,64,64,64,190,1
70,70,70,70,70,70,70,70,70,66,66,66,15,1
70,70,70,70,70,70,70,70,70,68,68,68,126,1
70,70,70,70,70,70,70,70,70,76,76,76,86,2
70,70,70,70,70,70,70,70,70,70,70,70,171,2
70,70,70,70,70,70,70,70,70,78,78,78,32,2
70,70,70,70,70,70,70,70,70,66,66,66,92,1
70,70,70,70,70,70,76,76,76,70,70,70,141,1
70,70,70,70,70,70,70,70,70,74,74,74,184,2
70,70,70,70,70,70,78,78,78,70,70,70,274,1
70,70,70,70,70,70,62,62,62,70,70,70,211,2
70,70,70,70,70,70,70,70,70,64,64,64,91,1
70,70,70,70,70,70,70,70,70,70,70,70,160,2
70,70,70,70,70,70,80,80,80,70,70,70,33,1
70,70,70,70,70,70,70,70,70,72,72,72,150,2
70,70,70,70,70,70,70,70,70,66,66,66,48,1
70,70,70,70,70,70,70,70,70,74,74,74,118,2
70,70,70,70,70,70,60,60,60,70,70,70,111,2
70,70,70,70,70,70,70,70,70,66,66,66,125,1
70,70,70,70,70,70,64,64,64,70,70,70,300,2
70,70,70,70,70,70,70,70,70,70,70,70,226,2
70,70,70,70,70,70,70,70,70,66,66,66,180,1
70,70,70,70,70,70,70,70,70,70,70,70,270,2
70,70,70,70,70,70,80,80,80,70,70,70,308,1
70,70,70,70,70,70,70,70,70,64,64,64,322,1
70,70,70,70,70,70,70,70,70,78,78,78,186,2
70,70,70,70,70,70,60,60,60,70,70,70,1,2
70,70,70,70,70,70,70,70,70,70,70,70,215,2
70,70,70,70,70,70,68,68,68,70,70,70,93,2
70,70,70,70,70,70,62,62,62,70,70,70,277,2
70,70,70,70,70,70,74,74,74,70,70,70,52,1
70,70,70,70,70,70,70,70,70,70,70,70,325,1
70,70,70,70,70,70,70,70,70,70,70,70,17,1
70,70,70,70,70,70,80,80,80,70,70,70,275,1
70,70,70,70,70,70,70,70,70,62,62,62,244,1
70,70,70,70,70,70,80,80,80,70,70,70,176,1
70,70,70,70,70,70,70,70,70,74,74,74,283,2
70,70,70,70,70,70,72,72,72,70,70,70,216,1
70,70,70,70,70,70,70,70,70,66,66,66,26,1
70,70,70,70,70,70,70,70,70,76,76,76,20,2
70,70,70,70,70,70,70,70,70,62,62,62,13,1
70,70,70,70,70,70,70,70,70,72,72,72,7,2
70,70,70,70,70,70,70,70,70,70,70,70,39,1
70,70,70,70,70,70,70,70,70,66,66,66,103,1
70,70,70,70,70,70,78,78,78,70,70,70,329,1
70,70,70,70,70,70,68,68,68,70,70,70,225,2
70,70,70,70,70,70,68,68,68,70,70,70,170,2
70,70,70,70,70,70,70,70,70,72,72,72,249,2
70,70,70,70,70,70,80,80,80,70,70,70,143,1
70,70,70,70,70,70,76,76,76,70,70,70,317,1
70,70,70,70,70,70,70,70,70,74,74,74,41,2
70,70,70,70,70,70,76,76,76,70,70,70,207,1
70,70,70,70,70,70,70,70,70,62,62,62,288,1
70,70,70,70,70,70,62,62,62,70,70,70,167,2
70,70,70,70,70,70,70,70,70,70,70,70,204,1
70,70,70,70,70,70,70,70,70,70,70,70,303,2
70,70,70,70,70,70,74,74,74,70,70,70,217,1
70,70,70,70,70,70,70,70,70,62,62,62,156,1
70,70,70,70,70,70,64,64,64,70,70,70,113,2
70,70,70,70,70,70,70,70,70,76,76,76,273,2
70,70,70,70,70,70,70,70,70,70,70,70,61,2
70,70,70,70,70,70,70,70,70,60,60,60,210,1
70,70,70,70,70,70,68,68,68,70,70,70,247,2
70,70,70,70,70,70,70,70,70,66,66,66,202,1
70,70,70,70,70,70,74,74,74,70,70,70,140,1
70,70,70,70,70,70,70,70,70,76,76,76,119,2
70,70,70,70,70,70,70,70,70,70,70,70,292,1
70,70,70,70,70,70,72,72,72,70,70,70,73,1
70,70,70,70,70,70,72,72,72,70,70,70,139,1
70,70,70,70,70,70,68,68,68,70,70,70,71,2
70,70,70,70,70,70,70,70,70,64,64,64,58,1
70,70,70,70,70,70,68,68,68,70,70,70,159,2
70,70,70,70,70,70,78,78,78,70,70,70,131,1
70,70,70,70,70,70,68,68,68,70,70,70,291,2
70,70,70,70,70,70,70,70,70,80,80,80,264,2
70,70,70,70,70,70,70,70,70,60,60,60,177,1
70,70,70,70,70,70,72,72,72,70,70,70,326,1
70,70,70,70,70,70,74,74,74,70,70,70,316,1
70,70,70,70,70,70,70,70,70,66,66,66,323,1
70,70,70,70,70,70,70,70,70,66,66,66,4,1
70,70,70,70,70,70,70,70,70,68,68,68,280,1
70,70,70,70,70,70,70,70,70,64,64,64,3,1
70,70,70,70,70,70,72,72,72,70,70,70,304,1
70,70,70,70,70,70,60,60,60,70,70,70,188,2
70,70,70,70,70,70,62,62,62,70,70,70,112,2
70,70,70,70,70,70,70,70,70,70,70,70,28,1
70,70,70,70,70,70,70,70,70,62,62,62,68,1
70,70,70,70,70,70,78,78,78,70,70,70,142,1
70,70,70,70,70,70,70,70,70,64,64,64,179,1
70,70,70,70,70,70,70,70,70,60,60,60,254,1
70,70,70,70,70,70,72,72,72,70,70,70,227,1
70,70,70,70,70,70,70,70,70,72,72,72,172,2
70,70,70,70,70,70,70,70,70,70,70,70,149,1
70,70,70,70,70,70,70,70,70,62,62,62,310,1
70,70,70,70,70,70,70,70,70,80,80,80,198,2
70,70,70,70,70,70,70,70,70,62,62,62,2,1
70,70,70,70,70,70,70,70,70,78,78,78,54,2
70,70,70,70,70,70,70,70,70,72,72,72,315,2
70,70,70,70,70,70,78,78,78,70,70,70,263,1
70,70,70,70,70,70,72,72,72,70,70,70,260,1
70,70,70,70,70,70,70,70,70,76,76,76,229,2
70,70,70,70,70,70,70,70,70,62,62,62,24,1
70,70,70,70,70,70,64,64,64,70,70,70,311,2
70,70,70,70,70,70,64,64,64,70,70,70,245,2
70,70,70,70,70,70,70,70,70,78,78,78,21,2
70,70,70,70,70,70,70,70,70,80,80,80,22,2
70,70,70,70,70,70,76,76,76,70,70,70,97,1
70,70,70,70,70,70,70,70,70,80,80,80,319,2
70,70,70,70,70,70,76,76,76,70,70,70,42,1
70,70,70,70,70,70,64,64,64,70,70,70,267,2
70,70,70,70,70,70,70,70,70,66,66,66,169,1
70,70,70,70,70,70,62,62,62,70,70,70,101,2
70,70,70,70,70,70,62,62,62,70,70,70,200,2
70,70,70,70,70,70,76,76,76,70,70,70,328,1
70,70,70,70,70,70,70,70,70,64,64,64,124,1
70,70,70,70,70,70,70,70,70,78,78,78,109,2
70,70,70,70,70,70,70,70,70,64,64,64,201,1
70,70,70,70,70,70,74,74,74,70,70,70,261,1
70,70,70,70,70,70,70,70,70,60,60,60,144,1
70,70,70,70,70,70,70,70,70,64,64,64,80,1
70,70,70,70,70,70,70,70,70,76,76,76,240,2
70,70,70,70,70,70,70,70,70,80,80,80,286,2
70,70,70,70,70,70,70,70,70,78,78,78,296,2
70,70,70,70,70,70,74,74,74,70,70,70,305,1
70,70,70,70,70,70,64,64,64,70,70,70,146,2
70,70,70,70,70,70,70,70,70,80,80,80,209,2
70,70,70,70,70,70,76,76,76,70,70,70,251,1
70,70,70,70,70,70,70,70,70,68,68,68,137,1
70,70,70,70,70,70,70,70,70,62,62,62,321,1
70,70,70,70,70,70,66,66,66,70,70,70,224,2
70,70,70,70,70,70,72,72,72,70,70,70,128,1
70,70,70,70,70,70,70,70,70,66,66,66,59,1
70,70,70,70,70,70,70,70,70,60,60,60,320,1
70,70,70,70,70,70,70,70,70,62,62,62,57,1
70,70,70,70,70,70,74,74,74,70,70,70,239,1
70,70,70,70,70,70,66,66,66,70,70,70,246,2
70,70,70,70,70,70,76,76,76,70,70,70,218,1
70,70,70,70,70,70,66,66,66,70,70,70,136,2
70,70,70,70,70,70,78,78,78,70,70,70,307,1
70,70,70,70,70,70,70,70,70,80,80,80,253,2
70,70,70,70,70,70,70,70,70,78,78,78,197,2
70,70,70,70,70,70,70,70,70,74,74,74,206,2
70,70,70,70,70,70,70,70,70,68,68,68,16,1
70,70,70,70,70,70,70,70,70,80,80,80,66,2
70,70,70,70,70,70,70,70,70,78,78,78,241,2
70,70,70,70,70,70,70,70,70,72,72,72,117,2
70,70,70,70,70,70,76,76,76,70,70,70,284,1
70,70,70,70,70,70,70,70,70,68,68,68,49,1
70,70,70,70,70,70,66,66,66,70,70,70,213,2
70,70,70,70,70,70,66,66,66,70,70,70,37,2
70,70,70,70,70,70,70,70,70,72,72,72,205,2
70,70,70,70,70,70,62,62,62,70,70,70,123,2
70,70,70,70,70,70,64,64,64,70,70,70,47,2
70,70,70,70,70,70,70,70,70,60,60,60,155,1
70,70,70,70,70,70,60,60,60,70,70,70,265,2
70,70,70,70,70,70,74,74,74,70,70,70,63,1
70,70,70,70,70,70,70,70,70,62,62,62,299,1
70,70,70,70,70,70,64,64,64,70,70,70,212,2
70,70,70,70,70,70,60,60,60,70,70,70,100,2
70,70,70,70,70,70,72,72,72,70,70,70,106,1
70,70,70,70,70,70,70,70,70,78,78,78,87,2
70,70,70,70,70,70,68,68,68,70,70,70,258,2
70,70,70,70,70,70,70,70,70,66,66,66,312,1
70,70,70,70,70,70,70,70,70,70,70,70,182,1
70,70,70,70,70,70,66,66,66,70,70,70,191,2
70,70,70,70,70,70,70,70,70,72,72,72,62,2
70,70,70,70,70,70,70,70,70,66,66,66,257,1
70,70,70,70,70,70,76,76,76,70,70,70,64,1
