125,123,121,113,112,109,113,112,109,113,112,109,61,1
125,123,121,113,112,109,108,106,104,113,112,109,59,2
113,112,109,113,112,109,113,112,109,113,112,109,50,2
113,112,109,113,112,109,113,112,109,118,116,114,52,2
113,112,109,125,123,121,113,112,109,99,98,95,23,1
113,112,109,99,98,95,113,112,109,99,98,95,1,1
99,98,95,113,112,109,110,109,106,113,112,109,38,2
125,123,121,113,112,109,122,121,118,113,112,109,32,1
113,112,109,113,112,109,113,112,109,122,121,118,21,2
113,112,109,99,98,95,113,112,109,118,116,114,41,2
113,112,109,99,98,95,113,112,109,105,104,101,36,1
113,112,109,113,112,109,102,101,98,113,112,109,46,2
113,112,109,113,112,109,113,112,109,110,109,106,49,1
113,112,109,125,123,121,113,112,109,118,116,114,63,2
113,112,109,99,98,95,113,112,109,102,101,98,35,1
113,112,109,113,112,109,113,112,109,118,116,114,19,2
125,123,121,113,112,109,102,101,98,113,112,109,24,2
113,112,109,113,112,109,113,112,109,115,114,111,51,2
113,112,109,113,112,109,113,112,109,108,106,104,15,1
99,98,95,113,112,109,108,106,104,113,112,109,37,2
99,98,95,113,112,109,113,112,109,113,112,109,6,1
113,112,109,125,123,121,113,112,109,99,98,95,56,1
113,112,109,113,112,109,113,112,109,105,104,101,14,1
113,112,109,99,98,95,113,112,109,125,123,121,11,2
113,112,109,113,112,109,125,123,121,113,112,109,55,1
99,98,95,113,112,109,122,121,118,113,112,109,10,1
99,98,95,113,112,109,115,114,111,113,112,109,7,1
125,123,121,113,112,109,120,119,116,113,112,109,64,1
113,112,109,113,112,109,113,112,109,99,98,95,45,1
113,112,109,113,112,109,105,104,101,113,112,109,47,2
113,112,109,113,112,109,113,112,109,120,119,116,20,2
113,112,109,99,98,95,113,112,109,115,114,111,40,2
113,112,109,113,112,109,99,98,95,113,112,109,12,2
125,123,121,113,112,109,105,104,101,113,112,109,25,2
113,112,109,113,112,109,113,112,109,120,119,116,53,2
113,112,109,125,123,121,113,112,109,118,116,114,30,2
125,123,121,113,112,109,125,123,121,113,112,109,66,1
125,123,121,113,112,109,110,109,106,113,112,109,60,2
113,112,109,99,98,95,113,112,109,108,106,104,4,1
113,112,109,99,98,95,113,112,109,99,98,95,34,1
99,98,95,113,112,109,120,119,116,113,112,109,42,1
113,112,109,113,112,109,110,109,106,113,112,109,16,2
113,112,109,113,112,109,113,112,109,125,123,121,22,2
125,123,121,113,112,109,113,112,109,113,112,109,28,1
113,112,109,99,98,95,113,112,109,113,112,109,39,2
125,123,121,113,112,109,110,109,106,113,112,109,27,2
113,112,109,113,112,109,113,112,109,113,112,109,17,1
113,112,109,113,112,109,113,112,109,108,106,104,48,1
99,98,95,113,112,109,118,116,114,113,112,109,8,1
113,112,109,113,112,109,113,112,109,102,101,98,13,1
113,112,109,125,123,121,113,112,109,105,104,101,58,1
99,98,95,113,112,109,102,101,98,113,112,109,2,2
113,112,109,113,112,109,122,121,118,113,112,109,54,1
113,112,109,99,98,95,113,112,109,122,121,118,43,2
125,123,121,113,112,109,120,119,116,113,112,109,31,1
125,123,121,113,112,109,102,101,98,113,112,109,57,2
113,112,109,125,123,121,113,112,109,125,123,121,33,2
113,112,109,113,112,109,113,112,109,115,114,111,18,2
99,98,95,113,112,109,105,104,101,113,112,109,3,2
113,112,109,125,123,121,113,112,109,122,121,118,65,2
113,112,109,99,98,95,113,112,109,110,109,106,5,1
125,123,121,113,112,109,115,114,111,113,112,109,62,1
125,123,121,113,112,109,108,106,104,113,112,109,26,2
99,98,95,113,112,109,125,123,121,113,112,109,44,1
99,98,95,113,112,109,120,119,116,113,112,109,9,1
125,123,121,113,112,109,115,114,111,113,112,109,29,1
