70,70,70,80,80,80,70,70,70,68,68,68,27,1
70,70,70,70,70,70,78,78,78,70,70,70,186,1
70,70,70,80,80,80,70,70,70,76,76,76,460,2
70,70,70,80,80,80,70,70,70,76,76,76,856,2
70,70,70,70,70,70,70,70,70,70,70,70,512,2
70,70,70,60,60,60,70,70,70,80,80,80,935,2
70,70,70,70,70,70,74,74,74,70,70,70,184,1
80,80,80,70,70,70,62,62,62,70,70,70,24,2
80,80,80,70,70,70,70,70,70,70,70,70,457,1
70,70,70,70,70,70,68,68,68,70,70,70,16,2
70,70,70,60,60,60,70,70,70,66,66,66,829,1
70,70,70,80,80,80,70,70,70,68,68,68,489,1
70,70,70,70,70,70,70,70,70,68,68,68,709,1
70,70,70,70,70,70,78,78,78,70,70,70,285,1
60,60,60,70,70,70,62,62,62,70,70,70,134,2
70,70,70,80,80,80,70,70,70,74,74,74,492,2
70,70,70,70,70,70,70,70,70,68,68,68,247,1
70,70,70,60,60,60,70,70,70,72,72,72,898,2
70,70,70,70,70,70,70,70,70,76,76,76,944,2
60,60,60,70,70,70,66,66,66,70,70,70,631,2
60,60,60,70,70,70,66,66,66,70,70,70,4,2
70,70,70,70,70,70,70,70,70,72,72,72,447,2
80,80,80,70,70,70,66,66,66,70,70,70,950,2
60,60,60,70,70,70,64,64,64,70,70,70,861,2
70,70,70,80,80,80,70,70,70,70,70,70,787,2
70,70,70,70,70,70,70,70,70,66,66,66,477,1
70,70,70,70,70,70,70,70,70,62,62,62,508,1
70,70,70,70,70,70,64,64,64,70,70,70,278,2
80,80,80,70,70,70,66,66,66,70,70,70,323,2
80,80,80,70,70,70,70,70,70,70,70,70,358,1
70,70,70,70,70,70,70,70,70,68,68,68,643,1
80,80,80,70,70,70,68,68,68,70,70,70,423,2
60,60,60,70,70,70,74,74,74,70,70,70,470,1
70,70,70,80,80,80,70,70,70,70,70,70,622,2
70,70,70,60,60,60,70,70,70,68,68,68,335,1
80,80,80,70,70,70,60,60,60,70,70,70,650,2
60,60,60,70,70,70,68,68,68,70,70,70,137,2
70,70,70,70,70,70,64,64,64,70,70,70,476,2
70,70,70,70,70,70,70,70,70,70,70,70,50,1
70,70,70,70,70,70,62,62,62,70,70,70,343,2
60,60,60,70,70,70,60,60,60,70,70,70,694,2
70,70,70,70,70,70,68,68,68,70,70,70,181,2
70,70,70,60,60,60,70,70,70,60,60,60,892,1
70,70,70,80,80,80,70,70,70,68,68,68,291,1
70,70,70,70,70,70,70,70,70,74,74,74,382,2
60,60,60,70,70,70,60,60,60,70,70,70,727,2
70,70,70,70,70,70,62,62,62,70,70,70,310,2
70,70,70,70,70,70,70,70,70,62,62,62,112,1
60,60,60,70,70,70,60,60,60,70,70,70,67,2
70,70,70,80,80,80,70,70,70,64,64,64,883,1
80,80,80,70,70,70,80,80,80,70,70,70,924,1
70,70,70,70,70,70,62,62,62,70,70,70,706,2
70,70,70,60,60,60,70,70,70,70,70,70,600,2
80,80,80,70,70,70,72,72,72,70,70,70,656,1
60,60,60,70,70,70,62,62,62,70,70,70,629,2
70,70,70,80,80,80,70,70,70,70,70,70,61,2
80,80,80,70,70,70,76,76,76,70,70,70,130,1
70,70,70,60,60,60,70,70,70,76,76,76,108,2
70,70,70,70,70,70,74,74,74,70,70,70,151,1
70,70,70,70,70,70,70,70,70,74,74,74,448,2
70,70,70,70,70,70,62,62,62,70,70,70,442,2
60,60,60,70,70,70,70,70,70,70,70,70,501,1
70,70,70,70,70,70,70,70,70,70,70,70,479,1
60,60,60,70,70,70,78,78,78,70,70,70,109,1
70,70,70,60,60,60,70,70,70,66,66,66,334,1
70,70,70,80,80,80,70,70,70,72,72,72,425,2
70,70,70,70,70,70,72,72,72,70,70,70,513,1
70,70,70,80,80,80,70,70,70,62,62,62,882,1
70,70,70,60,60,60,70,70,70,70,70,70,963,2
70,70,70,70,70,70,70,70,70,78,78,78,846,2
80,80,80,70,70,70,78,78,78,70,70,70,956,1
80,80,80,70,70,70,70,70,70,70,70,70,886,1
80,80,80,70,70,70,78,78,78,70,70,70,758,1
70,70,70,70,70,70,70,70,70,78,78,78,516,2
70,70,70,70,70,70,72,72,72,70,70,70,678,1
60,60,60,70,70,70,60,60,60,70,70,70,232,2
70,70,70,60,60,60,70,70,70,68,68,68,203,1
80,80,80,70,70,70,62,62,62,70,70,70,123,2
80,80,80,70,70,70,66,66,66,70,70,70,356,2
70,70,70,60,60,60,70,70,70,74,74,74,371,2
60,60,60,70,70,70,80,80,80,70,70,70,605,1
70,70,70,80,80,80,70,70,70,78,78,78,329,2
70,70,70,60,60,60,70,70,70,60,60,60,562,1
70,70,70,70,70,70,70,70,70,76,76,76,482,2
80,80,80,70,70,70,70,70,70,70,70,70,325,1
70,70,70,70,70,70,78,78,78,70,70,70,417,1
70,70,70,80,80,80,70,70,70,78,78,78,923,2
60,60,60,70,70,70,60,60,60,70,70,70,496,2
70,70,70,70,70,70,76,76,76,70,70,70,845,1
70,70,70,60,60,60,70,70,70,66,66,66,400,1
80,80,80,70,70,70,60,60,60,70,70,70,386,2
70,70,70,70,70,70,72,72,72,70,70,70,810,1
60,60,60,70,70,70,62,62,62,70,70,70,365,2
70,70,70,80,80,80,70,70,70,64,64,64,685,1
70,70,70,70,70,70,70,70,70,60,60,60,771,1
70,70,70,70,70,70,70,70,70,60,60,60,375,1
70,70,70,60,60,60,70,70,70,68,68,68,104,1
70,70,70,70,70,70,70,70,70,62,62,62,79,1
70,70,70,70,70,70,60,60,60,70,70,70,705,2
80,80,80,70,70,70,60,60,60,70,70,70,749,2
70,70,70,70,70,70,70,70,70,70,70,70,908,1
60,60,60,70,70,70,78,78,78,70,70,70,637,1
70,70,70,70,70,70,70,70,70,70,70,70,446,1
60,60,60,70,70,70,62,62,62,70,70,70,563,2
70,70,70,60,60,60,70,70,70,74,74,74,602,2
60,60,60,70,70,70,76,76,76,70,70,70,504,1
70,70,70,70,70,70,80,80,80,70,70,70,418,1
60,60,60,70,70,70,66,66,66,70,70,70,37,2
80,80,80,70,70,70,80,80,80,70,70,70,66,1
80,80,80,70,70,70,68,68,68,70,70,70,93,2
80,80,80,70,70,70,74,74,74,70,70,70,690,1
80,80,80,70,70,70,62,62,62,70,70,70,717,2
60,60,60,70,70,70,70,70,70,70,70,70,633,1
70,70,70,70,70,70,70,70,70,66,66,66,741,1
70,70,70,70,70,70,70,70,70,78,78,78,714,2
60,60,60,70,70,70,64,64,64,70,70,70,300,2
70,70,70,60,60,60,70,70,70,72,72,72,931,2
70,70,70,60,60,60,70,70,70,74,74,74,437,2
70,70,70,70,70,70,70,70,70,78,78,78,747,2
80,80,80,70,70,70,64,64,64,70,70,70,190,2
60,60,60,70,70,70,62,62,62,70,70,70,233,2
70,70,70,60,60,60,70,70,70,78,78,78,241,2
70,70,70,70,70,70,78,78,78,70,70,70,252,1
80,80,80,70,70,70,80,80,80,70,70,70,165,1
70,70,70,60,60,60,70,70,70,60,60,60,100,1
70,70,70,70,70,70,60,60,60,70,70,70,144,2
60,60,60,70,70,70,68,68,68,70,70,70,38,2
70,70,70,80,80,80,70,70,70,64,64,64,619,1
70,70,70,70,70,70,64,64,64,70,70,70,674,2
70,70,70,80,80,80,70,70,70,74,74,74,393,2
80,80,80,70,70,70,74,74,74,70,70,70,195,1
70,70,70,70,70,70,78,78,78,70,70,70,384,1
80,80,80,70,70,70,72,72,72,70,70,70,491,1
70,70,70,60,60,60,70,70,70,64,64,64,201,1
70,70,70,70,70,70,70,70,70,60,60,60,606,1
70,70,70,60,60,60,70,70,70,74,74,74,965,2
70,70,70,70,70,70,66,66,66,70,70,70,873,2
70,70,70,70,70,70,74,74,74,70,70,70,811,1
70,70,70,70,70,70,70,70,70,76,76,76,185,2
60,60,60,70,70,70,62,62,62,70,70,70,497,2
70,70,70,60,60,60,70,70,70,66,66,66,367,1
60,60,60,70,70,70,64,64,64,70,70,70,630,2
80,80,80,70,70,70,60,60,60,70,70,70,122,2
80,80,80,70,70,70,64,64,64,70,70,70,586,2
80,80,80,70,70,70,76,76,76,70,70,70,427,1
70,70,70,70,70,70,80,80,80,70,70,70,781,1
70,70,70,60,60,60,70,70,70,66,66,66,433,1
80,80,80,70,70,70,60,60,60,70,70,70,815,2
80,80,80,70,70,70,72,72,72,70,70,70,161,1
70,70,70,80,80,80,70,70,70,76,76,76,790,2
70,70,70,60,60,60,70,70,70,80,80,80,209,2
60,60,60,70,70,70,66,66,66,70,70,70,664,2
80,80,80,70,70,70,62,62,62,70,70,70,585,2
60,60,60,70,70,70,64,64,64,70,70,70,36,2
70,70,70,70,70,70,72,72,72,70,70,70,909,1
70,70,70,80,80,80,70,70,70,64,64,64,289,1
70,70,70,70,70,70,70,70,70,68,68,68,742,1
60,60,60,70,70,70,64,64,64,70,70,70,795,2
70,70,70,60,60,60,70,70,70,64,64,64,960,1
70,70,70,80,80,80,70,70,70,60,60,60,518,1
60,60,60,70,70,70,80,80,80,70,70,70,176,1
70,70,70,70,70,70,70,70,70,60,60,60,738,1
70,70,70,60,60,60,70,70,70,70,70,70,204,2
70,70,70,70,70,70,70,70,70,62,62,62,46,1
80,80,80,70,70,70,76,76,76,70,70,70,262,1
70,70,70,80,80,80,70,70,70,64,64,64,487,1
60,60,60,70,70,70,68,68,68,70,70,70,401,2
60,60,60,70,70,70,74,74,74,70,70,70,668,1
70,70,70,70,70,70,70,70,70,68,68,68,445,1
70,70,70,80,80,80,70,70,70,64,64,64,223,1
70,70,70,70,70,70,70,70,70,66,66,66,774,1
80,80,80,70,70,70,70,70,70,70,70,70,853,1
80,80,80,70,70,70,78,78,78,70,70,70,461,1
70,70,70,60,60,60,70,70,70,76,76,76,75,2
60,60,60,70,70,70,62,62,62,70,70,70,266,2
70,70,70,70,70,70,70,70,70,74,74,74,679,2
60,60,60,70,70,70,64,64,64,70,70,70,267,2
60,60,60,70,70,70,70,70,70,70,70,70,534,1
70,70,70,80,80,80,70,70,70,72,72,72,788,2
70,70,70,60,60,60,70,70,70,78,78,78,571,2
70,70,70,70,70,70,70,70,70,78,78,78,219,2
60,60,60,70,70,70,76,76,76,70,70,70,141,1
70,70,70,80,80,80,70,70,70,62,62,62,783,1
70,70,70,80,80,80,70,70,70,72,72,72,755,2
80,80,80,70,70,70,68,68,68,70,70,70,984,2
70,70,70,70,70,70,62,62,62,70,70,70,607,2
60,60,60,70,70,70,66,66,66,70,70,70,565,2
80,80,80,70,70,70,66,66,66,70,70,70,653,2
70,70,70,70,70,70,60,60,60,70,70,70,870,2
70,70,70,80,80,80,70,70,70,64,64,64,124,1
70,70,70,80,80,80,70,70,70,66,66,66,686,1
70,70,70,70,70,70,70,70,70,64,64,64,113,1
70,70,70,80,80,80,70,70,70,72,72,72,854,2
70,70,70,60,60,60,70,70,70,66,66,66,697,1
80,80,80,70,70,70,78,78,78,70,70,70,989,1
70,70,70,70,70,70,70,70,70,64,64,64,938,1
60,60,60,70,70,70,70,70,70,70,70,70,6,1
70,70,70,60,60,60,70,70,70,72,72,72,865,2
70,70,70,70,70,70,70,70,70,76,76,76,20,2
70,70,70,70,70,70,78,78,78,70,70,70,780,1
70,70,70,70,70,70,70,70,70,66,66,66,279,1
60,60,60,70,70,70,78,78,78,70,70,70,340,1
70,70,70,70,70,70,60,60,60,70,70,70,672,2
70,70,70,70,70,70,70,70,70,78,78,78,87,2
70,70,70,60,60,60,70,70,70,80,80,80,539,2
60,60,60,70,70,70,66,66,66,70,70,70,268,2
80,80,80,70,70,70,64,64,64,70,70,70,388,2
70,70,70,70,70,70,70,70,70,68,68,68,115,1
80,80,80,70,70,70,70,70,70,70,70,70,754,1
80,80,80,70,70,70,76,76,76,70,70,70,295,1
70,70,70,70,70,70,70,70,70,72,72,72,117,2
60,60,60,70,70,70,70,70,70,70,70,70,831,1
70,70,70,70,70,70,62,62,62,70,70,70,574,2
70,70,70,80,80,80,70,70,70,72,72,72,557,2
80,80,80,70,70,70,80,80,80,70,70,70,396,1
70,70,70,70,70,70,70,70,70,76,76,76,284,2
70,70,70,60,60,60,70,70,70,66,66,66,598,1
60,60,60,70,70,70,66,66,66,70,70,70,796,2
80,80,80,70,70,70,78,78,78,70,70,70,197,1
70,70,70,80,80,80,70,70,70,60,60,60,56,1
70,70,70,70,70,70,70,70,70,68,68,68,808,1
80,80,80,70,70,70,78,78,78,70,70,70,527,1
70,70,70,70,70,70,66,66,66,70,70,70,312,2
80,80,80,70,70,70,66,66,66,70,70,70,554,2
70,70,70,80,80,80,70,70,70,72,72,72,128,2
70,70,70,70,70,70,80,80,80,70,70,70,352,1
60,60,60,70,70,70,68,68,68,70,70,70,5,2
70,70,70,70,70,70,72,72,72,70,70,70,348,1
70,70,70,70,70,70,70,70,70,62,62,62,13,1
70,70,70,70,70,70,70,70,70,64,64,64,872,1
70,70,70,70,70,70,62,62,62,70,70,70,277,2
80,80,80,70,70,70,66,66,66,70,70,70,785,2
70,70,70,70,70,70,66,66,66,70,70,70,444,2
70,70,70,70,70,70,74,74,74,70,70,70,943,1
70,70,70,60,60,60,70,70,70,68,68,68,863,1
60,60,60,70,70,70,70,70,70,70,70,70,699,1
70,70,70,60,60,60,70,70,70,72,72,72,106,2
70,70,70,70,70,70,78,78,78,70,70,70,945,1
70,70,70,70,70,70,70,70,70,72,72,72,84,2
70,70,70,70,70,70,72,72,72,70,70,70,480,1
70,70,70,60,60,60,70,70,70,60,60,60,298,1
80,80,80,70,70,70,72,72,72,70,70,70,392,1
60,60,60,70,70,70,62,62,62,70,70,70,926,2
60,60,60,70,70,70,78,78,78,70,70,70,736,1
70,70,70,70,70,70,70,70,70,68,68,68,379,1
80,80,80,70,70,70,68,68,68,70,70,70,357,2
80,80,80,70,70,70,76,76,76,70,70,70,823,1
70,70,70,80,80,80,70,70,70,68,68,68,126,1
70,70,70,70,70,70,70,70,70,66,66,66,972,1
60,60,60,70,70,70,80,80,80,70,70,70,374,1
70,70,70,70,70,70,74,74,74,70,70,70,349,1
70,70,70,60,60,60,70,70,70,60,60,60,925,1
70,70,70,80,80,80,70,70,70,62,62,62,57,1
60,60,60,70,70,70,80,80,80,70,70,70,902,1
70,70,70,70,70,70,70,70,70,68,68,68,940,1
70,70,70,60,60,60,70,70,70,76,76,76,801,2
70,70,70,70,70,70,62,62,62,70,70,70,937,2
70,70,70,70,70,70,60,60,60,70,70,70,276,2
70,70,70,70,70,70,70,70,70,76,76,76,218,2
70,70,70,70,70,70,76,76,76,70,70,70,317,1
70,70,70,70,70,70,74,74,74,70,70,70,514,1
70,70,70,60,60,60,70,70,70,70,70,70,138,2
70,70,70,60,60,60,70,70,70,80,80,80,440,2
70,70,70,70,70,70,78,78,78,70,70,70,21,1
70,70,70,70,70,70,70,70,70,78,78,78,648,2
70,70,70,80,80,80,70,70,70,60,60,60,881,1
70,70,70,60,60,60,70,70,70,80,80,80,737,2
80,80,80,70,70,70,72,72,72,70,70,70,623,1
70,70,70,60,60,60,70,70,70,60,60,60,661,1
70,70,70,70,70,70,60,60,60,70,70,70,210,2
80,80,80,70,70,70,74,74,74,70,70,70,30,1
70,70,70,70,70,70,78,78,78,70,70,70,318,1
80,80,80,70,70,70,64,64,64,70,70,70,652,2
70,70,70,60,60,60,70,70,70,64,64,64,69,1
60,60,60,70,70,70,66,66,66,70,70,70,730,2
80,80,80,70,70,70,70,70,70,70,70,70,919,1
70,70,70,70,70,70,70,70,70,66,66,66,114,1
70,70,70,70,70,70,70,70,70,70,70,70,281,1
60,60,60,70,70,70,70,70,70,70,70,70,72,1
60,60,60,70,70,70,62,62,62,70,70,70,728,2
80,80,80,70,70,70,62,62,62,70,70,70,189,2
60,60,60,70,70,70,68,68,68,70,70,70,599,2
70,70,70,80,80,80,70,70,70,70,70,70,193,2
70,70,70,80,80,80,70,70,70,72,72,72,953,2
70,70,70,60,60,60,70,70,70,62,62,62,761,1
70,70,70,70,70,70,80,80,80,70,70,70,319,1
70,70,70,80,80,80,70,70,70,68,68,68,258,1
60,60,60,70,70,70,74,74,74,70,70,70,239,1
70,70,70,60,60,60,70,70,70,78,78,78,274,2
70,70,70,80,80,80,70,70,70,74,74,74,63,2
70,70,70,70,70,70,62,62,62,70,70,70,475,2
80,80,80,70,70,70,80,80,80,70,70,70,330,1
70,70,70,70,70,70,64,64,64,70,70,70,212,2
70,70,70,70,70,70,60,60,60,70,70,70,540,2
70,70,70,70,70,70,70,70,70,76,76,76,548,2
70,70,70,70,70,70,70,70,70,72,72,72,282,2
70,70,70,70,70,70,74,74,74,70,70,70,778,1
60,60,60,70,70,70,74,74,74,70,70,70,833,1
70,70,70,60,60,60,70,70,70,78,78,78,934,2
70,70,70,70,70,70,60,60,60,70,70,70,573,2
70,70,70,70,70,70,64,64,64,70,70,70,839,2
60,60,60,70,70,70,66,66,66,70,70,70,235,2
70,70,70,60,60,60,70,70,70,74,74,74,899,2
80,80,80,70,70,70,66,66,66,70,70,70,257,2
70,70,70,60,60,60,70,70,70,80,80,80,11,2
60,60,60,70,70,70,76,76,76,70,70,70,669,1
80,80,80,70,70,70,68,68,68,70,70,70,786,2
60,60,60,70,70,70,78,78,78,70,70,70,142,1
70,70,70,70,70,70,68,68,68,70,70,70,280,2
80,80,80,70,70,70,74,74,74,70,70,70,789,1
70,70,70,60,60,60,70,70,70,80,80,80,869,2
80,80,80,70,70,70,72,72,72,70,70,70,95,1
70,70,70,60,60,60,70,70,70,72,72,72,337,2
70,70,70,70,70,70,70,70,70,72,72,72,975,2
70,70,70,70,70,70,70,70,70,70,70,70,347,1
70,70,70,60,60,60,70,70,70,80,80,80,770,2
60,60,60,70,70,70,78,78,78,70,70,70,175,1
60,60,60,70,70,70,78,78,78,70,70,70,472,1
70,70,70,60,60,60,70,70,70,64,64,64,135,1
80,80,80,70,70,70,72,72,72,70,70,70,458,1
70,70,70,80,80,80,70,70,70,72,72,72,293,2
60,60,60,70,70,70,60,60,60,70,70,70,529,2
60,60,60,70,70,70,78,78,78,70,70,70,505,1
80,80,80,70,70,70,70,70,70,70,70,70,721,1
70,70,70,80,80,80,70,70,70,62,62,62,354,1
60,60,60,70,70,70,62,62,62,70,70,70,35,2
70,70,70,80,80,80,70,70,70,80,80,80,726,2
80,80,80,70,70,70,70,70,70,70,70,70,490,1
70,70,70,80,80,80,70,70,70,62,62,62,420,1
70,70,70,70,70,70,80,80,80,70,70,70,715,1
80,80,80,70,70,70,80,80,80,70,70,70,462,1
60,60,60,70,70,70,80,80,80,70,70,70,836,1
70,70,70,70,70,70,70,70,70,70,70,70,974,1
60,60,60,70,70,70,60,60,60,70,70,70,463,2
60,60,60,70,70,70,66,66,66,70,70,70,136,2
70,70,70,80,80,80,70,70,70,80,80,80,33,2
80,80,80,70,70,70,76,76,76,70,70,70,757,1
70,70,70,70,70,70,68,68,68,70,70,70,874,2
80,80,80,70,70,70,80,80,80,70,70,70,693,1
70,70,70,60,60,60,70,70,70,60,60,60,859,1
70,70,70,70,70,70,70,70,70,78,78,78,351,2
70,70,70,70,70,70,76,76,76,70,70,70,515,1
70,70,70,70,70,70,70,70,70,64,64,64,14,1
70,70,70,70,70,70,70,70,70,78,78,78,978,2
70,70,70,70,70,70,74,74,74,70,70,70,844,1
60,60,60,70,70,70,68,68,68,70,70,70,929,2
60,60,60,70,70,70,72,72,72,70,70,70,40,1
70,70,70,60,60,60,70,70,70,72,72,72,436,2
70,70,70,70,70,70,70,70,70,78,78,78,615,2
70,70,70,60,60,60,70,70,70,62,62,62,200,1
70,70,70,70,70,70,70,70,70,76,76,76,581,2
70,70,70,60,60,60,70,70,70,62,62,62,101,1
70,70,70,70,70,70,70,70,70,74,74,74,745,2
70,70,70,70,70,70,66,66,66,70,70,70,708,2
60,60,60,70,70,70,70,70,70,70,70,70,897,1
60,60,60,70,70,70,72,72,72,70,70,70,238,1
70,70,70,70,70,70,70,70,70,70,70,70,314,1
70,70,70,80,80,80,70,70,70,60,60,60,287,1
70,70,70,70,70,70,70,70,70,66,66,66,576,1
70,70,70,60,60,60,70,70,70,70,70,70,270,2
70,70,70,80,80,80,70,70,70,62,62,62,222,1
80,80,80,70,70,70,80,80,80,70,70,70,495,1
70,70,70,70,70,70,70,70,70,62,62,62,376,1
60,60,60,70,70,70,64,64,64,70,70,70,663,2
70,70,70,60,60,60,70,70,70,80,80,80,341,2
70,70,70,70,70,70,62,62,62,70,70,70,541,2
70,70,70,80,80,80,70,70,70,76,76,76,64,2
80,80,80,70,70,70,80,80,80,70,70,70,825,1
70,70,70,70,70,70,70,70,70,70,70,70,941,1
80,80,80,70,70,70,70,70,70,70,70,70,655,1
80,80,80,70,70,70,74,74,74,70,70,70,558,1
70,70,70,70,70,70,74,74,74,70,70,70,415,1
70,70,70,80,80,80,70,70,70,76,76,76,955,2
60,60,60,70,70,70,62,62,62,70,70,70,893,2
70,70,70,70,70,70,70,70,70,60,60,60,837,1
70,70,70,70,70,70,70,70,70,72,72,72,645,2
70,70,70,80,80,80,70,70,70,78,78,78,131,2
80,80,80,70,70,70,68,68,68,70,70,70,951,2
60,60,60,70,70,70,80,80,80,70,70,70,143,1
70,70,70,70,70,70,62,62,62,70,70,70,244,2
70,70,70,70,70,70,70,70,70,74,74,74,250,2
70,70,70,80,80,80,70,70,70,74,74,74,888,2
70,70,70,60,60,60,70,70,70,76,76,76,207,2
60,60,60,70,70,70,68,68,68,70,70,70,665,2
60,60,60,70,70,70,76,76,76,70,70,70,339,1
60,60,60,70,70,70,72,72,72,70,70,70,700,1
70,70,70,70,70,70,70,70,70,68,68,68,544,1
70,70,70,70,70,70,80,80,80,70,70,70,682,1
70,70,70,60,60,60,70,70,70,72,72,72,733,2
70,70,70,70,70,70,80,80,80,70,70,70,748,1
70,70,70,70,70,70,70,70,70,62,62,62,805,1
80,80,80,70,70,70,68,68,68,70,70,70,918,2
80,80,80,70,70,70,64,64,64,70,70,70,91,2
70,70,70,70,70,70,78,78,78,70,70,70,483,1
60,60,60,70,70,70,64,64,64,70,70,70,729,2
70,70,70,60,60,60,70,70,70,72,72,72,799,2
60,60,60,70,70,70,62,62,62,70,70,70,68,2
70,70,70,60,60,60,70,70,70,64,64,64,696,1
70,70,70,70,70,70,68,68,68,70,70,70,412,2
70,70,70,60,60,60,70,70,70,66,66,66,961,1
70,70,70,70,70,70,70,70,70,66,66,66,246,1
80,80,80,70,70,70,64,64,64,70,70,70,718,2
80,80,80,70,70,70,62,62,62,70,70,70,453,2
70,70,70,70,70,70,60,60,60,70,70,70,78,2
70,70,70,70,70,70,78,78,78,70,70,70,549,1
80,80,80,70,70,70,74,74,74,70,70,70,822,1
70,70,70,80,80,80,70,70,70,74,74,74,96,2
60,60,60,70,70,70,66,66,66,70,70,70,70,2
60,60,60,70,70,70,64,64,64,70,70,70,3,2
70,70,70,80,80,80,70,70,70,62,62,62,948,1
70,70,70,60,60,60,70,70,70,78,78,78,769,2
60,60,60,70,70,70,70,70,70,70,70,70,369,1
70,70,70,80,80,80,70,70,70,76,76,76,229,2
70,70,70,60,60,60,70,70,70,60,60,60,958,1
70,70,70,70,70,70,76,76,76,70,70,70,383,1
80,80,80,70,70,70,78,78,78,70,70,70,692,1
70,70,70,80,80,80,70,70,70,74,74,74,954,2
60,60,60,70,70,70,78,78,78,70,70,70,373,1
70,70,70,60,60,60,70,70,70,72,72,72,502,2
70,70,70,60,60,60,70,70,70,78,78,78,967,2
60,60,60,70,70,70,62,62,62,70,70,70,959,2
70,70,70,60,60,60,70,70,70,76,76,76,636,2
60,60,60,70,70,70,60,60,60,70,70,70,133,2
70,70,70,70,70,70,64,64,64,70,70,70,806,2
60,60,60,70,70,70,70,70,70,70,70,70,39,1
60,60,60,70,70,70,64,64,64,70,70,70,234,2
60,60,60,70,70,70,72,72,72,70,70,70,370,1
70,70,70,80,80,80,70,70,70,74,74,74,591,2
70,70,70,70,70,70,70,70,70,60,60,60,507,1
70,70,70,80,80,80,70,70,70,60,60,60,947,1
70,70,70,80,80,80,70,70,70,68,68,68,390,1
80,80,80,70,70,70,72,72,72,70,70,70,194,1
70,70,70,70,70,70,68,68,68,70,70,70,313,2
60,60,60,70,70,70,64,64,64,70,70,70,366,2
60,60,60,70,70,70,66,66,66,70,70,70,103,2
70,70,70,70,70,70,66,66,66,70,70,70,15,2
70,70,70,70,70,70,74,74,74,70,70,70,52,1
70,70,70,70,70,70,80,80,80,70,70,70,484,1
70,70,70,60,60,60,70,70,70,68,68,68,962,1
70,70,70,70,70,70,70,70,70,62,62,62,772,1
70,70,70,80,80,80,70,70,70,66,66,66,92,1
70,70,70,60,60,60,70,70,70,78,78,78,703,2
80,80,80,70,70,70,70,70,70,70,70,70,688,1
60,60,60,70,70,70,76,76,76,70,70,70,867,1
70,70,70,70,70,70,68,68,68,70,70,70,478,2
70,70,70,70,70,70,70,70,70,66,66,66,807,1
70,70,70,60,60,60,70,70,70,74,74,74,338,2
70,70,70,60,60,60,70,70,70,60,60,60,793,1
80,80,80,70,70,70,80,80,80,70,70,70,363,1
70,70,70,70,70,70,70,70,70,80,80,80,55,2
80,80,80,70,70,70,74,74,74,70,70,70,129,1
70,70,70,70,70,70,68,68,68,70,70,70,49,2
60,60,60,70,70,70,66,66,66,70,70,70,202,2
70,70,70,60,60,60,70,70,70,76,76,76,933,2
60,60,60,70,70,70,80,80,80,70,70,70,704,1
70,70,70,60,60,60,70,70,70,70,70,70,765,2
70,70,70,60,60,60,70,70,70,78,78,78,10,2
70,70,70,60,60,60,70,70,70,80,80,80,275,2
60,60,60,70,70,70,60,60,60,70,70,70,34,2
70,70,70,60,60,60,70,70,70,74,74,74,734,2
80,80,80,70,70,70,62,62,62,70,70,70,156,2
70,70,70,80,80,80,70,70,70,64,64,64,355,1
70,70,70,70,70,70,62,62,62,70,70,70,640,2
70,70,70,60,60,60,70,70,70,72,72,72,634,2
70,70,70,80,80,80,70,70,70,60,60,60,320,1
70,70,70,70,70,70,80,80,80,70,70,70,583,1
70,70,70,70,70,70,68,68,68,70,70,70,610,2
70,70,70,60,60,60,70,70,70,60,60,60,628,1
70,70,70,80,80,80,70,70,70,78,78,78,98,2
70,70,70,70,70,70,70,70,70,80,80,80,286,2
70,70,70,60,60,60,70,70,70,60,60,60,430,1
80,80,80,70,70,70,74,74,74,70,70,70,261,1
70,70,70,70,70,70,68,68,68,70,70,70,973,2
70,70,70,70,70,70,70,70,70,78,78,78,582,2
70,70,70,70,70,70,70,70,70,72,72,72,18,2
80,80,80,70,70,70,68,68,68,70,70,70,654,2
70,70,70,70,70,70,70,70,70,78,78,78,681,2
60,60,60,70,70,70,74,74,74,70,70,70,206,1
80,80,80,70,70,70,60,60,60,70,70,70,23,2
70,70,70,70,70,70,70,70,70,74,74,74,877,2
70,70,70,70,70,70,74,74,74,70,70,70,910,1
70,70,70,80,80,80,70,70,70,76,76,76,724,2
70,70,70,70,70,70,70,70,70,80,80,80,847,2
70,70,70,70,70,70,60,60,60,70,70,70,474,2
80,80,80,70,70,70,68,68,68,70,70,70,159,2
60,60,60,70,70,70,66,66,66,70,70,70,862,2
80,80,80,70,70,70,74,74,74,70,70,70,855,1
70,70,70,80,80,80,70,70,70,74,74,74,228,2
80,80,80,70,70,70,70,70,70,70,70,70,523,1
70,70,70,70,70,70,70,70,70,66,66,66,675,1
80,80,80,70,70,70,70,70,70,70,70,70,820,1
80,80,80,70,70,70,72,72,72,70,70,70,920,1
80,80,80,70,70,70,62,62,62,70,70,70,288,2
70,70,70,80,80,80,70,70,70,66,66,66,224,1
70,70,70,80,80,80,70,70,70,60,60,60,254,1
60,60,60,70,70,70,80,80,80,70,70,70,242,1
80,80,80,70,70,70,70,70,70,70,70,70,424,1
70,70,70,80,80,80,70,70,70,78,78,78,65,2
70,70,70,60,60,60,70,70,70,64,64,64,564,1
70,70,70,70,70,70,70,70,70,64,64,64,608,1
70,70,70,70,70,70,70,70,70,62,62,62,904,1
60,60,60,70,70,70,64,64,64,70,70,70,333,2
70,70,70,80,80,80,70,70,70,78,78,78,791,2
60,60,60,70,70,70,64,64,64,70,70,70,762,2
70,70,70,60,60,60,70,70,70,68,68,68,236,1
70,70,70,60,60,60,70,70,70,62,62,62,662,1
70,70,70,70,70,70,72,72,72,70,70,70,381,1
70,70,70,60,60,60,70,70,70,66,66,66,532,1
70,70,70,80,80,80,70,70,70,76,76,76,922,2
70,70,70,70,70,70,70,70,70,70,70,70,116,1
70,70,70,70,70,70,64,64,64,70,70,70,641,2
70,70,70,60,60,60,70,70,70,64,64,64,531,1
70,70,70,70,70,70,80,80,80,70,70,70,187,1
70,70,70,70,70,70,70,70,70,60,60,60,903,1
80,80,80,70,70,70,72,72,72,70,70,70,260,1
70,70,70,60,60,60,70,70,70,70,70,70,336,2
80,80,80,70,70,70,78,78,78,70,70,70,725,1
70,70,70,60,60,60,70,70,70,60,60,60,364,1
80,80,80,70,70,70,70,70,70,70,70,70,259,1
80,80,80,70,70,70,70,70,70,70,70,70,160,1
80,80,80,70,70,70,72,72,72,70,70,70,986,1
60,60,60,70,70,70,76,76,76,70,70,70,9,1
80,80,80,70,70,70,60,60,60,70,70,70,584,2
70,70,70,70,70,70,70,70,70,76,76,76,812,2
70,70,70,80,80,80,70,70,70,66,66,66,422,1
70,70,70,70,70,70,64,64,64,70,70,70,740,2
70,70,70,60,60,60,70,70,70,76,76,76,174,2
70,70,70,70,70,70,70,70,70,62,62,62,178,1
80,80,80,70,70,70,60,60,60,70,70,70,221,2
70,70,70,60,60,60,70,70,70,80,80,80,110,2
70,70,70,70,70,70,72,72,72,70,70,70,414,1
70,70,70,80,80,80,70,70,70,62,62,62,849,1
80,80,80,70,70,70,74,74,74,70,70,70,624,1
70,70,70,80,80,80,70,70,70,80,80,80,198,2
70,70,70,70,70,70,68,68,68,70,70,70,775,2
70,70,70,60,60,60,70,70,70,60,60,60,166,1
70,70,70,70,70,70,70,70,70,80,80,80,913,2
60,60,60,70,70,70,70,70,70,70,70,70,303,1
70,70,70,70,70,70,70,70,70,72,72,72,942,2
60,60,60,70,70,70,74,74,74,70,70,70,74,1
70,70,70,70,70,70,70,70,70,60,60,60,936,1
70,70,70,80,80,80,70,70,70,76,76,76,31,2
70,70,70,80,80,80,70,70,70,72,72,72,689,2
70,70,70,60,60,60,70,70,70,68,68,68,467,1
70,70,70,60,60,60,70,70,70,76,76,76,900,2
70,70,70,60,60,60,70,70,70,78,78,78,307,2
60,60,60,70,70,70,68,68,68,70,70,70,170,2
70,70,70,80,80,80,70,70,70,62,62,62,651,1
70,70,70,70,70,70,70,70,70,74,74,74,646,2
80,80,80,70,70,70,74,74,74,70,70,70,921,1
70,70,70,70,70,70,70,70,70,80,80,80,220,2
70,70,70,80,80,80,70,70,70,78,78,78,659,2
70,70,70,80,80,80,70,70,70,76,76,76,361,2
70,70,70,60,60,60,70,70,70,70,70,70,237,2
70,70,70,80,80,80,70,70,70,64,64,64,157,1
70,70,70,80,80,80,70,70,70,80,80,80,231,2
70,70,70,70,70,70,70,70,70,60,60,60,177,1
60,60,60,70,70,70,74,74,74,70,70,70,173,1
80,80,80,70,70,70,76,76,76,70,70,70,97,1
70,70,70,60,60,60,70,70,70,78,78,78,76,2
80,80,80,70,70,70,70,70,70,70,70,70,94,1
70,70,70,70,70,70,70,70,70,72,72,72,249,2
80,80,80,70,70,70,60,60,60,70,70,70,419,2
60,60,60,70,70,70,66,66,66,70,70,70,895,2
70,70,70,80,80,80,70,70,70,66,66,66,719,1
70,70,70,70,70,70,60,60,60,70,70,70,441,2
70,70,70,80,80,80,70,70,70,60,60,60,452,1
80,80,80,70,70,70,68,68,68,70,70,70,720,2
70,70,70,70,70,70,70,70,70,76,76,76,779,2
60,60,60,70,70,70,70,70,70,70,70,70,732,1
70,70,70,80,80,80,70,70,70,70,70,70,292,2
60,60,60,70,70,70,68,68,68,70,70,70,797,2
70,70,70,70,70,70,70,70,70,76,76,76,416,2
70,70,70,80,80,80,70,70,70,68,68,68,621,1
70,70,70,60,60,60,70,70,70,76,76,76,735,2
70,70,70,80,80,80,70,70,70,78,78,78,164,2
70,70,70,70,70,70,60,60,60,70,70,70,969,2
80,80,80,70,70,70,66,66,66,70,70,70,587,2
60,60,60,70,70,70,64,64,64,70,70,70,168,2
70,70,70,70,70,70,70,70,70,70,70,70,677,1
70,70,70,80,80,80,70,70,70,80,80,80,627,2
70,70,70,60,60,60,70,70,70,64,64,64,828,1
80,80,80,70,70,70,80,80,80,70,70,70,561,1
80,80,80,70,70,70,66,66,66,70,70,70,26,2
60,60,60,70,70,70,68,68,68,70,70,70,632,2
70,70,70,80,80,80,70,70,70,66,66,66,455,1
60,60,60,70,70,70,62,62,62,70,70,70,530,2
60,60,60,70,70,70,68,68,68,70,70,70,500,2
70,70,70,70,70,70,76,76,76,70,70,70,86,1
80,80,80,70,70,70,76,76,76,70,70,70,691,1
70,70,70,80,80,80,70,70,70,76,76,76,163,2
70,70,70,70,70,70,72,72,72,70,70,70,183,1
60,60,60,70,70,70,76,76,76,70,70,70,372,1
80,80,80,70,70,70,80,80,80,70,70,70,528,1
70,70,70,80,80,80,70,70,70,76,76,76,394,2
80,80,80,70,70,70,62,62,62,70,70,70,915,2
70,70,70,70,70,70,66,66,66,70,70,70,906,2
70,70,70,80,80,80,70,70,70,72,72,72,29,2
70,70,70,70,70,70,66,66,66,70,70,70,642,2
70,70,70,80,80,80,70,70,70,64,64,64,256,1
70,70,70,80,80,80,70,70,70,74,74,74,723,2
70,70,70,70,70,70,70,70,70,70,70,70,413,1
70,70,70,70,70,70,74,74,74,70,70,70,712,1
70,70,70,70,70,70,74,74,74,70,70,70,580,1
70,70,70,70,70,70,70,70,70,76,76,76,911,2
70,70,70,80,80,80,70,70,70,78,78,78,494,2
70,70,70,80,80,80,70,70,70,80,80,80,132,2
70,70,70,80,80,80,70,70,70,78,78,78,395,2
70,70,70,60,60,60,70,70,70,66,66,66,301,1
70,70,70,70,70,70,70,70,70,68,68,68,841,1
70,70,70,70,70,70,70,70,70,66,66,66,180,1
70,70,70,70,70,70,68,68,68,70,70,70,676,2
70,70,70,80,80,80,70,70,70,70,70,70,127,2
70,70,70,70,70,70,70,70,70,70,70,70,83,2
70,70,70,70,70,70,66,66,66,70,70,70,840,2
70,70,70,60,60,60,70,70,70,64,64,64,465,1
70,70,70,80,80,80,70,70,70,62,62,62,90,1
70,70,70,80,80,80,70,70,70,62,62,62,486,1
70,70,70,80,80,80,70,70,70,80,80,80,429,2
60,60,60,70,70,70,72,72,72,70,70,70,73,1
70,70,70,70,70,70,70,70,70,64,64,64,575,1
70,70,70,70,70,70,68,68,68,70,70,70,82,2
70,70,70,70,70,70,72,72,72,70,70,70,711,1
70,70,70,80,80,80,70,70,70,76,76,76,658,2
70,70,70,60,60,60,70,70,70,72,72,72,304,2
70,70,70,80,80,80,70,70,70,76,76,76,526,2
70,70,70,80,80,80,70,70,70,80,80,80,99,2
70,70,70,70,70,70,74,74,74,70,70,70,547,1
70,70,70,70,70,70,64,64,64,70,70,70,905,2
70,70,70,70,70,70,70,70,70,72,72,72,876,2
60,60,60,70,70,70,62,62,62,70,70,70,827,2
70,70,70,80,80,80,70,70,70,76,76,76,328,2
70,70,70,80,80,80,70,70,70,74,74,74,327,2
60,60,60,70,70,70,72,72,72,70,70,70,601,1
70,70,70,80,80,80,70,70,70,74,74,74,756,2
70,70,70,70,70,70,66,66,66,70,70,70,213,2
60,60,60,70,70,70,62,62,62,70,70,70,596,2
70,70,70,80,80,80,70,70,70,78,78,78,857,2
70,70,70,60,60,60,70,70,70,80,80,80,638,2
80,80,80,70,70,70,64,64,64,70,70,70,784,2
60,60,60,70,70,70,64,64,64,70,70,70,894,2
70,70,70,60,60,60,70,70,70,60,60,60,199,1
70,70,70,70,70,70,72,72,72,70,70,70,843,1
60,60,60,70,70,70,64,64,64,70,70,70,399,2
60,60,60,70,70,70,80,80,80,70,70,70,308,1
80,80,80,70,70,70,60,60,60,70,70,70,782,2
70,70,70,70,70,70,66,66,66,70,70,70,543,2
60,60,60,70,70,70,76,76,76,70,70,70,240,1
80,80,80,70,70,70,62,62,62,70,70,70,750,2
70,70,70,60,60,60,70,70,70,72,72,72,139,2
60,60,60,70,70,70,74,74,74,70,70,70,767,1
70,70,70,70,70,70,72,72,72,70,70,70,315,1
70,70,70,60,60,60,70,70,70,68,68,68,896,1
70,70,70,80,80,80,70,70,70,78,78,78,32,2
80,80,80,70,70,70,64,64,64,70,70,70,322,2
70,70,70,70,70,70,80,80,80,70,70,70,946,1
70,70,70,80,80,80,70,70,70,80,80,80,759,2
70,70,70,80,80,80,70,70,70,66,66,66,158,1
70,70,70,70,70,70,70,70,70,76,76,76,647,2
70,70,70,60,60,60,70,70,70,66,66,66,466,1
60,60,60,70,70,70,70,70,70,70,70,70,171,1
70,70,70,60,60,60,70,70,70,74,74,74,932,2
70,70,70,60,60,60,70,70,70,70,70,70,105,2
70,70,70,80,80,80,70,70,70,68,68,68,687,1
70,70,70,60,60,60,70,70,70,62,62,62,398,1
60,60,60,70,70,70,78,78,78,70,70,70,538,1
70,70,70,60,60,60,70,70,70,80,80,80,671,2
80,80,80,70,70,70,66,66,66,70,70,70,488,2
60,60,60,70,70,70,70,70,70,70,70,70,864,1
70,70,70,80,80,80,70,70,70,66,66,66,191,1
70,70,70,80,80,80,70,70,70,66,66,66,521,1
60,60,60,70,70,70,60,60,60,70,70,70,331,2
70,70,70,60,60,60,70,70,70,78,78,78,43,2
60,60,60,70,70,70,68,68,68,70,70,70,368,2
70,70,70,80,80,80,70,70,70,60,60,60,848,1
70,70,70,80,80,80,70,70,70,72,72,72,887,2
80,80,80,70,70,70,60,60,60,70,70,70,980,2
80,80,80,70,70,70,72,72,72,70,70,70,722,1
60,60,60,70,70,70,80,80,80,70,70,70,968,1
60,60,60,70,70,70,80,80,80,70,70,70,803,1
80,80,80,70,70,70,72,72,72,70,70,70,326,1
70,70,70,70,70,70,70,70,70,72,72,72,150,2
70,70,70,80,80,80,70,70,70,72,72,72,590,2
70,70,70,60,60,60,70,70,70,76,76,76,603,2
70,70,70,60,60,60,70,70,70,72,72,72,535,2
70,70,70,70,70,70,70,70,70,80,80,80,517,2
70,70,70,60,60,60,70,70,70,76,76,76,273,2
70,70,70,70,70,70,70,70,70,72,72,72,612,2
70,70,70,70,70,70,66,66,66,70,70,70,378,2
70,70,70,70,70,70,60,60,60,70,70,70,408,2
70,70,70,80,80,80,70,70,70,80,80,80,792,2
70,70,70,60,60,60,70,70,70,72,72,72,403,2
70,70,70,80,80,80,70,70,70,70,70,70,952,2
80,80,80,70,70,70,76,76,76,70,70,70,988,1
70,70,70,60,60,60,70,70,70,78,78,78,835,2
80,80,80,70,70,70,68,68,68,70,70,70,885,2
80,80,80,70,70,70,78,78,78,70,70,70,362,1
60,60,60,70,70,70,68,68,68,70,70,70,698,2
70,70,70,70,70,70,76,76,76,70,70,70,449,1
70,70,70,80,80,80,70,70,70,76,76,76,625,2
80,80,80,70,70,70,70,70,70,70,70,70,589,1
70,70,70,70,70,70,70,70,70,70,70,70,644,2
70,70,70,70,70,70,70,70,70,66,66,66,939,1
70,70,70,70,70,70,70,70,70,70,70,70,215,1
70,70,70,80,80,80,70,70,70,80,80,80,660,2
70,70,70,70,70,70,70,70,70,68,68,68,148,1
70,70,70,70,70,70,70,70,70,78,78,78,153,2
70,70,70,70,70,70,68,68,68,70,70,70,511,2
70,70,70,70,70,70,78,78,78,70,70,70,120,1
70,70,70,70,70,70,62,62,62,70,70,70,970,2
60,60,60,70,70,70,76,76,76,70,70,70,42,1
80,80,80,70,70,70,80,80,80,70,70,70,957,1
60,60,60,70,70,70,78,78,78,70,70,70,868,1
70,70,70,80,80,80,70,70,70,64,64,64,454,1
60,60,60,70,70,70,70,70,70,70,70,70,468,1
70,70,70,80,80,80,70,70,70,76,76,76,889,2
60,60,60,70,70,70,72,72,72,70,70,70,832,1
70,70,70,70,70,70,76,76,76,70,70,70,680,1
60,60,60,70,70,70,72,72,72,70,70,70,964,1
80,80,80,70,70,70,64,64,64,70,70,70,916,2
70,70,70,70,70,70,70,70,70,64,64,64,80,1
70,70,70,70,70,70,70,70,70,64,64,64,707,1
70,70,70,80,80,80,70,70,70,66,66,66,389,1
70,70,70,70,70,70,70,70,70,76,76,76,152,2
70,70,70,60,60,60,70,70,70,70,70,70,930,2
60,60,60,70,70,70,60,60,60,70,70,70,595,2
70,70,70,60,60,60,70,70,70,74,74,74,866,2
70,70,70,80,80,80,70,70,70,78,78,78,560,2
80,80,80,70,70,70,60,60,60,70,70,70,155,2
80,80,80,70,70,70,68,68,68,70,70,70,819,2
70,70,70,70,70,70,60,60,60,70,70,70,111,2
70,70,70,70,70,70,70,70,70,64,64,64,773,1
70,70,70,70,70,70,70,70,70,60,60,60,342,1
60,60,60,70,70,70,80,80,80,70,70,70,44,1
60,60,60,70,70,70,78,78,78,70,70,70,439,1
80,80,80,70,70,70,74,74,74,70,70,70,162,1
60,60,60,70,70,70,62,62,62,70,70,70,695,2
80,80,80,70,70,70,80,80,80,70,70,70,264,1
70,70,70,70,70,70,70,70,70,70,70,70,743,1
70,70,70,70,70,70,70,70,70,62,62,62,871,1
70,70,70,60,60,60,70,70,70,62,62,62,167,1
70,70,70,60,60,60,70,70,70,62,62,62,431,1
70,70,70,70,70,70,62,62,62,70,70,70,739,2
70,70,70,70,70,70,72,72,72,70,70,70,51,1
70,70,70,60,60,60,70,70,70,74,74,74,305,2
70,70,70,70,70,70,78,78,78,70,70,70,54,1
70,70,70,60,60,60,70,70,70,68,68,68,302,1
70,70,70,70,70,70,66,66,66,70,70,70,81,2
60,60,60,70,70,70,74,74,74,70,70,70,404,1
70,70,70,70,70,70,70,70,70,74,74,74,118,2
70,70,70,60,60,60,70,70,70,70,70,70,798,2
60,60,60,70,70,70,76,76,76,70,70,70,702,1
60,60,60,70,70,70,76,76,76,70,70,70,438,1
60,60,60,70,70,70,74,74,74,70,70,70,635,1
70,70,70,70,70,70,70,70,70,64,64,64,542,1
70,70,70,60,60,60,70,70,70,76,76,76,570,2
70,70,70,60,60,60,70,70,70,74,74,74,140,2
60,60,60,70,70,70,68,68,68,70,70,70,434,2
80,80,80,70,70,70,80,80,80,70,70,70,297,1
70,70,70,80,80,80,70,70,70,64,64,64,58,1
70,70,70,70,70,70,70,70,70,64,64,64,410,1
80,80,80,70,70,70,60,60,60,70,70,70,683,2
70,70,70,70,70,70,70,70,70,76,76,76,251,2
80,80,80,70,70,70,72,72,72,70,70,70,821,1
60,60,60,70,70,70,76,76,76,70,70,70,768,1
70,70,70,70,70,70,70,70,70,74,74,74,481,2
70,70,70,80,80,80,70,70,70,80,80,80,891,2
60,60,60,70,70,70,66,66,66,70,70,70,928,2
60,60,60,70,70,70,64,64,64,70,70,70,597,2
70,70,70,70,70,70,64,64,64,70,70,70,971,2
80,80,80,70,70,70,78,78,78,70,70,70,626,1
60,60,60,70,70,70,74,74,74,70,70,70,569,1
80,80,80,70,70,70,62,62,62,70,70,70,387,2
70,70,70,70,70,70,70,70,70,70,70,70,545,2
80,80,80,70,70,70,72,72,72,70,70,70,62,1
70,70,70,80,80,80,70,70,70,68,68,68,60,1
70,70,70,70,70,70,70,70,70,64,64,64,146,1
70,70,70,60,60,60,70,70,70,74,74,74,536,2
70,70,70,60,60,60,70,70,70,62,62,62,860,1
60,60,60,70,70,70,70,70,70,70,70,70,567,1
70,70,70,70,70,70,74,74,74,70,70,70,19,1
70,70,70,60,60,60,70,70,70,78,78,78,604,2
70,70,70,70,70,70,80,80,80,70,70,70,451,1
70,70,70,60,60,60,70,70,70,74,74,74,272,2
70,70,70,80,80,80,70,70,70,74,74,74,294,2
70,70,70,70,70,70,70,70,70,74,74,74,217,2
70,70,70,70,70,70,70,70,70,80,80,80,121,2
80,80,80,70,70,70,78,78,78,70,70,70,428,1
70,70,70,80,80,80,70,70,70,70,70,70,226,2
70,70,70,60,60,60,70,70,70,80,80,80,572,2
60,60,60,70,70,70,74,74,74,70,70,70,800,1
70,70,70,70,70,70,70,70,70,80,80,80,814,2
70,70,70,80,80,80,70,70,70,74,74,74,360,2
70,70,70,60,60,60,70,70,70,66,66,66,169,1
60,60,60,70,70,70,70,70,70,70,70,70,666,1
80,80,80,70,70,70,68,68,68,70,70,70,456,2
80,80,80,70,70,70,78,78,78,70,70,70,263,1
70,70,70,70,70,70,70,70,70,70,70,70,710,1
70,70,70,70,70,70,62,62,62,70,70,70,409,2
70,70,70,60,60,60,70,70,70,68,68,68,269,1
70,70,70,70,70,70,70,70,70,70,70,70,776,2
60,60,60,70,70,70,78,78,78,70,70,70,406,1
60,60,60,70,70,70,72,72,72,70,70,70,271,1
60,60,60,70,70,70,72,72,72,70,70,70,667,1
70,70,70,70,70,70,70,70,70,70,70,70,149,2
80,80,80,70,70,70,60,60,60,70,70,70,353,2
70,70,70,70,70,70,70,70,70,68,68,68,214,1
70,70,70,70,70,70,60,60,60,70,70,70,243,2
70,70,70,60,60,60,70,70,70,74,74,74,41,2
60,60,60,70,70,70,62,62,62,70,70,70,464,2
70,70,70,80,80,80,70,70,70,66,66,66,818,1
70,70,70,80,80,80,70,70,70,70,70,70,985,2
70,70,70,80,80,80,70,70,70,60,60,60,716,1
70,70,70,60,60,60,70,70,70,62,62,62,299,1
80,80,80,70,70,70,60,60,60,70,70,70,89,2
70,70,70,60,60,60,70,70,70,68,68,68,830,1
70,70,70,60,60,60,70,70,70,68,68,68,566,1
80,80,80,70,70,70,62,62,62,70,70,70,519,2
60,60,60,70,70,70,68,68,68,70,70,70,71,2
60,60,60,70,70,70,72,72,72,70,70,70,766,1
70,70,70,70,70,70,70,70,70,62,62,62,673,1
70,70,70,70,70,70,64,64,64,70,70,70,179,2
70,70,70,70,70,70,70,70,70,76,76,76,614,2
70,70,70,80,80,80,70,70,70,66,66,66,884,1
80,80,80,70,70,70,64,64,64,70,70,70,949,2
80,80,80,70,70,70,68,68,68,70,70,70,852,2
70,70,70,70,70,70,60,60,60,70,70,70,45,2
60,60,60,70,70,70,60,60,60,70,70,70,1,2
60,60,60,70,70,70,60,60,60,70,70,70,760,2
70,70,70,70,70,70,64,64,64,70,70,70,344,2
70,70,70,80,80,80,70,70,70,72,72,72,524,2
70,70,70,80,80,80,70,70,70,60,60,60,485,1
60,60,60,70,70,70,68,68,68,70,70,70,533,2
70,70,70,60,60,60,70,70,70,76,76,76,537,2
70,70,70,80,80,80,70,70,70,66,66,66,983,1
70,70,70,60,60,60,70,70,70,76,76,76,471,2
60,60,60,70,70,70,66,66,66,70,70,70,499,2
70,70,70,70,70,70,70,70,70,78,78,78,912,2
70,70,70,80,80,80,70,70,70,62,62,62,981,1
70,70,70,60,60,60,70,70,70,66,66,66,763,1
70,70,70,70,70,70,66,66,66,70,70,70,48,2
80,80,80,70,70,70,66,66,66,70,70,70,620,2
80,80,80,70,70,70,78,78,78,70,70,70,296,1
70,70,70,70,70,70,70,70,70,66,66,66,147,1
80,80,80,70,70,70,80,80,80,70,70,70,594,1
70,70,70,70,70,70,78,78,78,70,70,70,450,1
70,70,70,60,60,60,70,70,70,72,72,72,568,2
70,70,70,70,70,70,76,76,76,70,70,70,119,1
80,80,80,70,70,70,72,72,72,70,70,70,227,1
70,70,70,70,70,70,70,70,70,78,78,78,879,2
70,70,70,80,80,80,70,70,70,68,68,68,522,1
70,70,70,70,70,70,70,70,70,70,70,70,248,1
80,80,80,70,70,70,62,62,62,70,70,70,552,2
60,60,60,70,70,70,64,64,64,70,70,70,432,2
70,70,70,70,70,70,64,64,64,70,70,70,377,2
70,70,70,70,70,70,68,68,68,70,70,70,346,2
70,70,70,80,80,80,70,70,70,74,74,74,657,2
70,70,70,80,80,80,70,70,70,68,68,68,555,1
60,60,60,70,70,70,72,72,72,70,70,70,205,1
70,70,70,70,70,70,70,70,70,64,64,64,245,1
70,70,70,60,60,60,70,70,70,62,62,62,2,1
60,60,60,70,70,70,74,74,74,70,70,70,503,1
70,70,70,70,70,70,70,70,70,68,68,68,907,1
70,70,70,60,60,60,70,70,70,62,62,62,794,1
80,80,80,70,70,70,70,70,70,70,70,70,28,1
70,70,70,70,70,70,66,66,66,70,70,70,411,2
70,70,70,70,70,70,70,70,70,78,78,78,813,2
80,80,80,70,70,70,74,74,74,70,70,70,459,1
80,80,80,70,70,70,62,62,62,70,70,70,684,2
70,70,70,80,80,80,70,70,70,64,64,64,520,1
80,80,80,70,70,70,64,64,64,70,70,70,751,2
70,70,70,70,70,70,70,70,70,80,80,80,880,2
70,70,70,80,80,80,70,70,70,66,66,66,59,1
70,70,70,70,70,70,74,74,74,70,70,70,613,1
70,70,70,80,80,80,70,70,70,68,68,68,225,1
70,70,70,60,60,60,70,70,70,78,78,78,802,2
80,80,80,70,70,70,64,64,64,70,70,70,553,2
70,70,70,80,80,80,70,70,70,64,64,64,25,1
70,70,70,70,70,70,70,70,70,70,70,70,875,1
70,70,70,70,70,70,66,66,66,70,70,70,345,2
70,70,70,70,70,70,80,80,80,70,70,70,253,1
70,70,70,70,70,70,80,80,80,70,70,70,979,1
70,70,70,60,60,60,70,70,70,74,74,74,8,2
70,70,70,80,80,80,70,70,70,80,80,80,858,2
70,70,70,70,70,70,70,70,70,80,80,80,154,2
70,70,70,80,80,80,70,70,70,68,68,68,753,1
70,70,70,70,70,70,70,70,70,72,72,72,744,2
70,70,70,80,80,80,70,70,70,68,68,68,588,1
70,70,70,80,80,80,70,70,70,76,76,76,493,2
70,70,70,80,80,80,70,70,70,62,62,62,255,1
80,80,80,70,70,70,66,66,66,70,70,70,125,2
80,80,80,70,70,70,68,68,68,70,70,70,192,2
70,70,70,70,70,70,70,70,70,70,70,70,611,2
70,70,70,80,80,80,70,70,70,64,64,64,850,1
70,70,70,60,60,60,70,70,70,62,62,62,332,1
60,60,60,70,70,70,76,76,76,70,70,70,306,1
60,60,60,70,70,70,78,78,78,70,70,70,670,1
80,80,80,70,70,70,70,70,70,70,70,70,391,1
80,80,80,70,70,70,78,78,78,70,70,70,824,1
60,60,60,70,70,70,76,76,76,70,70,70,405,1
70,70,70,70,70,70,76,76,76,70,70,70,746,1
70,70,70,70,70,70,72,72,72,70,70,70,216,1
60,60,60,70,70,70,76,76,76,70,70,70,966,1
70,70,70,70,70,70,68,68,68,70,70,70,577,2
70,70,70,80,80,80,70,70,70,60,60,60,551,1
70,70,70,80,80,80,70,70,70,62,62,62,816,1
70,70,70,60,60,60,70,70,70,74,74,74,701,2
70,70,70,70,70,70,66,66,66,70,70,70,609,2
80,80,80,70,70,70,64,64,64,70,70,70,982,2
70,70,70,70,70,70,70,70,70,80,80,80,22,2
70,70,70,70,70,70,64,64,64,70,70,70,509,2
70,70,70,80,80,80,70,70,70,76,76,76,559,2
70,70,70,70,70,70,74,74,74,70,70,70,85,1
80,80,80,70,70,70,76,76,76,70,70,70,196,1
70,70,70,70,70,70,70,70,70,74,74,74,283,2
70,70,70,60,60,60,70,70,70,64,64,64,927,1
70,70,70,60,60,60,70,70,70,60,60,60,826,1
70,70,70,80,80,80,70,70,70,70,70,70,556,2
70,70,70,70,70,70,62,62,62,70,70,70,211,2
70,70,70,70,70,70,70,70,70,80,80,80,649,2
70,70,70,70,70,70,62,62,62,70,70,70,145,2
70,70,70,70,70,70,70,70,70,72,72,72,777,2
60,60,60,70,70,70,68,68,68,70,70,70,764,2
70,70,70,70,70,70,70,70,70,64,64,64,443,1
70,70,70,70,70,70,70,70,70,80,80,80,88,2
70,70,70,70,70,70,70,70,70,80,80,80,550,2
70,70,70,70,70,70,70,70,70,70,70,70,380,2
80,80,80,70,70,70,74,74,74,70,70,70,525,1
70,70,70,70,70,70,66,66,66,70,70,70,510,2
80,80,80,70,70,70,60,60,60,70,70,70,617,2
70,70,70,80,80,80,70,70,70,60,60,60,914,1
70,70,70,70,70,70,70,70,70,70,70,70,182,2
70,70,70,70,70,70,70,70,70,76,76,76,977,2
60,60,60,70,70,70,70,70,70,70,70,70,402,1
70,70,70,70,70,70,70,70,70,76,76,76,713,2
60,60,60,70,70,70,76,76,76,70,70,70,834,1
70,70,70,70,70,70,60,60,60,70,70,70,639,2
80,80,80,70,70,70,62,62,62,70,70,70,618,2
70,70,70,80,80,80,70,70,70,80,80,80,990,2
60,60,60,70,70,70,80,80,80,70,70,70,407,1
70,70,70,70,70,70,70,70,70,70,70,70,809,2
70,70,70,70,70,70,70,70,70,60,60,60,12,1
60,60,60,70,70,70,68,68,68,70,70,70,731,2
70,70,70,70,70,70,60,60,60,70,70,70,804,2
60,60,60,70,70,70,72,72,72,70,70,70,469,1
70,70,70,70,70,70,64,64,64,70,70,70,311,2
70,70,70,80,80,80,70,70,70,76,76,76,592,2
80,80,80,70,70,70,66,66,66,70,70,70,752,2
80,80,80,70,70,70,60,60,60,70,70,70,188,2
70,70,70,70,70,70,64,64,64,70,70,70,47,2
60,60,60,70,70,70,70,70,70,70,70,70,435,1
60,60,60,70,70,70,78,78,78,70,70,70,208,1
70,70,70,70,70,70,70,70,70,80,80,80,385,2
70,70,70,70,70,70,76,76,76,70,70,70,878,1
70,70,70,80,80,80,70,70,70,64,64,64,817,1
80,80,80,70,70,70,66,66,66,70,70,70,290,2
70,70,70,60,60,60,70,70,70,64,64,64,498,1
70,70,70,70,70,70,76,76,76,70,70,70,53,1
70,70,70,60,60,60,70,70,70,72,72,72,172,2
70,70,70,70,70,70,72,72,72,70,70,70,579,1
70,70,70,70,70,70,70,70,70,80,80,80,616,2
60,60,60,70,70,70,60,60,60,70,70,70,265,2
70,70,70,70,70,70,72,72,72,70,70,70,546,1
70,70,70,70,70,70,70,70,70,70,70,70,842,2
80,80,80,70,70,70,64,64,64,70,70,70,421,2
70,70,70,80,80,80,70,70,70,74,74,74,987,2
70,70,70,70,70,70,70,70,70,70,70,70,17,1
70,70,70,70,70,70,70,70,70,76,76,76,350,2
70,70,70,70,70,70,60,60,60,70,70,70,309,2
70,70,70,60,60,60,70,70,70,74,74,74,107,2
70,70,70,80,80,80,70,70,70,78,78,78,593,2
70,70,70,80,80,80,70,70,70,78,78,78,230,2
70,70,70,80,80,80,70,70,70,66,66,66,917,1
70,70,70,70,70,70,70,70,70,70,70,70,578,1
60,60,60,70,70,70,80,80,80,70,70,70,473,1
60,60,60,70,70,70,64,64,64,70,70,70,102,2
70,70,70,70,70,70,70,70,70,62,62,62,838,1
60,60,60,70,70,70,80,80,80,70,70,70,506,1
70,70,70,80,80,80,70,70,70,62,62,62,321,1
70,70,70,60,60,60,70,70,70,78,78,78,901,2
80,80,80,70,70,70,72,72,72,70,70,70,359,1
70,70,70,70,70,70,70,70,70,74,74,74,976,2
60,60,60,70,70,70,72,72,72,70,70,70,7,1
60,60,60,70,70,70,60,60,60,70,70,70,397,2
70,70,70,60,60,60,70,70,70,80,80,80,77,2
80,80,80,70,70,70,68,68,68,70,70,70,324,2
70,70,70,70,70,70,70,70,70,74,74,74,316,2
70,70,70,80,80,80,70,70,70,78,78,78,890,2
80,80,80,70,70,70,66,66,66,70,70,70,851,2
70,70,70,80,80,80,70,70,70,74,74,74,426,2
