113,112,109,113,112,109,113,112,109,113,112,109,347,1
125,123,121,113,112,109,108,106,104,113,112,109,59,2
113,112,109,113,112,109,99,98,95,113,112,109,903,2
113,112,109,113,112,109,113,112,109,113,112,109,545,2
113,112,109,125,123,121,113,112,109,115,114,111,491,2
113,112,109,113,112,109,113,112,109,105,104,101,872,1
113,112,109,113,112,109,118,116,114,113,112,109,448,1
113,112,109,125,123,121,113,112,109,105,104,101,586,1
125,123,121,113,112,109,105,104,101,113,112,109,256,2
113,112,109,99,98,95,113,112,109,99,98,95,1,1
113,112,109,113,112,109,115,114,111,113,112,109,51,1
125,123,121,113,112,109,118,116,114,113,112,109,96,1
99,98,95,113,112,109,108,106,104,113,112,109,631,2
125,123,121,113,112,109,99,98,95,113,112,109,419,2
113,112,109,113,112,109,105,104,101,113,112,109,245,2
99,98,95,113,112,109,120,119,116,113,112,109,636,1
125,123,121,113,112,109,120,119,116,113,112,109,823,1
113,112,109,113,112,109,122,121,118,113,112,109,186,1
113,112,109,113,112,109,115,114,111,113,112,109,711,1
113,112,109,125,123,121,113,112,109,118,116,114,822,2
113,112,109,125,123,121,113,112,109,110,109,106,60,1
113,112,109,113,112,109,118,116,114,113,112,109,811,1
113,112,109,113,112,109,99,98,95,113,112,109,969,2
125,123,121,113,112,109,122,121,118,113,112,109,923,1
125,123,121,113,112,109,102,101,98,113,112,109,750,2
113,112,109,113,112,109,115,114,111,113,112,109,843,1
113,112,109,99,98,95,113,112,109,122,121,118,967,2
125,123,121,113,112,109,118,116,114,113,112,109,195,1
113,112,109,113,112,109,113,112,109,105,104,101,476,1
99,98,95,113,112,109,115,114,111,113,112,109,931,1
99,98,95,113,112,109,118,116,114,113,112,109,701,1
99,98,95,113,112,109,113,112,109,113,112,109,534,1
113,112,109,113,112,109,110,109,106,113,112,109,676,2
113,112,109,113,112,109,113,112,109,120,119,116,548,2
113,112,109,99,98,95,113,112,109,102,101,98,200,1
113,112,109,113,112,109,102,101,98,113,112,109,706,2
113,112,109,113,112,109,113,112,109,113,112,109,380,1
113,112,109,113,112,109,105,104,101,113,112,109,773,2
125,123,121,113,112,109,120,119,116,113,112,109,790,1
113,112,109,125,123,121,113,112,109,118,116,114,558,2
113,112,109,113,112,109,105,104,101,113,112,109,311,2
113,112,109,113,112,109,113,112,109,110,109,106,82,1
113,112,109,125,123,121,113,112,109,102,101,98,816,1
113,112,109,99,98,95,113,112,109,118,116,114,371,2
113,112,109,99,98,95,113,112,109,99,98,95,958,1
125,123,121,113,112,109,118,116,114,113,112,109,690,1
125,123,121,113,112,109,118,116,114,113,112,109,921,1
113,112,109,99,98,95,113,112,109,118,116,114,173,2
113,112,109,113,112,109,115,114,111,113,112,109,348,1
113,112,109,99,98,95,113,112,109,120,119,116,108,2
113,112,109,99,98,95,113,112,109,118,116,114,107,2
113,112,109,99,98,95,113,112,109,113,112,109,105,2
113,112,109,113,112,109,113,112,109,118,116,114,415,2
99,98,95,113,112,109,125,123,121,113,112,109,473,1
125,123,121,113,112,109,120,119,116,113,112,109,163,1
113,112,109,99,98,95,113,112,109,105,104,101,894,1
99,98,95,113,112,109,110,109,106,113,112,109,962,2
113,112,109,113,112,109,108,106,104,113,112,109,378,2
113,112,109,125,123,121,113,112,109,99,98,95,914,1
113,112,109,113,112,109,113,112,109,105,104,101,542,1
113,112,109,125,123,121,113,112,109,115,114,111,821,2
99,98,95,113,112,109,105,104,101,113,112,109,861,2
125,123,121,113,112,109,125,123,121,113,112,109,297,1
113,112,109,125,123,121,113,112,109,113,112,109,853,2
113,112,109,99,98,95,113,112,109,120,119,116,735,2
113,112,109,125,123,121,113,112,109,125,123,121,132,2
113,112,109,125,123,121,113,112,109,99,98,95,452,1
113,112,109,113,112,109,113,112,109,122,121,118,714,2
99,98,95,113,112,109,122,121,118,113,112,109,241,1
113,112,109,125,123,121,113,112,109,113,112,109,820,2
125,123,121,113,112,109,115,114,111,113,112,109,194,1
113,112,109,125,123,121,113,112,109,120,119,116,97,2
99,98,95,113,112,109,108,106,104,113,112,109,895,2
113,112,109,99,98,95,113,112,109,120,119,116,438,2
113,112,109,113,112,109,113,112,109,110,109,106,544,1
113,112,109,125,123,121,113,112,109,110,109,106,324,1
113,112,109,125,123,121,113,112,109,120,119,116,691,2
113,112,109,125,123,121,113,112,109,113,112,109,193,2
113,112,109,99,98,95,113,112,109,102,101,98,68,1
125,123,121,113,112,109,122,121,118,113,112,109,890,1
125,123,121,113,112,109,118,116,114,113,112,109,492,1
113,112,109,113,112,109,122,121,118,113,112,109,846,1
113,112,109,125,123,121,113,112,109,125,123,121,792,2
113,112,109,113,112,109,113,112,109,113,112,109,512,2
113,112,109,113,112,109,122,121,118,113,112,109,978,1
113,112,109,99,98,95,113,112,109,120,119,116,933,2
113,112,109,125,123,121,113,112,109,108,106,104,224,1
113,112,109,125,123,121,113,112,109,102,101,98,981,1
99,98,95,113,112,109,122,121,118,113,112,109,901,1
113,112,109,99,98,95,113,112,109,102,101,98,266,1
113,112,109,113,112,109,113,112,109,120,119,116,251,2
113,112,109,99,98,95,113,112,109,99,98,95,859,1
113,112,109,99,98,95,113,112,109,102,101,98,35,1
113,112,109,125,123,121,113,112,109,110,109,106,489,1
125,123,121,113,112,109,105,104,101,113,112,109,289,2
113,112,109,113,112,109,110,109,106,113,112,109,181,2
113,112,109,125,123,121,113,112,109,110,109,106,126,1
113,112,109,99,98,95,113,112,109,108,106,104,862,1
99,98,95,113,112,109,108,106,104,113,112,109,796,2
113,112,109,99,98,95,113,112,109,115,114,111,337,2
113,112,109,125,123,121,113,112,109,102,101,98,948,1
99,98,95,113,112,109,102,101,98,113,112,109,926,2
125,123,121,113,112,109,120,119,116,113,112,109,394,1
113,112,109,113,112,109,113,112,109,113,112,109,644,2
113,112,109,113,112,109,108,106,104,113,112,109,873,2
125,123,121,113,112,109,99,98,95,113,112,109,683,2
125,123,121,113,112,109,125,123,121,113,112,109,759,1
125,123,121,113,112,109,118,116,114,113,112,109,525,1
99,98,95,113,112,109,115,114,111,113,112,109,898,1
99,98,95,113,112,109,115,114,111,113,112,109,964,1
113,112,109,99,98,95,113,112,109,110,109,106,401,1
125,123,121,113,112,109,110,109,106,113,112,109,357,2
113,112,109,99,98,95,113,112,109,122,121,118,835,2
113,112,109,113,112,109,110,109,106,113,112,109,874,2
125,123,121,113,112,109,102,101,98,113,112,109,684,2
113,112,109,113,112,109,99,98,95,113,112,109,606,2
99,98,95,113,112,109,115,114,111,113,112,109,172,1
113,112,109,99,98,95,113,112,109,115,114,111,766,2
125,123,121,113,112,109,99,98,95,113,112,109,122,2
99,98,95,113,112,109,120,119,116,113,112,109,768,1
125,123,121,113,112,109,125,123,121,113,112,109,561,1
113,112,109,99,98,95,113,112,109,108,106,104,136,1
113,112,109,125,123,121,113,112,109,120,119,116,31,2
113,112,109,113,112,109,125,123,121,113,112,109,979,1
99,98,95,113,112,109,113,112,109,113,112,109,600,1
113,112,109,113,112,109,113,112,109,105,104,101,212,1
125,123,121,113,112,109,125,123,121,113,112,109,165,1
113,112,109,113,112,109,113,112,109,113,112,109,710,2
113,112,109,125,123,121,113,112,109,118,116,114,789,2
113,112,109,99,98,95,113,112,109,115,114,111,568,2
125,123,121,113,112,109,108,106,104,113,112,109,818,2
99,98,95,113,112,109,102,101,98,113,112,109,695,2
113,112,109,125,123,121,113,112,109,110,109,106,225,1
125,123,121,113,112,109,102,101,98,113,112,109,783,2
113,112,109,125,123,121,113,112,109,113,112,109,61,2
99,98,95,113,112,109,108,106,104,113,112,109,301,2
113,112,109,99,98,95,113,112,109,125,123,121,935,2
113,112,109,113,112,109,113,112,109,113,112,109,17,2
99,98,95,113,112,109,110,109,106,113,112,109,632,2
113,112,109,113,112,109,113,112,109,105,104,101,674,1
99,98,95,113,112,109,108,106,104,113,112,109,466,2
113,112,109,113,112,109,113,112,109,125,123,121,286,2
113,112,109,125,123,121,113,112,109,108,106,104,587,1
125,123,121,113,112,109,120,119,116,113,112,109,328,1
113,112,109,113,112,109,122,121,118,113,112,109,780,1
113,112,109,125,123,121,113,112,109,113,112,109,259,2
113,112,109,113,112,109,113,112,109,115,114,111,579,2
113,112,109,99,98,95,113,112,109,120,119,116,306,2
113,112,109,113,112,109,99,98,95,113,112,109,375,2
113,112,109,125,123,121,113,112,109,120,119,116,526,2
113,112,109,113,112,109,113,112,109,99,98,95,804,1
99,98,95,113,112,109,122,121,118,113,112,109,670,1
125,123,121,113,112,109,120,119,116,113,112,109,229,1
113,112,109,113,112,109,118,116,114,113,112,109,745,1
125,123,121,113,112,109,120,119,116,113,112,109,658,1
113,112,109,113,112,109,113,112,109,102,101,98,838,1
125,123,121,113,112,109,110,109,106,113,112,109,192,2
113,112,109,125,123,121,113,112,109,102,101,98,255,1
113,112,109,125,123,121,113,112,109,122,121,118,296,2
99,98,95,113,112,109,125,123,121,113,112,109,803,1
113,112,109,125,123,121,113,112,109,113,112,109,523,2
113,112,109,99,98,95,113,112,109,113,112,109,171,2
113,112,109,113,112,109,113,112,109,99,98,95,738,1
113,112,109,113,112,109,113,112,109,113,112,109,941,2
113,112,109,113,112,109,102,101,98,113,112,109,112,2
113,112,109,113,112,109,113,112,109,125,123,121,154,2
113,112,109,99,98,95,113,112,109,125,123,121,572,2
113,112,109,113,112,109,122,121,118,113,112,109,747,1
99,98,95,113,112,109,115,114,111,113,112,109,73,1
113,112,109,99,98,95,113,112,109,125,123,121,506,2
125,123,121,113,112,109,115,114,111,113,112,109,656,1
113,112,109,125,123,121,113,112,109,108,106,104,488,1
113,112,109,113,112,109,113,112,109,115,114,111,414,2
113,112,109,113,112,109,115,114,111,113,112,109,744,1
125,123,121,113,112,109,99,98,95,113,112,109,551,2
113,112,109,99,98,95,113,112,109,108,106,104,499,1
113,112,109,99,98,95,113,112,109,102,101,98,167,1
113,112,109,99,98,95,113,112,109,118,116,114,140,2
125,123,121,113,112,109,102,101,98,113,112,109,420,2
113,112,109,113,112,109,122,121,118,113,112,109,417,1
113,112,109,113,112,109,115,114,111,113,112,109,216,1
125,123,121,113,112,109,122,121,118,113,112,109,659,1
99,98,95,113,112,109,115,114,111,113,112,109,436,1
113,112,109,99,98,95,113,112,109,125,123,121,770,2
113,112,109,99,98,95,113,112,109,99,98,95,925,1
113,112,109,125,123,121,113,112,109,102,101,98,486,1
113,112,109,113,112,109,125,123,121,113,112,109,55,1
125,123,121,113,112,109,120,119,116,113,112,109,64,1
125,123,121,113,112,109,115,114,111,113,112,109,359,1
113,112,109,125,123,121,113,112,109,108,106,104,356,1
113,112,109,113,112,109,118,116,114,113,112,109,382,1
113,112,109,99,98,95,113,112,109,122,121,118,43,2
113,112,109,113,112,109,113,112,109,113,112,109,974,1
113,112,109,113,112,109,118,116,114,113,112,109,547,1
113,112,109,125,123,121,113,112,109,102,101,98,354,1
113,112,109,99,98,95,113,112,109,120,119,116,801,2
99,98,95,113,112,109,105,104,101,113,112,109,102,2
113,112,109,99,98,95,113,112,109,108,106,104,268,1
125,123,121,113,112,109,122,121,118,113,112,109,131,1
113,112,109,99,98,95,113,112,109,99,98,95,430,1
113,112,109,125,123,121,113,112,109,113,112,109,325,2
125,123,121,113,112,109,125,123,121,113,112,109,528,1
99,98,95,113,112,109,99,98,95,113,112,109,562,2
125,123,121,113,112,109,118,116,114,113,112,109,426,1
99,98,95,113,112,109,108,106,104,113,112,109,70,2
125,123,121,113,112,109,110,109,106,113,112,109,753,2
113,112,109,113,112,109,125,123,121,113,112,109,748,1
113,112,109,113,112,109,113,112,109,113,112,109,413,2
125,123,121,113,112,109,105,104,101,113,112,109,520,2
113,112,109,113,112,109,113,112,109,115,114,111,777,2
113,112,109,99,98,95,113,112,109,118,116,114,206,2
113,112,109,113,112,109,113,112,109,105,104,101,377,1
113,112,109,99,98,95,113,112,109,115,114,111,238,2
113,112,109,99,98,95,113,112,109,105,104,101,399,1
113,112,109,113,112,109,113,112,109,122,121,118,813,2
99,98,95,113,112,109,115,114,111,113,112,109,733,1
113,112,109,113,112,109,113,112,109,102,101,98,937,1
113,112,109,125,123,121,113,112,109,108,106,104,785,1
113,112,109,113,112,109,113,112,109,99,98,95,837,1
125,123,121,113,112,109,118,116,114,113,112,109,756,1
99,98,95,113,112,109,122,121,118,113,112,109,10,1
125,123,121,113,112,109,110,109,106,113,112,109,621,2
99,98,95,113,112,109,113,112,109,113,112,109,699,1
113,112,109,113,112,109,125,123,121,113,112,109,187,1
113,112,109,99,98,95,113,112,109,105,104,101,333,1
125,123,121,113,112,109,125,123,121,113,112,109,627,1
113,112,109,113,112,109,99,98,95,113,112,109,474,2
99,98,95,113,112,109,122,121,118,113,112,109,340,1
113,112,109,113,112,109,113,112,109,102,101,98,475,1
113,112,109,113,112,109,113,112,109,108,106,104,213,1
113,112,109,113,112,109,120,119,116,113,112,109,317,1
113,112,109,99,98,95,113,112,109,102,101,98,629,1
113,112,109,125,123,121,113,112,109,120,119,116,592,2
99,98,95,113,112,109,102,101,98,113,112,109,530,2
113,112,109,113,112,109,115,114,111,113,112,109,447,1
99,98,95,113,112,109,122,121,118,113,112,109,142,1
113,112,109,113,112,109,113,112,109,108,106,104,510,1
113,112,109,113,112,109,113,112,109,118,116,114,250,2
113,112,109,125,123,121,113,112,109,99,98,95,749,1
113,112,109,113,112,109,122,121,118,113,112,109,21,1
113,112,109,125,123,121,113,112,109,122,121,118,65,2
125,123,121,113,112,109,110,109,106,113,112,109,654,2
113,112,109,125,123,121,113,112,109,122,121,118,197,2
113,112,109,113,112,109,113,112,109,125,123,121,814,2
125,123,121,113,112,109,105,104,101,113,112,109,619,2
125,123,121,113,112,109,105,104,101,113,112,109,652,2
125,123,121,113,112,109,125,123,121,113,112,109,825,1
113,112,109,125,123,121,113,112,109,102,101,98,90,1
125,123,121,113,112,109,120,119,116,113,112,109,262,1
99,98,95,113,112,109,108,106,104,113,112,109,664,2
99,98,95,113,112,109,110,109,106,113,112,109,896,2
113,112,109,113,112,109,120,119,116,113,112,109,647,1
125,123,121,113,112,109,99,98,95,113,112,109,188,2
113,112,109,113,112,109,113,112,109,122,121,118,87,2
113,112,109,99,98,95,113,112,109,99,98,95,463,1
113,112,109,99,98,95,113,112,109,113,112,109,138,2
125,123,121,113,112,109,120,119,116,113,112,109,757,1
113,112,109,125,123,121,113,112,109,102,101,98,57,1
113,112,109,113,112,109,113,112,109,108,106,104,543,1
113,112,109,99,98,95,113,112,109,122,121,118,505,2
99,98,95,113,112,109,110,109,106,113,112,109,335,2
113,112,109,125,123,121,113,112,109,113,112,109,127,2
113,112,109,113,112,109,99,98,95,113,112,109,78,2
113,112,109,99,98,95,113,112,109,102,101,98,431,1
99,98,95,113,112,109,120,119,116,113,112,109,42,1
113,112,109,113,112,109,102,101,98,113,112,109,574,2
113,112,109,113,112,109,113,112,109,120,119,116,581,2
113,112,109,99,98,95,113,112,109,122,121,118,604,2
113,112,109,125,123,121,113,112,109,105,104,101,421,1
113,112,109,113,112,109,113,112,109,120,119,116,449,2
113,112,109,125,123,121,113,112,109,108,106,104,26,1
125,123,121,113,112,109,108,106,104,113,112,109,125,2
113,112,109,113,112,109,113,112,109,108,106,104,576,1
113,112,109,113,112,109,113,112,109,120,119,116,218,2
113,112,109,113,112,109,110,109,106,113,112,109,412,2
99,98,95,113,112,109,113,112,109,113,112,109,369,1
113,112,109,113,112,109,113,112,109,108,106,104,444,1
125,123,121,113,112,109,108,106,104,113,112,109,422,2
99,98,95,113,112,109,102,101,98,113,112,109,299,2
99,98,95,113,112,109,125,123,121,113,112,109,671,1
113,112,109,113,112,109,113,112,109,120,119,116,779,2
113,112,109,113,112,109,113,112,109,105,104,101,146,1
113,112,109,113,112,109,105,104,101,113,112,109,47,2
113,112,109,125,123,121,113,112,109,120,119,116,559,2
113,112,109,125,123,121,113,112,109,102,101,98,717,1
113,112,109,99,98,95,113,112,109,99,98,95,397,1
113,112,109,99,98,95,113,112,109,99,98,95,496,1
113,112,109,113,112,109,115,114,111,113,112,109,876,1
113,112,109,99,98,95,113,112,109,110,109,106,38,1
113,112,109,99,98,95,113,112,109,110,109,106,5,1
113,112,109,113,112,109,113,112,109,115,114,111,909,2
113,112,109,113,112,109,113,112,109,125,123,121,253,2
113,112,109,125,123,121,113,112,109,115,114,111,293,2
99,98,95,113,112,109,110,109,106,113,112,109,137,2
99,98,95,113,112,109,99,98,95,113,112,109,166,2
113,112,109,113,112,109,118,116,114,113,112,109,85,1
125,123,121,113,112,109,105,104,101,113,112,109,58,2
113,112,109,99,98,95,113,112,109,118,116,114,437,2
99,98,95,113,112,109,118,116,114,113,112,109,965,1
113,112,109,113,112,109,118,116,114,113,112,109,712,1
125,123,121,113,112,109,122,121,118,113,112,109,164,1
113,112,109,113,112,109,113,112,109,102,101,98,541,1
99,98,95,113,112,109,99,98,95,113,112,109,694,2
113,112,109,113,112,109,113,112,109,122,121,118,615,2
113,112,109,99,98,95,113,112,109,118,116,114,635,2
99,98,95,113,112,109,110,109,106,113,112,109,566,2
113,112,109,125,123,121,113,112,109,105,104,101,751,1
99,98,95,113,112,109,115,114,111,113,112,109,205,1
113,112,109,113,112,109,113,112,109,99,98,95,12,1
113,112,109,113,112,109,125,123,121,113,112,109,649,1
113,112,109,125,123,121,113,112,109,115,114,111,953,2
113,112,109,113,112,109,105,104,101,113,112,109,608,2
113,112,109,113,112,109,105,104,101,113,112,109,707,2
125,123,121,113,112,109,125,123,121,113,112,109,264,1
113,112,109,99,98,95,113,112,109,113,112,109,666,2
113,112,109,99,98,95,113,112,109,125,123,121,275,2
99,98,95,113,112,109,122,121,118,113,112,109,175,1
99,98,95,113,112,109,118,116,114,113,112,109,602,1
125,123,121,113,112,109,108,106,104,113,112,109,554,2
113,112,109,99,98,95,113,112,109,118,116,114,74,2
113,112,109,125,123,121,113,112,109,118,116,114,459,2
113,112,109,113,112,109,113,112,109,113,112,109,281,2
125,123,121,113,112,109,115,114,111,113,112,109,227,1
125,123,121,113,112,109,120,119,116,113,112,109,955,1
113,112,109,125,123,121,113,112,109,115,114,111,161,2
113,112,109,99,98,95,113,112,109,115,114,111,832,2
113,112,109,113,112,109,113,112,109,99,98,95,771,1
125,123,121,113,112,109,113,112,109,113,112,109,490,1
125,123,121,113,112,109,113,112,109,113,112,109,754,1
99,98,95,113,112,109,120,119,116,113,112,109,207,1
113,112,109,99,98,95,113,112,109,113,112,109,732,2
113,112,109,99,98,95,113,112,109,102,101,98,101,1
113,112,109,113,112,109,122,121,118,113,112,109,582,1
113,112,109,113,112,109,113,112,109,110,109,106,643,1
113,112,109,113,112,109,115,114,111,113,112,109,249,1
113,112,109,113,112,109,113,112,109,122,121,118,153,2
113,112,109,99,98,95,113,112,109,115,114,111,667,2
113,112,109,99,98,95,113,112,109,110,109,106,797,1
99,98,95,113,112,109,125,123,121,113,112,109,242,1
113,112,109,125,123,121,113,112,109,122,121,118,98,2
113,112,109,113,112,109,118,116,114,113,112,109,151,1
99,98,95,113,112,109,113,112,109,113,112,109,39,1
125,123,121,113,112,109,113,112,109,113,112,109,787,1
113,112,109,113,112,109,102,101,98,113,112,109,376,2
113,112,109,99,98,95,113,112,109,102,101,98,134,1
113,112,109,113,112,109,110,109,106,113,112,109,148,2
99,98,95,113,112,109,110,109,106,113,112,109,368,2
113,112,109,113,112,109,108,106,104,113,112,109,906,2
113,112,109,113,112,109,113,112,109,99,98,95,540,1
113,112,109,99,98,95,113,112,109,122,121,118,307,2
99,98,95,113,112,109,105,104,101,113,112,109,465,2
113,112,109,113,112,109,113,112,109,108,106,104,609,1
125,123,121,113,112,109,108,106,104,113,112,109,752,2
99,98,95,113,112,109,115,114,111,113,112,109,370,1
113,112,109,113,112,109,113,112,109,118,116,114,844,2
113,112,109,113,112,109,110,109,106,113,112,109,808,2
113,112,109,99,98,95,113,112,109,108,106,104,4,1
99,98,95,113,112,109,113,112,109,113,112,109,765,1
99,98,95,113,112,109,102,101,98,113,112,109,563,2
113,112,109,125,123,121,113,112,109,125,123,121,891,2
113,112,109,113,112,109,99,98,95,113,112,109,210,2
113,112,109,113,112,109,113,112,109,115,114,111,480,2
113,112,109,125,123,121,113,112,109,102,101,98,618,1
99,98,95,113,112,109,118,116,114,113,112,109,239,1
125,123,121,113,112,109,110,109,106,113,112,109,390,2
113,112,109,125,123,121,113,112,109,118,116,114,360,2
113,112,109,113,112,109,108,106,104,113,112,109,807,2
99,98,95,113,112,109,120,119,116,113,112,109,900,1
113,112,109,113,112,109,113,112,109,118,116,114,778,2
99,98,95,113,112,109,118,116,114,113,112,109,41,1
113,112,109,113,112,109,105,104,101,113,112,109,509,2
113,112,109,125,123,121,113,112,109,118,116,114,987,2
113,112,109,125,123,121,113,112,109,125,123,121,858,2
125,123,121,113,112,109,99,98,95,113,112,109,881,2
113,112,109,99,98,95,113,112,109,102,101,98,497,1
125,123,121,113,112,109,113,112,109,113,112,109,160,1
113,112,109,99,98,95,113,112,109,120,119,116,669,2
125,123,121,113,112,109,102,101,98,113,112,109,849,2
113,112,109,113,112,109,113,112,109,113,112,109,908,1
113,112,109,113,112,109,113,112,109,110,109,106,379,1
113,112,109,113,112,109,113,112,109,105,104,101,938,1
125,123,121,113,112,109,105,104,101,113,112,109,124,2
113,112,109,125,123,121,113,112,109,99,98,95,353,1
113,112,109,113,112,109,113,112,109,113,112,109,743,1
99,98,95,113,112,109,120,119,116,113,112,109,240,1
99,98,95,113,112,109,115,114,111,113,112,109,799,1
113,112,109,113,112,109,115,114,111,113,112,109,282,1
113,112,109,113,112,109,113,112,109,125,123,121,781,2
125,123,121,113,112,109,110,109,106,113,112,109,852,2
113,112,109,113,112,109,113,112,109,125,123,121,385,2
113,112,109,99,98,95,113,112,109,102,101,98,761,1
113,112,109,125,123,121,113,112,109,125,123,121,924,2
113,112,109,99,98,95,113,112,109,110,109,106,764,1
113,112,109,99,98,95,113,112,109,118,116,114,305,2
125,123,121,113,112,109,122,121,118,113,112,109,32,1
125,123,121,113,112,109,99,98,95,113,112,109,221,2
113,112,109,99,98,95,113,112,109,105,104,101,366,1
113,112,109,113,112,109,108,106,104,113,112,109,345,2
113,112,109,99,98,95,113,112,109,99,98,95,199,1
113,112,109,113,112,109,113,112,109,115,114,111,678,2
99,98,95,113,112,109,99,98,95,113,112,109,628,2
113,112,109,113,112,109,113,112,109,102,101,98,46,1
99,98,95,113,112,109,115,114,111,113,112,109,40,1
113,112,109,113,112,109,110,109,106,113,112,109,940,2
113,112,109,113,112,109,113,112,109,120,119,116,416,2
99,98,95,113,112,109,125,123,121,113,112,109,44,1
113,112,109,99,98,95,113,112,109,118,116,114,338,2
113,112,109,113,112,109,120,119,116,113,112,109,383,1
113,112,109,99,98,95,113,112,109,115,114,111,271,2
113,112,109,99,98,95,113,112,109,115,114,111,7,2
113,112,109,113,112,109,113,112,109,113,112,109,446,2
99,98,95,113,112,109,105,104,101,113,112,109,168,2
99,98,95,113,112,109,113,112,109,113,112,109,831,1
113,112,109,125,123,121,113,112,109,113,112,109,424,2
113,112,109,113,112,109,125,123,121,113,112,109,220,1
99,98,95,113,112,109,102,101,98,113,112,109,728,2
113,112,109,113,112,109,108,106,104,113,112,109,15,2
125,123,121,113,112,109,122,121,118,113,112,109,494,1
113,112,109,125,123,121,113,112,109,110,109,106,258,1
99,98,95,113,112,109,110,109,106,113,112,109,302,2
113,112,109,99,98,95,113,112,109,99,98,95,67,1
113,112,109,125,123,121,113,112,109,102,101,98,519,1
113,112,109,99,98,95,113,112,109,122,121,118,373,2
113,112,109,113,112,109,113,112,109,113,112,109,809,1
125,123,121,113,112,109,122,121,118,113,112,109,989,1
113,112,109,125,123,121,113,112,109,113,112,109,556,2
99,98,95,113,112,109,125,123,121,113,112,109,836,1
113,112,109,99,98,95,113,112,109,108,106,104,334,1
99,98,95,113,112,109,118,116,114,113,112,109,470,1
113,112,109,113,112,109,108,106,104,113,112,109,972,2
125,123,121,113,112,109,105,104,101,113,112,109,553,2
113,112,109,113,112,109,120,119,116,113,112,109,20,1
113,112,109,125,123,121,113,112,109,125,123,121,660,2
113,112,109,99,98,95,113,112,109,108,106,104,730,1
113,112,109,99,98,95,113,112,109,105,104,101,234,1
113,112,109,125,123,121,113,112,109,125,123,121,693,2
113,112,109,113,112,109,113,112,109,99,98,95,441,1
113,112,109,125,123,121,113,112,109,99,98,95,584,1
113,112,109,99,98,95,113,112,109,120,119,116,372,2
113,112,109,125,123,121,113,112,109,102,101,98,222,1
99,98,95,113,112,109,120,119,116,113,112,109,75,1
113,112,109,125,123,121,113,112,109,105,104,101,982,1
113,112,109,113,112,109,113,112,109,102,101,98,79,1
113,112,109,125,123,121,113,112,109,118,116,114,954,2
113,112,109,113,112,109,125,123,121,113,112,109,880,1
113,112,109,125,123,121,113,112,109,118,116,114,129,2
113,112,109,99,98,95,113,112,109,122,121,118,109,2
99,98,95,113,112,109,102,101,98,113,112,109,2,2
113,112,109,125,123,121,113,112,109,108,106,104,851,1
125,123,121,113,112,109,99,98,95,113,112,109,386,2
113,112,109,113,112,109,118,116,114,113,112,109,943,1
113,112,109,113,112,109,113,112,109,122,121,118,252,2
99,98,95,113,112,109,102,101,98,113,112,109,893,2
113,112,109,125,123,121,113,112,109,120,119,116,889,2
113,112,109,113,112,109,113,112,109,115,114,111,645,2
113,112,109,113,112,109,113,112,109,102,101,98,211,1
125,123,121,113,112,109,110,109,106,113,112,109,819,2
113,112,109,113,112,109,115,114,111,113,112,109,18,1
113,112,109,113,112,109,125,123,121,113,112,109,616,1
99,98,95,113,112,109,120,119,116,113,112,109,339,1
113,112,109,125,123,121,113,112,109,99,98,95,89,1
113,112,109,125,123,121,113,112,109,105,104,101,25,1
113,112,109,113,112,109,120,119,116,113,112,109,152,1
113,112,109,125,123,121,113,112,109,120,119,116,493,2
113,112,109,113,112,109,110,109,106,113,112,109,16,2
113,112,109,113,112,109,113,112,109,120,119,116,515,2
99,98,95,113,112,109,102,101,98,113,112,109,365,2
113,112,109,99,98,95,113,112,109,99,98,95,661,1
113,112,109,113,112,109,120,119,116,113,112,109,713,1
99,98,95,113,112,109,118,116,114,113,112,109,899,1
113,112,109,113,112,109,125,123,121,113,112,109,319,1
125,123,121,113,112,109,105,104,101,113,112,109,355,2
125,123,121,113,112,109,102,101,98,113,112,109,585,2
125,123,121,113,112,109,118,116,114,113,112,109,591,1
113,112,109,113,112,109,113,112,109,120,119,116,746,2
113,112,109,99,98,95,113,112,109,125,123,121,176,2
113,112,109,113,112,109,113,112,109,125,123,121,451,2
125,123,121,113,112,109,113,112,109,113,112,109,886,1
113,112,109,99,98,95,113,112,109,125,123,121,902,2
113,112,109,125,123,121,113,112,109,105,104,101,916,1
113,112,109,125,123,121,113,112,109,108,106,104,950,1
99,98,95,113,112,109,108,106,104,113,112,109,367,2
99,98,95,113,112,109,118,116,114,113,112,109,8,1
125,123,121,113,112,109,115,114,111,113,112,109,326,1
113,112,109,113,112,109,115,114,111,113,112,109,381,1
113,112,109,125,123,121,113,112,109,110,109,106,918,1
99,98,95,113,112,109,120,119,116,113,112,109,9,1
113,112,109,113,112,109,99,98,95,113,112,109,507,2
99,98,95,113,112,109,108,106,104,113,112,109,829,2
113,112,109,113,112,109,102,101,98,113,112,109,508,2
113,112,109,113,112,109,122,121,118,113,112,109,516,1
113,112,109,99,98,95,113,112,109,122,121,118,868,2
113,112,109,125,123,121,113,112,109,118,116,114,162,2
99,98,95,113,112,109,125,123,121,113,112,109,407,1
113,112,109,113,112,109,113,112,109,115,114,111,810,2
113,112,109,113,112,109,113,112,109,102,101,98,343,1
113,112,109,125,123,121,113,112,109,99,98,95,485,1
125,123,121,113,112,109,122,121,118,113,112,109,560,1
113,112,109,113,112,109,102,101,98,113,112,109,640,2
113,112,109,125,123,121,113,112,109,113,112,109,457,2
113,112,109,99,98,95,113,112,109,105,104,101,498,1
113,112,109,113,112,109,122,121,118,113,112,109,450,1
99,98,95,113,112,109,105,104,101,113,112,109,267,2
125,123,121,113,112,109,102,101,98,113,112,109,321,2
113,112,109,113,112,109,113,112,109,105,104,101,344,1
113,112,109,125,123,121,113,112,109,102,101,98,387,1
113,112,109,113,112,109,113,112,109,118,116,114,184,2
113,112,109,125,123,121,113,112,109,105,104,101,949,1
125,123,121,113,112,109,115,114,111,113,112,109,128,1
99,98,95,113,112,109,105,104,101,113,112,109,828,2
99,98,95,113,112,109,113,112,109,113,112,109,336,1
113,112,109,99,98,95,113,112,109,120,119,116,867,2
113,112,109,113,112,109,113,112,109,113,112,109,182,1
113,112,109,99,98,95,113,112,109,105,104,101,597,1
113,112,109,99,98,95,113,112,109,113,112,109,864,2
125,123,121,113,112,109,115,114,111,113,112,109,722,1
113,112,109,99,98,95,113,112,109,122,121,118,208,2
113,112,109,113,112,109,118,116,114,113,112,109,217,1
113,112,109,113,112,109,113,112,109,120,119,116,845,2
99,98,95,113,112,109,110,109,106,113,112,109,236,2
125,123,121,113,112,109,108,106,104,113,112,109,257,2
125,123,121,113,112,109,118,116,114,113,112,109,393,1
113,112,109,125,123,121,113,112,109,125,123,121,363,2
113,112,109,125,123,121,113,112,109,102,101,98,189,1
125,123,121,113,112,109,110,109,106,113,112,109,951,2
113,112,109,99,98,95,113,112,109,118,116,114,404,2
113,112,109,99,98,95,113,112,109,125,123,121,341,2
99,98,95,113,112,109,120,119,116,113,112,109,405,1
113,112,109,113,112,109,113,112,109,99,98,95,45,1
113,112,109,113,112,109,125,123,121,113,112,109,418,1
113,112,109,125,123,121,113,112,109,113,112,109,589,2
99,98,95,113,112,109,113,112,109,113,112,109,897,1
125,123,121,113,112,109,125,123,121,113,112,109,396,1
125,123,121,113,112,109,99,98,95,113,112,109,56,2
99,98,95,113,112,109,108,106,104,113,112,109,598,2
113,112,109,113,112,109,113,112,109,118,116,114,679,2
99,98,95,113,112,109,105,104,101,113,112,109,762,2
113,112,109,113,112,109,110,109,106,113,112,109,907,2
113,112,109,125,123,121,113,112,109,110,109,106,588,1
99,98,95,113,112,109,108,106,104,113,112,109,565,2
125,123,121,113,112,109,99,98,95,113,112,109,650,2
99,98,95,113,112,109,118,116,114,113,112,109,767,1
113,112,109,99,98,95,113,112,109,113,112,109,303,2
113,112,109,125,123,121,113,112,109,115,114,111,986,2
99,98,95,113,112,109,105,104,101,113,112,109,432,2
113,112,109,125,123,121,113,112,109,118,116,114,855,2
113,112,109,113,112,109,113,112,109,118,116,114,52,2
113,112,109,113,112,109,108,106,104,113,112,109,246,2
113,112,109,99,98,95,113,112,109,120,119,116,702,2
113,112,109,99,98,95,113,112,109,115,114,111,535,2
113,112,109,113,112,109,113,112,109,113,112,109,842,1
125,123,121,113,112,109,99,98,95,113,112,109,617,2
113,112,109,125,123,121,113,112,109,118,116,114,228,2
113,112,109,125,123,121,113,112,109,113,112,109,721,2
113,112,109,113,112,109,125,123,121,113,112,109,484,1
113,112,109,113,112,109,113,112,109,122,121,118,681,2
99,98,95,113,112,109,110,109,106,113,112,109,104,2
99,98,95,113,112,109,102,101,98,113,112,109,596,2
125,123,121,113,112,109,125,123,121,113,112,109,330,1
125,123,121,113,112,109,122,121,118,113,112,109,956,1
113,112,109,113,112,109,113,112,109,99,98,95,672,1
113,112,109,125,123,121,113,112,109,113,112,109,655,2
113,112,109,99,98,95,113,112,109,113,112,109,633,2
99,98,95,113,112,109,125,123,121,113,112,109,11,1
113,112,109,113,112,109,113,112,109,99,98,95,144,1
125,123,121,113,112,109,125,123,121,113,112,109,198,1
113,112,109,99,98,95,113,112,109,118,116,114,503,2
113,112,109,125,123,121,113,112,109,122,121,118,593,2
113,112,109,125,123,121,113,112,109,115,114,111,392,2
125,123,121,113,112,109,122,121,118,113,112,109,362,1
113,112,109,99,98,95,113,112,109,102,101,98,959,1
99,98,95,113,112,109,102,101,98,113,112,109,827,2
113,112,109,125,123,121,113,112,109,105,104,101,454,1
99,98,95,113,112,109,120,119,116,113,112,109,834,1
113,112,109,113,112,109,113,112,109,102,101,98,409,1
113,112,109,113,112,109,113,112,109,113,112,109,776,2
113,112,109,113,112,109,110,109,106,113,112,109,346,2
99,98,95,113,112,109,99,98,95,113,112,109,133,2
113,112,109,113,112,109,102,101,98,113,112,109,277,2
125,123,121,113,112,109,102,101,98,113,112,109,882,2
113,112,109,113,112,109,113,112,109,105,104,101,179,1
113,112,109,113,112,109,118,116,114,113,112,109,877,1
113,112,109,125,123,121,113,112,109,113,112,109,952,2
125,123,121,113,112,109,99,98,95,113,112,109,287,2
99,98,95,113,112,109,125,123,121,113,112,109,110,1
99,98,95,113,112,109,113,112,109,113,112,109,798,1
113,112,109,125,123,121,113,112,109,120,119,116,856,2
113,112,109,125,123,121,113,112,109,120,119,116,625,2
113,112,109,113,112,109,105,104,101,113,112,109,80,2
113,112,109,125,123,121,113,112,109,110,109,106,291,1
99,98,95,113,112,109,118,116,114,113,112,109,569,1
113,112,109,113,112,109,122,121,118,113,112,109,318,1
99,98,95,113,112,109,115,114,111,113,112,109,139,1
113,112,109,113,112,109,113,112,109,120,119,116,350,2
113,112,109,99,98,95,113,112,109,125,123,121,374,2
113,112,109,99,98,95,113,112,109,125,123,121,704,2
113,112,109,113,112,109,113,112,109,108,106,104,147,1
113,112,109,99,98,95,113,112,109,113,112,109,237,2
113,112,109,113,112,109,113,112,109,110,109,106,841,1
99,98,95,113,112,109,118,116,114,113,112,109,734,1
99,98,95,113,112,109,99,98,95,113,112,109,232,2
113,112,109,125,123,121,113,112,109,118,116,114,294,2
113,112,109,125,123,121,113,112,109,125,123,121,231,2
125,123,121,113,112,109,120,119,116,113,112,109,295,1
125,123,121,113,112,109,113,112,109,113,112,109,985,1
113,112,109,125,123,121,113,112,109,122,121,118,626,2
113,112,109,99,98,95,113,112,109,108,106,104,532,1
113,112,109,99,98,95,113,112,109,110,109,106,599,1
125,123,121,113,112,109,122,121,118,113,112,109,230,1
99,98,95,113,112,109,108,106,104,113,112,109,37,2
113,112,109,113,112,109,113,112,109,113,112,109,578,2
113,112,109,113,112,109,113,112,109,102,101,98,970,1
113,112,109,113,112,109,113,112,109,108,106,104,279,1
113,112,109,113,112,109,115,114,111,113,112,109,117,1
113,112,109,125,123,121,113,112,109,110,109,106,93,1
113,112,109,99,98,95,113,112,109,102,101,98,464,1
113,112,109,99,98,95,113,112,109,113,112,109,501,2
113,112,109,113,112,109,118,116,114,113,112,109,976,1
113,112,109,125,123,121,113,112,109,120,119,116,460,2
113,112,109,125,123,121,113,112,109,113,112,109,391,2
113,112,109,125,123,121,113,112,109,120,119,116,427,2
113,112,109,125,123,121,113,112,109,120,119,116,988,2
125,123,121,113,112,109,115,114,111,113,112,109,920,1
113,112,109,99,98,95,113,112,109,122,121,118,703,2
113,112,109,113,112,109,102,101,98,113,112,109,904,2
125,123,121,113,112,109,108,106,104,113,112,109,653,2
113,112,109,113,112,109,113,112,109,99,98,95,177,1
113,112,109,99,98,95,113,112,109,110,109,106,698,1
113,112,109,125,123,121,113,112,109,113,112,109,292,2
113,112,109,113,112,109,113,112,109,122,121,118,549,2
99,98,95,113,112,109,113,112,109,113,112,109,6,1
113,112,109,113,112,109,105,104,101,113,112,109,641,2
125,123,121,113,112,109,105,104,101,113,112,109,850,2
99,98,95,113,112,109,115,114,111,113,112,109,865,1
113,112,109,113,112,109,113,112,109,108,106,104,939,1
113,112,109,99,98,95,113,112,109,122,121,118,769,2
125,123,121,113,112,109,105,104,101,113,112,109,487,2
113,112,109,99,98,95,113,112,109,105,104,101,300,1
125,123,121,113,112,109,105,104,101,113,112,109,388,2
113,112,109,113,112,109,113,112,109,113,112,109,215,2
99,98,95,113,112,109,102,101,98,113,112,109,662,2
113,112,109,113,112,109,113,112,109,115,114,111,315,2
99,98,95,113,112,109,113,112,109,113,112,109,204,1
99,98,95,113,112,109,120,119,116,113,112,109,570,1
113,112,109,113,112,109,99,98,95,113,112,109,309,2
113,112,109,125,123,121,113,112,109,108,106,104,686,1
125,123,121,113,112,109,115,114,111,113,112,109,788,1
113,112,109,99,98,95,113,112,109,105,104,101,663,1
99,98,95,113,112,109,105,104,101,113,112,109,201,2
99,98,95,113,112,109,105,104,101,113,112,109,795,2
99,98,95,113,112,109,110,109,106,113,112,109,830,2
113,112,109,113,112,109,108,106,104,113,112,109,642,2
125,123,121,113,112,109,108,106,104,113,112,109,521,2
113,112,109,113,112,109,113,112,109,110,109,106,775,1
113,112,109,125,123,121,113,112,109,99,98,95,947,1
113,112,109,99,98,95,113,112,109,113,112,109,270,2
113,112,109,113,112,109,105,104,101,113,112,109,806,2
113,112,109,113,112,109,113,112,109,105,104,101,278,1
113,112,109,99,98,95,113,112,109,105,104,101,960,1
125,123,121,113,112,109,108,106,104,113,112,109,620,2
113,112,109,113,112,109,113,112,109,118,116,114,19,2
113,112,109,113,112,109,113,112,109,99,98,95,870,1
113,112,109,113,112,109,113,112,109,110,109,106,445,1
113,112,109,125,123,121,113,112,109,125,123,121,66,2
113,112,109,113,112,109,113,112,109,125,123,121,583,2
113,112,109,113,112,109,115,114,111,113,112,109,150,1
113,112,109,99,98,95,113,112,109,125,123,121,440,2
125,123,121,113,112,109,105,104,101,113,112,109,685,2
125,123,121,113,112,109,110,109,106,113,112,109,159,2
113,112,109,113,112,109,108,106,104,113,112,109,411,2
113,112,109,113,112,109,102,101,98,113,112,109,739,2
99,98,95,113,112,109,110,109,106,113,112,109,170,2
113,112,109,99,98,95,113,112,109,118,116,114,800,2
113,112,109,99,98,95,113,112,109,120,119,116,471,2
113,112,109,113,112,109,113,112,109,125,123,121,946,2
113,112,109,113,112,109,113,112,109,120,119,116,53,2
99,98,95,113,112,109,122,121,118,113,112,109,571,1
113,112,109,113,112,109,113,112,109,110,109,106,214,1
113,112,109,125,123,121,113,112,109,108,106,104,191,1
113,112,109,99,98,95,113,112,109,108,106,104,235,1
113,112,109,125,123,121,113,112,109,125,123,121,33,2
125,123,121,113,112,109,118,116,114,113,112,109,624,1
125,123,121,113,112,109,102,101,98,113,112,109,915,2
113,112,109,125,123,121,113,112,109,118,116,114,63,2
99,98,95,113,112,109,122,121,118,113,112,109,439,1
113,112,109,99,98,95,113,112,109,113,112,109,468,2
113,112,109,99,98,95,113,112,109,110,109,106,665,1
113,112,109,113,112,109,108,106,104,113,112,109,708,2
99,98,95,113,112,109,118,116,114,113,112,109,668,1
99,98,95,113,112,109,105,104,101,113,112,109,927,2
113,112,109,113,112,109,120,119,116,113,112,109,812,1
113,112,109,125,123,121,113,112,109,122,121,118,758,2
113,112,109,99,98,95,113,112,109,108,106,104,169,1
113,112,109,113,112,109,113,112,109,120,119,116,284,2
113,112,109,99,98,95,113,112,109,108,106,104,763,1
99,98,95,113,112,109,125,123,121,113,112,109,77,1
125,123,121,113,112,109,122,121,118,113,112,109,263,1
125,123,121,113,112,109,120,119,116,113,112,109,724,1
99,98,95,113,112,109,105,104,101,113,112,109,135,2
113,112,109,125,123,121,113,112,109,110,109,106,786,1
113,112,109,113,112,109,113,112,109,102,101,98,871,1
113,112,109,99,98,95,113,112,109,105,104,101,36,1
113,112,109,99,98,95,113,112,109,105,104,101,696,1
113,112,109,113,112,109,113,112,109,102,101,98,442,1
113,112,109,113,112,109,113,112,109,99,98,95,276,1
125,123,121,113,112,109,122,121,118,113,112,109,395,1
125,123,121,113,112,109,118,116,114,113,112,109,888,1
113,112,109,125,123,121,113,112,109,125,123,121,99,2
113,112,109,113,112,109,113,112,109,110,109,106,247,1
113,112,109,113,112,109,115,114,111,113,112,109,975,1
113,112,109,125,123,121,113,112,109,122,121,118,791,2
99,98,95,113,112,109,120,119,116,113,112,109,273,1
113,112,109,113,112,109,113,112,109,108,106,104,477,1
113,112,109,113,112,109,102,101,98,113,112,109,13,2
125,123,121,113,112,109,110,109,106,113,112,109,27,2
113,112,109,99,98,95,113,112,109,99,98,95,529,1
113,112,109,125,123,121,113,112,109,105,104,101,784,1
113,112,109,99,98,95,113,112,109,99,98,95,34,1
113,112,109,113,112,109,99,98,95,113,112,109,936,2
113,112,109,113,112,109,113,112,109,105,104,101,410,1
99,98,95,113,112,109,122,121,118,113,112,109,736,1
113,112,109,113,112,109,113,112,109,120,119,116,977,2
125,123,121,113,112,109,105,104,101,113,112,109,718,2
113,112,109,113,112,109,113,112,109,99,98,95,573,1
113,112,109,113,112,109,108,106,104,113,112,109,81,2
113,112,109,99,98,95,113,112,109,110,109,106,467,1
99,98,95,113,112,109,102,101,98,113,112,109,860,2
113,112,109,113,112,109,122,121,118,113,112,109,384,1
99,98,95,113,112,109,99,98,95,113,112,109,793,2
113,112,109,113,112,109,113,112,109,125,123,121,121,2
113,112,109,125,123,121,113,112,109,125,123,121,594,2
113,112,109,99,98,95,113,112,109,120,119,116,603,2
113,112,109,99,98,95,113,112,109,125,123,121,737,2
113,112,109,113,112,109,113,112,109,122,121,118,483,2
125,123,121,113,112,109,115,114,111,113,112,109,95,1
113,112,109,113,112,109,113,112,109,118,116,114,613,2
113,112,109,99,98,95,113,112,109,125,123,121,968,2
113,112,109,113,112,109,113,112,109,113,112,109,677,2
113,112,109,113,112,109,122,121,118,113,112,109,351,1
125,123,121,113,112,109,118,116,114,113,112,109,261,1
113,112,109,125,123,121,113,112,109,99,98,95,23,1
99,98,95,113,112,109,113,112,109,113,112,109,930,1
113,112,109,99,98,95,113,112,109,122,121,118,406,2
113,112,109,99,98,95,113,112,109,115,114,111,634,2
125,123,121,113,112,109,113,112,109,113,112,109,919,1
113,112,109,113,112,109,113,112,109,118,116,114,514,2
125,123,121,113,112,109,115,114,111,113,112,109,524,1
113,112,109,113,112,109,113,112,109,105,104,101,443,1
113,112,109,113,112,109,108,106,104,113,112,109,48,2
113,112,109,113,112,109,125,123,121,113,112,109,715,1
113,112,109,113,112,109,113,112,109,125,123,121,550,2
113,112,109,125,123,121,113,112,109,120,119,116,361,2
113,112,109,113,112,109,113,112,109,120,119,116,119,2
125,123,121,113,112,109,122,121,118,113,112,109,428,1
113,112,109,125,123,121,113,112,109,113,112,109,688,2
125,123,121,113,112,109,120,119,116,113,112,109,922,1
113,112,109,125,123,121,113,112,109,102,101,98,156,1
99,98,95,113,112,109,99,98,95,113,112,109,364,2
99,98,95,113,112,109,113,112,109,113,112,109,72,1
113,112,109,113,112,109,113,112,109,122,121,118,285,2
113,112,109,125,123,121,113,112,109,115,114,111,590,2
113,112,109,113,112,109,113,112,109,110,109,106,313,1
125,123,121,113,112,109,99,98,95,113,112,109,155,2
125,123,121,113,112,109,102,101,98,113,112,109,651,2
113,112,109,99,98,95,113,112,109,110,109,106,203,1
113,112,109,113,112,109,113,112,109,113,112,109,116,2
113,112,109,99,98,95,113,112,109,110,109,106,863,1
113,112,109,113,112,109,125,123,121,113,112,109,682,1
99,98,95,113,112,109,120,119,116,113,112,109,966,1
99,98,95,113,112,109,105,104,101,113,112,109,630,2
125,123,121,113,112,109,108,106,104,113,112,109,455,2
99,98,95,113,112,109,108,106,104,113,112,109,103,2
125,123,121,113,112,109,115,114,111,113,112,109,755,1
113,112,109,125,123,121,113,112,109,99,98,95,254,1
113,112,109,113,112,109,110,109,106,113,112,109,49,2
113,112,109,125,123,121,113,112,109,105,104,101,322,1
113,112,109,99,98,95,113,112,109,115,114,111,304,2
125,123,121,113,112,109,122,121,118,113,112,109,527,1
113,112,109,99,98,95,113,112,109,110,109,106,929,1
125,123,121,113,112,109,108,106,104,113,112,109,92,2
113,112,109,113,112,109,125,123,121,113,112,109,22,1
113,112,109,113,112,109,113,112,109,120,119,116,680,2
125,123,121,113,112,109,113,112,109,113,112,109,94,1
113,112,109,125,123,121,113,112,109,105,104,101,91,1
125,123,121,113,112,109,102,101,98,113,112,109,123,2
113,112,109,113,112,109,110,109,106,113,112,109,511,2
113,112,109,99,98,95,113,112,109,102,101,98,398,1
99,98,95,113,112,109,122,121,118,113,112,109,637,1
113,112,109,113,112,109,113,112,109,113,112,109,875,1
113,112,109,113,112,109,113,112,109,102,101,98,178,1
113,112,109,113,112,109,118,116,114,113,112,109,283,1
99,98,95,113,112,109,99,98,95,113,112,109,265,2
113,112,109,125,123,121,113,112,109,99,98,95,518,1
113,112,109,113,112,109,125,123,121,113,112,109,517,1
113,112,109,113,112,109,108,106,104,113,112,109,741,2
113,112,109,113,112,109,113,112,109,113,112,109,50,2
99,98,95,113,112,109,118,116,114,113,112,109,866,1
125,123,121,113,112,109,118,116,114,113,112,109,30,1
113,112,109,113,112,109,113,112,109,105,104,101,971,1
113,112,109,99,98,95,113,112,109,105,104,101,531,1
113,112,109,125,123,121,113,112,109,108,106,104,983,1
113,112,109,125,123,121,113,112,109,102,101,98,288,1
99,98,95,113,112,109,99,98,95,113,112,109,760,2
125,123,121,113,112,109,110,109,106,113,112,109,687,2
113,112,109,113,112,109,113,112,109,105,104,101,14,1
113,112,109,113,112,109,113,112,109,125,123,121,913,2
125,123,121,113,112,109,115,114,111,113,112,109,260,1
125,123,121,113,112,109,108,106,104,113,112,109,158,2
113,112,109,113,112,109,118,116,114,113,112,109,646,1
113,112,109,113,112,109,113,112,109,113,112,109,479,1
113,112,109,99,98,95,113,112,109,99,98,95,100,1
99,98,95,113,112,109,99,98,95,113,112,109,331,2
113,112,109,99,98,95,113,112,109,115,114,111,502,2
99,98,95,113,112,109,113,112,109,113,112,109,402,1
125,123,121,113,112,109,125,123,121,113,112,109,495,1
125,123,121,113,112,109,122,121,118,113,112,109,461,1
113,112,109,113,112,109,113,112,109,99,98,95,705,1
113,112,109,125,123,121,113,112,109,125,123,121,990,2
99,98,95,113,112,109,122,121,118,113,112,109,934,1
99,98,95,113,112,109,99,98,95,113,112,109,595,2
113,112,109,125,123,121,113,112,109,115,114,111,887,2
113,112,109,125,123,121,113,112,109,110,109,106,456,1
99,98,95,113,112,109,125,123,121,113,112,109,539,1
125,123,121,113,112,109,105,104,101,113,112,109,157,2
113,112,109,113,112,109,120,119,116,113,112,109,878,1
113,112,109,113,112,109,113,112,109,110,109,106,610,1
113,112,109,99,98,95,113,112,109,102,101,98,794,1
113,112,109,113,112,109,118,116,114,113,112,109,910,1
113,112,109,113,112,109,113,112,109,115,114,111,612,2
113,112,109,113,112,109,113,112,109,105,104,101,839,1
113,112,109,99,98,95,113,112,109,115,114,111,469,2
113,112,109,125,123,121,113,112,109,108,106,104,290,1
125,123,121,113,112,109,110,109,106,113,112,109,522,2
113,112,109,99,98,95,113,112,109,122,121,118,76,2
113,112,109,113,112,109,102,101,98,113,112,109,310,2
113,112,109,125,123,121,113,112,109,108,106,104,719,1
113,112,109,113,112,109,102,101,98,113,112,109,673,2
113,112,109,125,123,121,113,112,109,99,98,95,782,1
113,112,109,125,123,121,113,112,109,115,114,111,62,2
99,98,95,113,112,109,125,123,121,113,112,109,308,1
125,123,121,113,112,109,113,112,109,113,112,109,622,1
99,98,95,113,112,109,118,116,114,113,112,109,536,1
99,98,95,113,112,109,102,101,98,113,112,109,332,2
113,112,109,113,112,109,113,112,109,99,98,95,111,1
113,112,109,99,98,95,113,112,109,105,104,101,729,1
113,112,109,113,112,109,113,112,109,122,121,118,120,2
113,112,109,113,112,109,113,112,109,110,109,106,478,1
99,98,95,113,112,109,110,109,106,113,112,109,731,2
113,112,109,113,112,109,113,112,109,118,116,114,316,2
113,112,109,99,98,95,113,112,109,122,121,118,274,2
125,123,121,113,112,109,118,116,114,113,112,109,723,1
113,112,109,125,123,121,113,112,109,102,101,98,24,1
99,98,95,113,112,109,122,121,118,113,112,109,472,1
113,112,109,113,112,109,122,121,118,113,112,109,879,1
113,112,109,125,123,121,113,112,109,99,98,95,320,1
113,112,109,113,112,109,105,104,101,113,112,109,113,2
125,123,121,113,112,109,110,109,106,113,112,109,984,2
125,123,121,113,112,109,108,106,104,113,112,109,323,2
113,112,109,113,112,109,108,106,104,113,112,109,675,2
99,98,95,113,112,109,118,116,114,113,112,109,932,1
113,112,109,113,112,109,105,104,101,113,112,109,575,2
125,123,121,113,112,109,102,101,98,113,112,109,552,2
113,112,109,113,112,109,113,112,109,118,116,114,580,2
113,112,109,99,98,95,113,112,109,122,121,118,538,2
113,112,109,113,112,109,113,112,109,113,112,109,248,1
113,112,109,99,98,95,113,112,109,108,106,104,433,1
113,112,109,125,123,121,113,112,109,125,123,121,957,2
113,112,109,125,123,121,113,112,109,122,121,118,824,2
113,112,109,113,112,109,113,112,109,110,109,106,577,1
125,123,121,113,112,109,105,104,101,113,112,109,190,2
113,112,109,113,112,109,113,112,109,120,119,116,482,2
113,112,109,113,112,109,115,114,111,113,112,109,183,1
113,112,109,113,112,109,113,112,109,113,112,109,314,2
125,123,121,113,112,109,120,119,116,113,112,109,130,1
113,112,109,113,112,109,120,119,116,113,112,109,86,1
113,112,109,99,98,95,113,112,109,122,121,118,802,2
99,98,95,113,112,109,115,114,111,113,112,109,106,1
113,112,109,113,112,109,108,106,104,113,112,109,114,2
113,112,109,113,112,109,113,112,109,108,106,104,312,1
125,123,121,113,112,109,125,123,121,113,112,109,462,1
113,112,109,99,98,95,113,112,109,115,114,111,601,2
113,112,109,125,123,121,113,112,109,110,109,106,885,1
113,112,109,99,98,95,113,112,109,125,123,121,638,2
99,98,95,113,112,109,110,109,106,113,112,109,533,2
113,112,109,125,123,121,113,112,109,99,98,95,815,1
113,112,109,113,112,109,113,112,109,102,101,98,607,1
125,123,121,113,112,109,115,114,111,113,112,109,854,1
113,112,109,125,123,121,113,112,109,122,121,118,857,2
113,112,109,125,123,121,113,112,109,115,114,111,425,2
113,112,109,113,112,109,125,123,121,113,112,109,847,1
113,112,109,113,112,109,105,104,101,113,112,109,905,2
99,98,95,113,112,109,118,116,114,113,112,109,272,1
113,112,109,99,98,95,113,112,109,120,119,116,537,2
113,112,109,113,112,109,113,112,109,99,98,95,342,1
125,123,121,113,112,109,113,112,109,113,112,109,226,1
113,112,109,113,112,109,110,109,106,113,112,109,742,2
99,98,95,113,112,109,105,104,101,113,112,109,564,2
99,98,95,113,112,109,120,119,116,113,112,109,141,1
113,112,109,99,98,95,113,112,109,102,101,98,233,1
99,98,95,113,112,109,125,123,121,113,112,109,143,1
113,112,109,113,112,109,102,101,98,113,112,109,805,2
113,112,109,113,112,109,113,112,109,99,98,95,243,1
125,123,121,113,112,109,99,98,95,113,112,109,716,2
113,112,109,125,123,121,113,112,109,118,116,114,327,2
113,112,109,113,112,109,120,119,116,113,112,109,614,1
99,98,95,113,112,109,113,112,109,113,112,109,567,1
113,112,109,113,112,109,99,98,95,113,112,109,639,2
113,112,109,113,112,109,113,112,109,122,121,118,912,2
125,123,121,113,112,109,125,123,121,113,112,109,726,1
113,112,109,113,112,109,102,101,98,113,112,109,772,2
113,112,109,113,112,109,113,112,109,118,116,114,349,2
113,112,109,125,123,121,113,112,109,108,106,104,884,1
99,98,95,113,112,109,125,123,121,113,112,109,869,1
113,112,109,99,98,95,113,112,109,108,106,104,961,1
125,123,121,113,112,109,110,109,106,113,112,109,555,2
113,112,109,113,112,109,113,112,109,108,106,104,774,1
113,112,109,113,112,109,113,112,109,122,121,118,54,2
113,112,109,113,112,109,113,112,109,108,106,104,180,1
113,112,109,125,123,121,113,112,109,105,104,101,883,1
113,112,109,125,123,121,113,112,109,102,101,98,453,1
113,112,109,99,98,95,113,112,109,115,114,111,700,2
99,98,95,113,112,109,113,112,109,113,112,109,963,1
113,112,109,113,112,109,125,123,121,113,112,109,88,1
125,123,121,113,112,109,113,112,109,113,112,109,28,1
113,112,109,125,123,121,113,112,109,115,114,111,557,2
113,112,109,113,112,109,113,112,109,122,121,118,945,2
113,112,109,99,98,95,113,112,109,110,109,106,500,1
125,123,121,113,112,109,99,98,95,113,112,109,980,2
113,112,109,125,123,121,113,112,109,115,114,111,623,2
113,112,109,113,112,109,113,112,109,108,106,104,840,1
125,123,121,113,112,109,120,119,116,113,112,109,196,1
113,112,109,99,98,95,113,112,109,110,109,106,71,1
113,112,109,113,112,109,113,112,109,122,121,118,219,2
113,112,109,125,123,121,113,112,109,125,123,121,429,2
113,112,109,113,112,109,113,112,109,118,116,114,481,2
99,98,95,113,112,109,108,106,104,113,112,109,202,2
113,112,109,113,112,109,115,114,111,113,112,109,513,1
113,112,109,99,98,95,113,112,109,108,106,104,928,1
125,123,121,113,112,109,122,121,118,113,112,109,692,1
99,98,95,113,112,109,99,98,95,113,112,109,298,2
99,98,95,113,112,109,113,112,109,113,112,109,435,1
113,112,109,125,123,121,113,112,109,122,121,118,329,2
113,112,109,113,112,109,120,119,116,113,112,109,911,1
125,123,121,113,112,109,113,112,109,113,112,109,358,1
99,98,95,113,112,109,110,109,106,113,112,109,434,2
113,112,109,125,123,121,113,112,109,108,106,104,917,1
113,112,109,125,123,121,113,112,109,108,106,104,389,1
99,98,95,113,112,109,105,104,101,113,112,109,69,2
99,98,95,113,112,109,115,114,111,113,112,109,403,1
113,112,109,125,123,121,113,112,109,115,114,111,689,2
99,98,95,113,112,109,110,109,106,113,112,109,269,2
113,112,109,99,98,95,113,112,109,99,98,95,826,1
113,112,109,99,98,95,113,112,109,120,119,116,504,2
113,112,109,113,112,109,118,116,114,113,112,109,118,1
113,112,109,125,123,121,113,112,109,105,104,101,817,1
113,112,109,113,112,109,110,109,106,113,112,109,280,2
125,123,121,113,112,109,115,114,111,113,112,109,458,1
113,112,109,99,98,95,113,112,109,108,106,104,697,1
113,112,109,113,112,109,105,104,101,113,112,109,740,2
113,112,109,113,112,109,113,112,109,115,114,111,942,2
113,112,109,113,112,109,113,112,109,102,101,98,244,1
113,112,109,113,112,109,110,109,106,113,112,109,115,2
113,112,109,99,98,95,113,112,109,108,106,104,400,1
113,112,109,125,123,121,113,112,109,122,121,118,725,2
113,112,109,125,123,121,113,112,109,118,116,114,657,2
113,112,109,113,112,109,113,112,109,122,121,118,648,2
99,98,95,113,112,109,99,98,95,113,112,109,892,2
113,112,109,113,112,109,113,112,109,120,119,116,944,2
113,112,109,113,112,109,113,112,109,113,112,109,611,1
125,123,121,113,112,109,110,109,106,113,112,109,720,2
113,112,109,125,123,121,113,112,109,105,104,101,223,1
99,98,95,113,112,109,118,116,114,113,112,109,833,1
113,112,109,113,112,109,110,109,106,113,112,109,973,2
113,112,109,113,112,109,115,114,111,113,112,109,546,1
113,112,109,113,112,109,113,112,109,113,112,109,149,2
113,112,109,113,112,109,125,123,121,113,112,109,352,1
99,98,95,113,112,109,120,119,116,113,112,109,174,1
113,112,109,125,123,121,113,112,109,110,109,106,423,1
113,112,109,113,112,109,113,112,109,113,112,109,83,2
113,112,109,99,98,95,113,112,109,125,123,121,209,2
99,98,95,113,112,109,99,98,95,113,112,109,727,2
125,123,121,113,112,109,115,114,111,113,112,109,29,1
113,112,109,113,112,109,110,109,106,113,112,109,709,2
113,112,109,113,112,109,102,101,98,113,112,109,145,2
113,112,109,113,112,109,115,114,111,113,112,109,84,1
113,112,109,99,98,95,113,112,109,125,123,121,605,2
99,98,95,113,112,109,105,104,101,113,112,109,3,2
113,112,109,113,112,109,113,112,109,99,98,95,408,1
113,112,109,113,112,109,113,112,109,120,119,116,185,2
125,123,121,113,112,109,99,98,95,113,112,109,848,2
