113,112,109,99,98,95,113,112,109,115,114,111,7,2
113,112,109,99,98,95,113,112,109,118,116,114,41,2
125,123,121,113,112,109,118,116,114,113,112,109,30,1
113,112,109,125,123,121,113,112,109,122,121,118,65,2
113,112,109,99,98,95,113,112,109,115,114,111,40,2
113,112,109,113,112,109,113,112,109,108,106,104,15,1
113,112,109,113,112,109,113,112,109,105,104,101,47,1
113,112,109,113,112,109,115,114,111,113,112,109,51,1
125,123,121,113,112,109,102,101,98,113,112,109,24,2
113,112,109,113,112,109,125,123,121,113,112,109,55,1
113,112,109,113,112,109,113,112,109,113,112,109,50,2
99,98,95,113,112,109,102,101,98,113,112,109,2,2
113,112,109,125,123,121,113,112,109,110,109,106,60,1
113,112,109,125,123,121,113,112,109,125,123,121,66,2
113,112,109,113,112,109,113,112,109,105,104,101,14,1
99,98,95,113,112,109,99,98,95,113,112,109,34,2
99,98,95,113,112,109,125,123,121,113,112,109,44,1
113,112,109,125,123,121,113,112,109,110,109,106,27,1
113,112,109,99,98,95,113,112,109,120,119,116,42,2
113,112,109,113,112,109,110,109,106,113,112,109,16,2
99,98,95,113,112,109,122,121,118,113,112,109,10,1
99,98,95,113,112,109,105,104,101,113,112,109,3,2
113,112,109,113,112,109,113,112,109,120,119,116,53,2
113,112,109,113,112,109,113,112,109,120,119,116,20,2
113,112,109,99,98,95,113,112,109,118,116,114,8,2
113,112,109,125,123,121,113,112,109,108,106,104,26,1
125,123,121,113,112,109,120,119,116,113,112,109,31,1
113,112,109,99,98,95,113,112,109,113,112,109,6,2
125,123,121,113,112,109,115,114,111,113,112,109,62,1
125,123,121,113,112,109,122,121,118,113,112,109,32,1
113,112,109,113,112,109,125,123,121,113,112,109,22,1
99,98,95,113,112,109,113,112,109,113,112,109,39,1
113,112,109,113,112,109,113,112,109,108,106,104,48,1
113,112,109,113,112,109,113,112,109,113,112,109,17,2
113,112,109,113,112,109,113,112,109,102,101,98,46,1
113,112,109,113,112,109,113,112,109,99,98,95,45,1
99,98,95,113,112,109,125,123,121,113,112,109,11,1
113,112,109,113,112,109,113,112,109,118,116,114,52,2
125,123,121,113,112,109,113,112,109,113,112,109,28,1
113,112,109,125,123,121,113,112,109,118,116,114,63,2
99,98,95,113,112,109,110,109,106,113,112,109,5,2
125,123,121,113,112,109,120,119,116,113,112,109,64,1
113,112,109,99,98,95,113,112,109,120,119,116,9,2
125,123,121,113,112,109,125,123,121,113,112,109,33,1
113,112,109,99,98,95,113,112,109,102,101,98,35,1
99,98,95,113,112,109,99,98,95,113,112,109,1,2
125,123,121,113,112,109,113,112,109,113,112,109,61,1
125,123,121,113,112,109,102,101,98,113,112,109,57,2
99,98,95,113,112,109,105,104,101,113,112,109,36,2
125,123,121,113,112,109,99,98,95,113,112,109,23,2
99,98,95,113,112,109,108,106,104,113,112,109,37,2
113,112,109,125,123,121,113,112,109,115,114,111,29,2
113,112,109,99,98,95,113,112,109,122,121,118,43,2
113,112,109,113,112,109,115,114,111,113,112,109,18,1
113,112,109,113,112,109,113,112,109,102,101,98,13,1
99,98,95,113,112,109,108,106,104,113,112,109,4,2
113,112,109,113,112,109,113,112,109,122,121,118,21,2
125,123,121,113,112,109,105,104,101,113,112,109,25,2
113,112,109,113,112,109,113,112,109,118,116,114,19,2
113,112,109,113,112,109,110,109,106,113,112,109,49,2
113,112,109,125,123,121,113,112,109,99,98,95,56,1
113,112,109,113,112,109,122,121,118,113,112,109,54,1
113,112,109,99,98,95,113,112,109,110,109,106,38,1
125,123,121,113,112,109,105,104,101,113,112,109,58,2
125,123,121,113,112,109,108,106,104,113,112,109,59,2
113,112,109,113,112,109,113,112,109,99,98,95,12,1
