40,40,40,30,30,30,40,40,40,32,32,32,299,1
40,40,40,30,30,30,40,40,40,40,40,40,369,2
40,40,40,50,50,50,40,40,40,30,30,30,749,1
40,40,40,30,30,30,40,40,40,42,42,42,568,2
50,50,50,40,40,40,38,38,38,40,40,40,456,2
50,50,50,40,40,40,50,50,50,40,40,40,99,1
50,50,50,40,40,40,44,44,44,40,40,40,228,1
40,40,40,40,40,40,40,40,40,48,48,48,21,2
40,40,40,40,40,40,50,50,50,40,40,40,352,1
40,40,40,40,40,40,40,40,40,50,50,50,946,2
50,50,50,40,40,40,44,44,44,40,40,40,360,1
40,40,40,40,40,40,46,46,46,40,40,40,680,1
50,50,50,40,40,40,30,30,30,40,40,40,254,2
40,40,40,40,40,40,48,48,48,40,40,40,54,1
40,40,40,50,50,50,40,40,40,38,38,38,258,1
40,40,40,30,30,30,40,40,40,36,36,36,631,1
40,40,40,30,30,30,40,40,40,44,44,44,569,2
40,40,40,40,40,40,40,40,40,42,42,42,315,2
40,40,40,50,50,50,40,40,40,42,42,42,788,2
50,50,50,40,40,40,30,30,30,40,40,40,815,2
40,40,40,40,40,40,40,40,40,36,36,36,48,1
40,40,40,50,50,50,40,40,40,46,46,46,229,2
30,30,30,40,40,40,36,36,36,40,40,40,235,2
40,40,40,30,30,30,40,40,40,44,44,44,404,2
30,30,30,40,40,40,44,44,44,40,40,40,866,1
40,40,40,40,40,40,40,40,40,36,36,36,675,1
40,40,40,30,30,30,40,40,40,30,30,30,232,1
40,40,40,40,40,40,34,34,34,40,40,40,80,2
40,40,40,40,40,40,40,40,40,48,48,48,714,2
40,40,40,40,40,40,40,40,40,44,44,44,646,2
50,50,50,40,40,40,30,30,30,40,40,40,947,2
40,40,40,30,30,30,40,40,40,40,40,40,963,2
40,40,40,40,40,40,30,30,30,40,40,40,507,2
50,50,50,40,40,40,50,50,50,40,40,40,825,1
50,50,50,40,40,40,34,34,34,40,40,40,718,2
40,40,40,50,50,50,40,40,40,40,40,40,61,2
40,40,40,40,40,40,38,38,38,40,40,40,610,2
40,40,40,40,40,40,40,40,40,40,40,40,941,1
50,50,50,40,40,40,44,44,44,40,40,40,261,1
30,30,30,40,40,40,34,34,34,40,40,40,630,2
50,50,50,40,40,40,38,38,38,40,40,40,324,2
40,40,40,50,50,50,40,40,40,40,40,40,292,2
40,40,40,50,50,50,40,40,40,48,48,48,164,2
40,40,40,30,30,30,40,40,40,30,30,30,463,1
40,40,40,50,50,50,40,40,40,36,36,36,125,1
50,50,50,40,40,40,32,32,32,40,40,40,783,2
50,50,50,40,40,40,46,46,46,40,40,40,163,1
40,40,40,30,30,30,40,40,40,44,44,44,635,2
40,40,40,40,40,40,40,40,40,32,32,32,541,1
40,40,40,50,50,50,40,40,40,46,46,46,988,2
40,40,40,40,40,40,44,44,44,40,40,40,613,1
40,40,40,40,40,40,48,48,48,40,40,40,582,1
30,30,30,40,40,40,48,48,48,40,40,40,505,1
40,40,40,40,40,40,36,36,36,40,40,40,576,2
40,40,40,30,30,30,40,40,40,42,42,42,7,2
50,50,50,40,40,40,48,48,48,40,40,40,98,1
40,40,40,30,30,30,40,40,40,40,40,40,831,2
30,30,30,40,40,40,30,30,30,40,40,40,760,2
30,30,30,40,40,40,44,44,44,40,40,40,41,1
40,40,40,40,40,40,42,42,42,40,40,40,183,1
40,40,40,50,50,50,40,40,40,44,44,44,954,2
40,40,40,30,30,30,40,40,40,48,48,48,538,2
50,50,50,40,40,40,50,50,50,40,40,40,66,1
30,30,30,40,40,40,32,32,32,40,40,40,497,2
40,40,40,40,40,40,40,40,40,44,44,44,316,2
40,40,40,40,40,40,32,32,32,40,40,40,673,2
40,40,40,50,50,50,40,40,40,50,50,50,693,2
40,40,40,40,40,40,42,42,42,40,40,40,942,1
40,40,40,40,40,40,40,40,40,44,44,44,481,2
40,40,40,40,40,40,30,30,30,40,40,40,837,2
40,40,40,30,30,30,40,40,40,42,42,42,370,2
40,40,40,40,40,40,40,40,40,40,40,40,83,1
30,30,30,40,40,40,34,34,34,40,40,40,333,2
50,50,50,40,40,40,50,50,50,40,40,40,429,1
40,40,40,50,50,50,40,40,40,42,42,42,359,2
30,30,30,40,40,40,30,30,30,40,40,40,892,2
40,40,40,30,30,30,40,40,40,32,32,32,794,1
40,40,40,30,30,30,40,40,40,50,50,50,935,2
50,50,50,40,40,40,46,46,46,40,40,40,889,1
40,40,40,40,40,40,40,40,40,34,34,34,179,1
30,30,30,40,40,40,42,42,42,40,40,40,832,1
40,40,40,30,30,30,40,40,40,46,46,46,438,2
40,40,40,30,30,30,40,40,40,40,40,40,72,2
30,30,30,40,40,40,34,34,34,40,40,40,3,2
50,50,50,40,40,40,44,44,44,40,40,40,723,1
40,40,40,50,50,50,40,40,40,40,40,40,127,2
40,40,40,40,40,40,40,40,40,42,42,42,843,2
50,50,50,40,40,40,34,34,34,40,40,40,322,2
40,40,40,50,50,50,40,40,40,42,42,42,194,2
40,40,40,40,40,40,30,30,30,40,40,40,408,2
40,40,40,40,40,40,40,40,40,50,50,50,880,2
40,40,40,40,40,40,38,38,38,40,40,40,412,2
40,40,40,40,40,40,40,40,40,44,44,44,52,2
40,40,40,40,40,40,38,38,38,40,40,40,445,2
40,40,40,40,40,40,40,40,40,40,40,40,479,2
50,50,50,40,40,40,32,32,32,40,40,40,255,2
40,40,40,30,30,30,40,40,40,46,46,46,339,2
30,30,30,40,40,40,46,46,46,40,40,40,570,1
50,50,50,40,40,40,30,30,30,40,40,40,353,2
40,40,40,50,50,50,40,40,40,48,48,48,494,2
40,40,40,40,40,40,40,40,40,40,40,40,413,2
50,50,50,40,40,40,40,40,40,40,40,40,985,1
40,40,40,30,30,30,40,40,40,42,42,42,898,2
40,40,40,50,50,50,40,40,40,38,38,38,786,1
40,40,40,40,40,40,40,40,40,34,34,34,905,1
50,50,50,40,40,40,40,40,40,40,40,40,721,1
50,50,50,40,40,40,38,38,38,40,40,40,357,2
50,50,50,40,40,40,46,46,46,40,40,40,559,1
40,40,40,40,40,40,40,40,40,36,36,36,708,1
40,40,40,50,50,50,40,40,40,46,46,46,97,2
40,40,40,40,40,40,40,40,40,44,44,44,19,2
40,40,40,30,30,30,40,40,40,44,44,44,437,2
40,40,40,40,40,40,40,40,40,46,46,46,284,2
50,50,50,40,40,40,38,38,38,40,40,40,852,2
40,40,40,30,30,30,40,40,40,42,42,42,766,2
30,30,30,40,40,40,30,30,30,40,40,40,34,2
30,30,30,40,40,40,34,34,34,40,40,40,894,2
40,40,40,50,50,50,40,40,40,36,36,36,92,1
40,40,40,40,40,40,40,40,40,44,44,44,712,2
40,40,40,50,50,50,40,40,40,38,38,38,819,1
30,30,30,40,40,40,48,48,48,40,40,40,208,1
30,30,30,40,40,40,38,38,38,40,40,40,104,2
50,50,50,40,40,40,30,30,30,40,40,40,155,2
40,40,40,30,30,30,40,40,40,50,50,50,77,2
40,40,40,30,30,30,40,40,40,36,36,36,565,1
40,40,40,40,40,40,44,44,44,40,40,40,151,1
40,40,40,30,30,30,40,40,40,38,38,38,302,1
40,40,40,40,40,40,40,40,40,36,36,36,180,1
40,40,40,30,30,30,40,40,40,44,44,44,602,2
40,40,40,40,40,40,40,40,40,46,46,46,713,2
40,40,40,30,30,30,40,40,40,40,40,40,501,2
50,50,50,40,40,40,44,44,44,40,40,40,459,1
30,30,30,40,40,40,40,40,40,40,40,40,105,1
40,40,40,50,50,50,40,40,40,50,50,50,957,2
40,40,40,40,40,40,44,44,44,40,40,40,679,1
30,30,30,40,40,40,48,48,48,40,40,40,109,1
40,40,40,40,40,40,40,40,40,30,30,30,342,1
30,30,30,40,40,40,32,32,32,40,40,40,860,2
40,40,40,40,40,40,40,40,40,36,36,36,312,1
40,40,40,30,30,30,40,40,40,50,50,50,209,2
30,30,30,40,40,40,36,36,36,40,40,40,400,2
40,40,40,30,30,30,40,40,40,44,44,44,272,2
40,40,40,40,40,40,50,50,50,40,40,40,220,1
40,40,40,40,40,40,40,40,40,40,40,40,710,2
40,40,40,40,40,40,40,40,40,32,32,32,706,1
40,40,40,40,40,40,34,34,34,40,40,40,146,2
40,40,40,50,50,50,40,40,40,34,34,34,817,1
40,40,40,50,50,50,40,40,40,34,34,34,25,1
40,40,40,40,40,40,48,48,48,40,40,40,813,1
40,40,40,50,50,50,40,40,40,30,30,30,683,1
40,40,40,40,40,40,40,40,40,42,42,42,678,2
40,40,40,30,30,30,40,40,40,44,44,44,734,2
40,40,40,30,30,30,40,40,40,50,50,50,341,2
40,40,40,50,50,50,40,40,40,38,38,38,192,1
40,40,40,30,30,30,40,40,40,50,50,50,275,2
40,40,40,30,30,30,40,40,40,38,38,38,797,1
50,50,50,40,40,40,50,50,50,40,40,40,660,1
30,30,30,40,40,40,44,44,44,40,40,40,371,1
40,40,40,30,30,30,40,40,40,30,30,30,628,1
50,50,50,40,40,40,46,46,46,40,40,40,790,1
50,50,50,40,40,40,40,40,40,40,40,40,325,1
40,40,40,50,50,50,40,40,40,44,44,44,921,2
40,40,40,40,40,40,42,42,42,40,40,40,282,1
40,40,40,40,40,40,46,46,46,40,40,40,251,1
30,30,30,40,40,40,46,46,46,40,40,40,42,1
40,40,40,40,40,40,40,40,40,34,34,34,476,1
40,40,40,40,40,40,40,40,40,34,34,34,344,1
40,40,40,40,40,40,40,40,40,44,44,44,844,2
40,40,40,50,50,50,40,40,40,30,30,30,518,1
40,40,40,30,30,30,40,40,40,42,42,42,634,2
50,50,50,40,40,40,30,30,30,40,40,40,914,2
40,40,40,50,50,50,40,40,40,46,46,46,757,2
50,50,50,40,40,40,48,48,48,40,40,40,824,1
40,40,40,40,40,40,40,40,40,34,34,34,377,1
40,40,40,40,40,40,40,40,40,36,36,36,345,1
40,40,40,40,40,40,36,36,36,40,40,40,906,2
40,40,40,40,40,40,42,42,42,40,40,40,51,1
50,50,50,40,40,40,42,42,42,40,40,40,227,1
30,30,30,40,40,40,36,36,36,40,40,40,928,2
40,40,40,40,40,40,40,40,40,48,48,48,549,2
40,40,40,40,40,40,40,40,40,40,40,40,149,1
50,50,50,40,40,40,46,46,46,40,40,40,526,1
40,40,40,40,40,40,48,48,48,40,40,40,252,1
40,40,40,30,30,30,40,40,40,40,40,40,633,2
40,40,40,40,40,40,40,40,40,48,48,48,450,2
40,40,40,40,40,40,46,46,46,40,40,40,449,1
30,30,30,40,40,40,32,32,32,40,40,40,233,2
40,40,40,50,50,50,40,40,40,42,42,42,491,2
50,50,50,40,40,40,46,46,46,40,40,40,31,1
50,50,50,40,40,40,38,38,38,40,40,40,489,2
40,40,40,50,50,50,40,40,40,34,34,34,685,1
40,40,40,30,30,30,40,40,40,40,40,40,237,2
50,50,50,40,40,40,46,46,46,40,40,40,262,1
50,50,50,40,40,40,44,44,44,40,40,40,294,1
40,40,40,40,40,40,50,50,50,40,40,40,55,1
40,40,40,50,50,50,40,40,40,50,50,50,462,2
40,40,40,40,40,40,36,36,36,40,40,40,81,2
40,40,40,40,40,40,40,40,40,40,40,40,611,2
40,40,40,40,40,40,42,42,42,40,40,40,975,1
50,50,50,40,40,40,32,32,32,40,40,40,684,2
40,40,40,50,50,50,40,40,40,42,42,42,953,2
40,40,40,40,40,40,40,40,40,30,30,30,144,1
40,40,40,40,40,40,32,32,32,40,40,40,343,2
40,40,40,40,40,40,40,40,40,36,36,36,609,1
40,40,40,50,50,50,40,40,40,44,44,44,591,2
40,40,40,40,40,40,36,36,36,40,40,40,15,2
40,40,40,40,40,40,50,50,50,40,40,40,913,1
40,40,40,50,50,50,40,40,40,38,38,38,159,1
40,40,40,50,50,50,40,40,40,36,36,36,224,1
40,40,40,40,40,40,40,40,40,32,32,32,640,1
40,40,40,40,40,40,40,40,40,48,48,48,417,2
50,50,50,40,40,40,50,50,50,40,40,40,132,1
40,40,40,40,40,40,40,40,40,40,40,40,50,2
40,40,40,50,50,50,40,40,40,48,48,48,230,2
40,40,40,40,40,40,44,44,44,40,40,40,250,1
40,40,40,40,40,40,40,40,40,50,50,50,385,2
40,40,40,30,30,30,40,40,40,42,42,42,733,2
40,40,40,50,50,50,40,40,40,48,48,48,758,2
40,40,40,30,30,30,40,40,40,40,40,40,930,2
30,30,30,40,40,40,36,36,36,40,40,40,796,2
40,40,40,40,40,40,40,40,40,44,44,44,283,2
40,40,40,40,40,40,40,40,40,40,40,40,116,2
40,40,40,40,40,40,40,40,40,50,50,50,748,2
40,40,40,50,50,50,40,40,40,30,30,30,485,1
30,30,30,40,40,40,44,44,44,40,40,40,503,1
40,40,40,40,40,40,36,36,36,40,40,40,147,2
30,30,30,40,40,40,46,46,46,40,40,40,75,1
30,30,30,40,40,40,34,34,34,40,40,40,399,2
40,40,40,30,30,30,40,40,40,48,48,48,439,2
40,40,40,30,30,30,40,40,40,38,38,38,401,1
40,40,40,40,40,40,36,36,36,40,40,40,741,2
30,30,30,40,40,40,48,48,48,40,40,40,934,1
40,40,40,40,40,40,40,40,40,34,34,34,707,1
40,40,40,40,40,40,32,32,32,40,40,40,145,2
40,40,40,50,50,50,40,40,40,38,38,38,390,1
30,30,30,40,40,40,40,40,40,40,40,40,303,1
40,40,40,30,30,30,40,40,40,32,32,32,761,1
50,50,50,40,40,40,44,44,44,40,40,40,657,1
40,40,40,40,40,40,36,36,36,40,40,40,411,2
50,50,50,40,40,40,40,40,40,40,40,40,160,1
40,40,40,50,50,50,40,40,40,50,50,50,297,2
40,40,40,40,40,40,38,38,38,40,40,40,973,2
30,30,30,40,40,40,30,30,30,40,40,40,199,2
40,40,40,50,50,50,40,40,40,46,46,46,196,2
40,40,40,50,50,50,40,40,40,44,44,44,525,2
40,40,40,50,50,50,40,40,40,36,36,36,917,1
40,40,40,50,50,50,40,40,40,40,40,40,754,2
40,40,40,50,50,50,40,40,40,32,32,32,222,1
40,40,40,40,40,40,42,42,42,40,40,40,645,1
40,40,40,40,40,40,40,40,40,50,50,50,319,2
40,40,40,40,40,40,34,34,34,40,40,40,806,2
40,40,40,30,30,30,40,40,40,48,48,48,373,2
40,40,40,50,50,50,40,40,40,34,34,34,652,1
40,40,40,40,40,40,46,46,46,40,40,40,20,1
40,40,40,40,40,40,40,40,40,30,30,30,903,1
40,40,40,40,40,40,40,40,40,42,42,42,711,2
30,30,30,40,40,40,32,32,32,40,40,40,266,2
40,40,40,40,40,40,48,48,48,40,40,40,318,1
40,40,40,30,30,30,40,40,40,40,40,40,39,2
30,30,30,40,40,40,34,34,34,40,40,40,366,2
50,50,50,40,40,40,34,34,34,40,40,40,586,2
40,40,40,50,50,50,40,40,40,42,42,42,161,2
30,30,30,40,40,40,38,38,38,40,40,40,236,2
40,40,40,30,30,30,40,40,40,34,34,34,927,1
40,40,40,40,40,40,38,38,38,40,40,40,940,2
50,50,50,40,40,40,48,48,48,40,40,40,263,1
40,40,40,40,40,40,40,40,40,48,48,48,120,2
40,40,40,40,40,40,40,40,40,34,34,34,641,1
40,40,40,40,40,40,40,40,40,50,50,50,484,2
40,40,40,40,40,40,32,32,32,40,40,40,79,2
40,40,40,30,30,30,40,40,40,46,46,46,900,2
40,40,40,50,50,50,40,40,40,40,40,40,94,2
40,40,40,30,30,30,40,40,40,46,46,46,141,2
40,40,40,40,40,40,38,38,38,40,40,40,379,2
30,30,30,40,40,40,38,38,38,40,40,40,71,2
40,40,40,30,30,30,40,40,40,50,50,50,110,2
40,40,40,40,40,40,40,40,40,38,38,38,511,1
40,40,40,30,30,30,40,40,40,34,34,34,69,1
40,40,40,30,30,30,40,40,40,36,36,36,763,1
40,40,40,50,50,50,40,40,40,38,38,38,753,1
40,40,40,40,40,40,30,30,30,40,40,40,441,2
50,50,50,40,40,40,40,40,40,40,40,40,424,1
40,40,40,50,50,50,40,40,40,38,38,38,126,1
40,40,40,30,30,30,40,40,40,30,30,30,562,1
40,40,40,30,30,30,40,40,40,40,40,40,402,2
40,40,40,40,40,40,30,30,30,40,40,40,375,2
40,40,40,50,50,50,40,40,40,30,30,30,716,1
40,40,40,50,50,50,40,40,40,34,34,34,58,1
40,40,40,40,40,40,46,46,46,40,40,40,86,1
40,40,40,40,40,40,40,40,40,40,40,40,314,1
50,50,50,40,40,40,42,42,42,40,40,40,128,1
30,30,30,40,40,40,48,48,48,40,40,40,76,1
40,40,40,40,40,40,50,50,50,40,40,40,550,1
30,30,30,40,40,40,38,38,38,40,40,40,269,2
40,40,40,40,40,40,30,30,30,40,40,40,639,2
40,40,40,30,30,30,40,40,40,30,30,30,529,1
40,40,40,40,40,40,30,30,30,40,40,40,573,2
40,40,40,30,30,30,40,40,40,30,30,30,595,1
40,40,40,50,50,50,40,40,40,34,34,34,883,1
40,40,40,30,30,30,40,40,40,30,30,30,826,1
30,30,30,40,40,40,40,40,40,40,40,40,6,1
40,40,40,30,30,30,40,40,40,40,40,40,468,2
40,40,40,40,40,40,50,50,50,40,40,40,253,1
40,40,40,30,30,30,40,40,40,48,48,48,703,2
50,50,50,40,40,40,30,30,30,40,40,40,221,2
50,50,50,40,40,40,34,34,34,40,40,40,388,2
40,40,40,50,50,50,40,40,40,44,44,44,393,2
40,40,40,30,30,30,40,40,40,50,50,50,869,2
40,40,40,40,40,40,42,42,42,40,40,40,381,1
30,30,30,40,40,40,38,38,38,40,40,40,896,2
40,40,40,40,40,40,44,44,44,40,40,40,811,1
40,40,40,40,40,40,48,48,48,40,40,40,945,1
40,40,40,40,40,40,46,46,46,40,40,40,350,1
40,40,40,30,30,30,40,40,40,50,50,50,803,2
30,30,30,40,40,40,36,36,36,40,40,40,961,2
40,40,40,40,40,40,48,48,48,40,40,40,780,1
40,40,40,30,30,30,40,40,40,30,30,30,331,1
50,50,50,40,40,40,30,30,30,40,40,40,287,2
40,40,40,40,40,40,38,38,38,40,40,40,280,2
40,40,40,50,50,50,40,40,40,36,36,36,290,1
30,30,30,40,40,40,30,30,30,40,40,40,298,2
40,40,40,40,40,40,40,40,40,30,30,30,474,1
30,30,30,40,40,40,36,36,36,40,40,40,4,2
40,40,40,40,40,40,42,42,42,40,40,40,777,1
30,30,30,40,40,40,48,48,48,40,40,40,670,1
40,40,40,30,30,30,40,40,40,44,44,44,107,2
40,40,40,50,50,50,40,40,40,48,48,48,956,2
40,40,40,40,40,40,30,30,30,40,40,40,606,2
50,50,50,40,40,40,40,40,40,40,40,40,853,1
40,40,40,30,30,30,40,40,40,30,30,30,364,1
40,40,40,40,40,40,40,40,40,40,40,40,743,2
40,40,40,40,40,40,40,40,40,36,36,36,774,1
40,40,40,30,30,30,40,40,40,36,36,36,268,1
40,40,40,40,40,40,40,40,40,36,36,36,213,1
40,40,40,30,30,30,40,40,40,30,30,30,265,1
40,40,40,30,30,30,40,40,40,48,48,48,175,2
40,40,40,50,50,50,40,40,40,38,38,38,918,1
40,40,40,40,40,40,40,40,40,46,46,46,119,2
50,50,50,40,40,40,32,32,32,40,40,40,420,2
50,50,50,40,40,40,36,36,36,40,40,40,818,2
30,30,30,40,40,40,32,32,32,40,40,40,662,2
40,40,40,40,40,40,40,40,40,38,38,38,808,1
40,40,40,40,40,40,40,40,40,50,50,50,418,2
30,30,30,40,40,40,48,48,48,40,40,40,736,1
30,30,30,40,40,40,50,50,50,40,40,40,473,1
40,40,40,50,50,50,40,40,40,44,44,44,558,2
50,50,50,40,40,40,34,34,34,40,40,40,916,2
40,40,40,50,50,50,40,40,40,42,42,42,260,2
40,40,40,30,30,30,40,40,40,36,36,36,169,1
40,40,40,50,50,50,40,40,40,46,46,46,592,2
30,30,30,40,40,40,30,30,30,40,40,40,727,2
40,40,40,40,40,40,50,50,50,40,40,40,22,1
40,40,40,50,50,50,40,40,40,38,38,38,984,1
40,40,40,40,40,40,40,40,40,34,34,34,47,1
40,40,40,40,40,40,50,50,50,40,40,40,88,1
40,40,40,50,50,50,40,40,40,34,34,34,520,1
50,50,50,40,40,40,50,50,50,40,40,40,924,1
50,50,50,40,40,40,34,34,34,40,40,40,421,2
40,40,40,40,40,40,40,40,40,36,36,36,873,1
40,40,40,30,30,30,40,40,40,38,38,38,5,1
40,40,40,40,40,40,38,38,38,40,40,40,313,2
40,40,40,30,30,30,40,40,40,50,50,50,572,2
40,40,40,40,40,40,40,40,40,32,32,32,376,1
30,30,30,40,40,40,38,38,38,40,40,40,38,2
40,40,40,40,40,40,40,40,40,30,30,30,771,1
40,40,40,40,40,40,40,40,40,42,42,42,744,2
50,50,50,40,40,40,44,44,44,40,40,40,822,1
30,30,30,40,40,40,48,48,48,40,40,40,43,1
50,50,50,40,40,40,48,48,48,40,40,40,461,1
40,40,40,40,40,40,40,40,40,44,44,44,745,2
40,40,40,50,50,50,40,40,40,40,40,40,886,2
40,40,40,50,50,50,40,40,40,46,46,46,130,2
40,40,40,50,50,50,40,40,40,46,46,46,493,2
40,40,40,30,30,30,40,40,40,30,30,30,397,1
40,40,40,30,30,30,40,40,40,50,50,50,374,2
40,40,40,30,30,30,40,40,40,42,42,42,106,2
40,40,40,40,40,40,40,40,40,50,50,50,187,2
40,40,40,50,50,50,40,40,40,40,40,40,523,2
40,40,40,50,50,50,40,40,40,32,32,32,750,1
40,40,40,40,40,40,40,40,40,40,40,40,380,2
50,50,50,40,40,40,36,36,36,40,40,40,257,2
40,40,40,50,50,50,40,40,40,36,36,36,191,1
40,40,40,30,30,30,40,40,40,48,48,48,472,2
40,40,40,40,40,40,40,40,40,36,36,36,543,1
40,40,40,40,40,40,40,40,40,40,40,40,908,2
30,30,30,40,40,40,50,50,50,40,40,40,671,1
30,30,30,40,40,40,46,46,46,40,40,40,768,1
40,40,40,50,50,50,40,40,40,36,36,36,488,1
50,50,50,40,40,40,34,34,34,40,40,40,124,2
30,30,30,40,40,40,44,44,44,40,40,40,833,1
30,30,30,40,40,40,46,46,46,40,40,40,966,1
40,40,40,30,30,30,40,40,40,34,34,34,597,1
40,40,40,40,40,40,30,30,30,40,40,40,309,2
40,40,40,40,40,40,40,40,40,50,50,50,121,2
40,40,40,30,30,30,40,40,40,46,46,46,867,2
40,40,40,40,40,40,44,44,44,40,40,40,448,1
50,50,50,40,40,40,32,32,32,40,40,40,585,2
50,50,50,40,40,40,42,42,42,40,40,40,656,1
50,50,50,40,40,40,46,46,46,40,40,40,856,1
40,40,40,40,40,40,40,40,40,36,36,36,807,1
40,40,40,50,50,50,40,40,40,40,40,40,259,2
50,50,50,40,40,40,30,30,30,40,40,40,386,2
50,50,50,40,40,40,40,40,40,40,40,40,226,1
40,40,40,50,50,50,40,40,40,32,32,32,453,1
40,40,40,40,40,40,44,44,44,40,40,40,415,1
40,40,40,30,30,30,40,40,40,30,30,30,793,1
40,40,40,40,40,40,42,42,42,40,40,40,348,1
40,40,40,40,40,40,34,34,34,40,40,40,674,2
40,40,40,40,40,40,40,40,40,34,34,34,212,1
40,40,40,40,40,40,34,34,34,40,40,40,608,2
50,50,50,40,40,40,48,48,48,40,40,40,857,1
40,40,40,30,30,30,40,40,40,40,40,40,699,2
40,40,40,50,50,50,40,40,40,44,44,44,855,2
40,40,40,50,50,50,40,40,40,50,50,50,231,2
50,50,50,40,40,40,44,44,44,40,40,40,426,1
30,30,30,40,40,40,38,38,38,40,40,40,170,2
40,40,40,50,50,50,40,40,40,50,50,50,330,2
30,30,30,40,40,40,34,34,34,40,40,40,168,2
40,40,40,30,30,30,40,40,40,34,34,34,432,1
40,40,40,30,30,30,40,40,40,42,42,42,799,2
40,40,40,40,40,40,40,40,40,40,40,40,776,2
40,40,40,30,30,30,40,40,40,44,44,44,701,2
40,40,40,40,40,40,40,40,40,40,40,40,578,2
30,30,30,40,40,40,34,34,34,40,40,40,960,2
40,40,40,30,30,30,40,40,40,34,34,34,861,1
40,40,40,40,40,40,32,32,32,40,40,40,244,2
40,40,40,40,40,40,40,40,40,34,34,34,245,1
40,40,40,30,30,30,40,40,40,42,42,42,73,2
40,40,40,40,40,40,40,40,40,34,34,34,839,1
50,50,50,40,40,40,32,32,32,40,40,40,981,2
40,40,40,50,50,50,40,40,40,30,30,30,122,1
30,30,30,40,40,40,40,40,40,40,40,40,204,1
40,40,40,40,40,40,40,40,40,50,50,50,616,2
40,40,40,40,40,40,42,42,42,40,40,40,909,1
40,40,40,30,30,30,40,40,40,32,32,32,101,1
50,50,50,40,40,40,36,36,36,40,40,40,323,2
40,40,40,40,40,40,46,46,46,40,40,40,548,1
50,50,50,40,40,40,36,36,36,40,40,40,785,2
40,40,40,40,40,40,40,40,40,42,42,42,447,2
40,40,40,40,40,40,40,40,40,38,38,38,115,1
40,40,40,40,40,40,40,40,40,48,48,48,483,2
40,40,40,40,40,40,38,38,38,40,40,40,544,2
40,40,40,40,40,40,48,48,48,40,40,40,87,1
40,40,40,50,50,50,40,40,40,42,42,42,458,2
50,50,50,40,40,40,50,50,50,40,40,40,396,1
40,40,40,30,30,30,40,40,40,38,38,38,434,1
50,50,50,40,40,40,42,42,42,40,40,40,986,1
50,50,50,40,40,40,46,46,46,40,40,40,64,1
50,50,50,40,40,40,32,32,32,40,40,40,486,2
30,30,30,40,40,40,32,32,32,40,40,40,68,2
50,50,50,40,40,40,34,34,34,40,40,40,289,2
40,40,40,50,50,50,40,40,40,38,38,38,885,1
40,40,40,40,40,40,48,48,48,40,40,40,219,1
50,50,50,40,40,40,32,32,32,40,40,40,156,2
40,40,40,40,40,40,38,38,38,40,40,40,214,2
40,40,40,50,50,50,40,40,40,40,40,40,622,2
40,40,40,40,40,40,34,34,34,40,40,40,14,2
50,50,50,40,40,40,48,48,48,40,40,40,659,1
40,40,40,40,40,40,40,40,40,46,46,46,812,2
50,50,50,40,40,40,48,48,48,40,40,40,626,1
40,40,40,40,40,40,40,40,40,30,30,30,177,1
30,30,30,40,40,40,32,32,32,40,40,40,464,2
30,30,30,40,40,40,32,32,32,40,40,40,530,2
40,40,40,40,40,40,40,40,40,42,42,42,546,2
50,50,50,40,40,40,40,40,40,40,40,40,358,1
40,40,40,40,40,40,50,50,50,40,40,40,451,1
40,40,40,30,30,30,40,40,40,46,46,46,801,2
40,40,40,40,40,40,36,36,36,40,40,40,642,2
40,40,40,40,40,40,40,40,40,40,40,40,17,2
40,40,40,50,50,50,40,40,40,34,34,34,487,1
40,40,40,40,40,40,46,46,46,40,40,40,647,1
30,30,30,40,40,40,32,32,32,40,40,40,398,2
40,40,40,40,40,40,46,46,46,40,40,40,152,1
30,30,30,40,40,40,40,40,40,40,40,40,567,1
40,40,40,30,30,30,40,40,40,30,30,30,1,1
40,40,40,30,30,30,40,40,40,36,36,36,301,1
50,50,50,40,40,40,30,30,30,40,40,40,551,2
40,40,40,50,50,50,40,40,40,34,34,34,553,1
40,40,40,50,50,50,40,40,40,48,48,48,329,2
30,30,30,40,40,40,34,34,34,40,40,40,36,2
40,40,40,40,40,40,42,42,42,40,40,40,150,1
50,50,50,40,40,40,30,30,30,40,40,40,452,2
40,40,40,40,40,40,40,40,40,32,32,32,574,1
50,50,50,40,40,40,34,34,34,40,40,40,223,2
40,40,40,40,40,40,40,40,40,32,32,32,772,1
30,30,30,40,40,40,50,50,50,40,40,40,440,1
40,40,40,40,40,40,44,44,44,40,40,40,580,1
50,50,50,40,40,40,34,34,34,40,40,40,949,2
40,40,40,40,40,40,32,32,32,40,40,40,475,2
40,40,40,30,30,30,40,40,40,50,50,50,44,2
40,40,40,30,30,30,40,40,40,30,30,30,67,1
40,40,40,30,30,30,40,40,40,46,46,46,372,2
40,40,40,30,30,30,40,40,40,38,38,38,137,1
30,30,30,40,40,40,50,50,50,40,40,40,638,1
30,30,30,40,40,40,44,44,44,40,40,40,767,1
40,40,40,50,50,50,40,40,40,48,48,48,395,2
50,50,50,40,40,40,32,32,32,40,40,40,387,2
30,30,30,40,40,40,34,34,34,40,40,40,696,2
50,50,50,40,40,40,50,50,50,40,40,40,759,1
30,30,30,40,40,40,38,38,38,40,40,40,698,2
40,40,40,40,40,40,50,50,50,40,40,40,847,1
30,30,30,40,40,40,36,36,36,40,40,40,136,2
30,30,30,40,40,40,48,48,48,40,40,40,274,1
40,40,40,30,30,30,40,40,40,36,36,36,532,1
40,40,40,30,30,30,40,40,40,48,48,48,571,2
30,30,30,40,40,40,50,50,50,40,40,40,506,1
50,50,50,40,40,40,42,42,42,40,40,40,29,1
40,40,40,50,50,50,40,40,40,38,38,38,522,1
40,40,40,40,40,40,40,40,40,38,38,38,643,1
30,30,30,40,40,40,32,32,32,40,40,40,35,2
40,40,40,30,30,30,40,40,40,32,32,32,2,1
40,40,40,50,50,50,40,40,40,36,36,36,752,1
50,50,50,40,40,40,38,38,38,40,40,40,588,2
30,30,30,40,40,40,42,42,42,40,40,40,436,1
40,40,40,40,40,40,42,42,42,40,40,40,414,1
40,40,40,40,40,40,40,40,40,46,46,46,218,2
50,50,50,40,40,40,32,32,32,40,40,40,618,2
40,40,40,30,30,30,40,40,40,42,42,42,337,2
40,40,40,50,50,50,40,40,40,42,42,42,326,2
30,30,30,40,40,40,40,40,40,40,40,40,666,1
50,50,50,40,40,40,42,42,42,40,40,40,95,1
40,40,40,30,30,30,40,40,40,42,42,42,502,2
50,50,50,40,40,40,46,46,46,40,40,40,361,1
40,40,40,30,30,30,40,40,40,50,50,50,704,2
40,40,40,40,40,40,40,40,40,30,30,30,540,1
40,40,40,40,40,40,40,40,40,44,44,44,349,2
50,50,50,40,40,40,50,50,50,40,40,40,363,1
30,30,30,40,40,40,34,34,34,40,40,40,465,2
40,40,40,40,40,40,40,40,40,30,30,30,705,1
30,30,30,40,40,40,36,36,36,40,40,40,895,2
40,40,40,40,40,40,40,40,40,40,40,40,644,2
40,40,40,40,40,40,32,32,32,40,40,40,805,2
30,30,30,40,40,40,50,50,50,40,40,40,737,1
40,40,40,40,40,40,40,40,40,30,30,30,969,1
40,40,40,40,40,40,34,34,34,40,40,40,740,2
40,40,40,40,40,40,50,50,50,40,40,40,154,1
40,40,40,50,50,50,40,40,40,36,36,36,455,1
40,40,40,40,40,40,40,40,40,42,42,42,480,2
30,30,30,40,40,40,44,44,44,40,40,40,338,1
50,50,50,40,40,40,34,34,34,40,40,40,619,2
40,40,40,40,40,40,40,40,40,50,50,50,715,2
30,30,30,40,40,40,44,44,44,40,40,40,173,1
30,30,30,40,40,40,50,50,50,40,40,40,770,1
50,50,50,40,40,40,40,40,40,40,40,40,688,1
50,50,50,40,40,40,40,40,40,40,40,40,193,1
50,50,50,40,40,40,30,30,30,40,40,40,584,2
40,40,40,40,40,40,30,30,30,40,40,40,276,2
40,40,40,40,40,40,44,44,44,40,40,40,547,1
30,30,30,40,40,40,30,30,30,40,40,40,958,2
50,50,50,40,40,40,30,30,30,40,40,40,419,2
30,30,30,40,40,40,46,46,46,40,40,40,405,1
50,50,50,40,40,40,32,32,32,40,40,40,882,2
50,50,50,40,40,40,32,32,32,40,40,40,321,2
50,50,50,40,40,40,42,42,42,40,40,40,392,1
50,50,50,40,40,40,38,38,38,40,40,40,93,2
30,30,30,40,40,40,30,30,30,40,40,40,496,2
40,40,40,50,50,50,40,40,40,50,50,50,858,2
40,40,40,40,40,40,40,40,40,36,36,36,840,1
30,30,30,40,40,40,50,50,50,40,40,40,605,1
40,40,40,50,50,50,40,40,40,48,48,48,65,2
40,40,40,40,40,40,46,46,46,40,40,40,482,1
50,50,50,40,40,40,48,48,48,40,40,40,692,1
40,40,40,40,40,40,40,40,40,46,46,46,383,2
40,40,40,40,40,40,40,40,40,32,32,32,277,1
30,30,30,40,40,40,32,32,32,40,40,40,827,2
40,40,40,40,40,40,46,46,46,40,40,40,317,1
40,40,40,50,50,50,40,40,40,40,40,40,556,2
50,50,50,40,40,40,50,50,50,40,40,40,33,1
40,40,40,50,50,50,40,40,40,44,44,44,195,2
40,40,40,30,30,30,40,40,40,50,50,50,539,2
30,30,30,40,40,40,40,40,40,40,40,40,270,1
40,40,40,40,40,40,40,40,40,38,38,38,49,1
40,40,40,30,30,30,40,40,40,36,36,36,862,1
40,40,40,40,40,40,32,32,32,40,40,40,409,2
40,40,40,30,30,30,40,40,40,46,46,46,504,2
40,40,40,30,30,30,40,40,40,30,30,30,166,1
40,40,40,40,40,40,40,40,40,42,42,42,84,2
40,40,40,40,40,40,48,48,48,40,40,40,879,1
40,40,40,30,30,30,40,40,40,38,38,38,929,1
30,30,30,40,40,40,44,44,44,40,40,40,800,1
50,50,50,40,40,40,30,30,30,40,40,40,23,2
40,40,40,40,40,40,40,40,40,48,48,48,351,2
30,30,30,40,40,40,38,38,38,40,40,40,368,2
40,40,40,30,30,30,40,40,40,48,48,48,340,2
40,40,40,40,40,40,38,38,38,40,40,40,907,2
30,30,30,40,40,40,44,44,44,40,40,40,899,1
40,40,40,40,40,40,32,32,32,40,40,40,838,2
40,40,40,50,50,50,40,40,40,42,42,42,62,2
40,40,40,50,50,50,40,40,40,44,44,44,327,2
40,40,40,40,40,40,30,30,30,40,40,40,78,2
40,40,40,30,30,30,40,40,40,48,48,48,637,2
40,40,40,50,50,50,40,40,40,42,42,42,689,2
40,40,40,30,30,30,40,40,40,32,32,32,200,1
50,50,50,40,40,40,44,44,44,40,40,40,624,1
40,40,40,40,40,40,40,40,40,36,36,36,444,1
30,30,30,40,40,40,38,38,38,40,40,40,467,2
30,30,30,40,40,40,48,48,48,40,40,40,241,1
40,40,40,50,50,50,40,40,40,34,34,34,91,1
40,40,40,30,30,30,40,40,40,42,42,42,964,2
40,40,40,30,30,30,40,40,40,46,46,46,471,2
40,40,40,40,40,40,40,40,40,48,48,48,912,2
50,50,50,40,40,40,38,38,38,40,40,40,423,2
30,30,30,40,40,40,46,46,46,40,40,40,174,1
40,40,40,40,40,40,40,40,40,48,48,48,846,2
30,30,30,40,40,40,32,32,32,40,40,40,893,2
40,40,40,30,30,30,40,40,40,48,48,48,802,2
40,40,40,40,40,40,40,40,40,30,30,30,243,1
50,50,50,40,40,40,32,32,32,40,40,40,948,2
40,40,40,40,40,40,40,40,40,40,40,40,677,2
50,50,50,40,40,40,48,48,48,40,40,40,197,1
50,50,50,40,40,40,40,40,40,40,40,40,820,1
40,40,40,30,30,30,40,40,40,38,38,38,632,1
40,40,40,40,40,40,34,34,34,40,40,40,410,2
40,40,40,40,40,40,40,40,40,42,42,42,18,2
40,40,40,50,50,50,40,40,40,46,46,46,658,2
30,30,30,40,40,40,34,34,34,40,40,40,531,2
40,40,40,40,40,40,40,40,40,44,44,44,217,2
40,40,40,50,50,50,40,40,40,32,32,32,915,1
40,40,40,30,30,30,40,40,40,34,34,34,828,1
40,40,40,40,40,40,38,38,38,40,40,40,841,2
40,40,40,40,40,40,42,42,42,40,40,40,117,1
40,40,40,50,50,50,40,40,40,42,42,42,623,2
40,40,40,30,30,30,40,40,40,34,34,34,201,1
40,40,40,50,50,50,40,40,40,48,48,48,593,2
40,40,40,40,40,40,40,40,40,42,42,42,249,2
40,40,40,30,30,30,40,40,40,38,38,38,665,1
50,50,50,40,40,40,34,34,34,40,40,40,784,2
50,50,50,40,40,40,46,46,46,40,40,40,691,1
30,30,30,40,40,40,44,44,44,40,40,40,206,1
40,40,40,50,50,50,40,40,40,34,34,34,355,1
40,40,40,30,30,30,40,40,40,36,36,36,829,1
30,30,30,40,40,40,38,38,38,40,40,40,500,2
50,50,50,40,40,40,38,38,38,40,40,40,291,2
50,50,50,40,40,40,32,32,32,40,40,40,24,2
40,40,40,40,40,40,46,46,46,40,40,40,416,1
50,50,50,40,40,40,32,32,32,40,40,40,816,2
30,30,30,40,40,40,42,42,42,40,40,40,469,1
50,50,50,40,40,40,48,48,48,40,40,40,32,1
40,40,40,40,40,40,40,40,40,48,48,48,615,2
40,40,40,50,50,50,40,40,40,36,36,36,356,1
30,30,30,40,40,40,40,40,40,40,40,40,138,1
40,40,40,40,40,40,40,40,40,32,32,32,112,1
40,40,40,40,40,40,40,40,40,46,46,46,977,2
30,30,30,40,40,40,38,38,38,40,40,40,203,2
30,30,30,40,40,40,32,32,32,40,40,40,629,2
30,30,30,40,40,40,30,30,30,40,40,40,133,2
50,50,50,40,40,40,40,40,40,40,40,40,28,1
40,40,40,40,40,40,40,40,40,32,32,32,211,1
40,40,40,30,30,30,40,40,40,36,36,36,499,1
40,40,40,50,50,50,40,40,40,36,36,36,719,1
30,30,30,40,40,40,36,36,36,40,40,40,367,2
30,30,30,40,40,40,34,34,34,40,40,40,267,2
40,40,40,30,30,30,40,40,40,38,38,38,830,1
50,50,50,40,40,40,42,42,42,40,40,40,821,1
40,40,40,40,40,40,40,40,40,48,48,48,681,2
40,40,40,50,50,50,40,40,40,30,30,30,650,1
30,30,30,40,40,40,44,44,44,40,40,40,239,1
50,50,50,40,40,40,44,44,44,40,40,40,96,1
50,50,50,40,40,40,32,32,32,40,40,40,288,2
40,40,40,30,30,30,40,40,40,42,42,42,172,2
40,40,40,40,40,40,40,40,40,40,40,40,248,1
40,40,40,40,40,40,40,40,40,32,32,32,178,1
40,40,40,30,30,30,40,40,40,42,42,42,304,2
40,40,40,40,40,40,50,50,50,40,40,40,583,1
50,50,50,40,40,40,36,36,36,40,40,40,554,2
40,40,40,40,40,40,50,50,50,40,40,40,286,1
50,50,50,40,40,40,50,50,50,40,40,40,792,1
30,30,30,40,40,40,42,42,42,40,40,40,601,1
40,40,40,30,30,30,40,40,40,36,36,36,664,1
40,40,40,40,40,40,40,40,40,44,44,44,514,2
40,40,40,40,40,40,50,50,50,40,40,40,517,1
30,30,30,40,40,40,38,38,38,40,40,40,731,2
30,30,30,40,40,40,34,34,34,40,40,40,498,2
40,40,40,30,30,30,40,40,40,36,36,36,103,1
50,50,50,40,40,40,32,32,32,40,40,40,189,2
40,40,40,40,40,40,44,44,44,40,40,40,118,1
40,40,40,50,50,50,40,40,40,32,32,32,651,1
30,30,30,40,40,40,32,32,32,40,40,40,563,2
50,50,50,40,40,40,42,42,42,40,40,40,755,1
40,40,40,40,40,40,40,40,40,38,38,38,82,1
40,40,40,40,40,40,40,40,40,40,40,40,512,2
50,50,50,40,40,40,44,44,44,40,40,40,492,1
40,40,40,30,30,30,40,40,40,40,40,40,600,2
40,40,40,50,50,50,40,40,40,44,44,44,987,2
30,30,30,40,40,40,36,36,36,40,40,40,730,2
30,30,30,40,40,40,34,34,34,40,40,40,300,2
40,40,40,30,30,30,40,40,40,30,30,30,859,1
40,40,40,50,50,50,40,40,40,40,40,40,589,2
40,40,40,50,50,50,40,40,40,34,34,34,256,1
40,40,40,40,40,40,40,40,40,46,46,46,911,2
40,40,40,50,50,50,40,40,40,46,46,46,460,2
40,40,40,30,30,30,40,40,40,50,50,50,902,2
40,40,40,40,40,40,46,46,46,40,40,40,581,1
40,40,40,40,40,40,30,30,30,40,40,40,210,2
40,40,40,40,40,40,36,36,36,40,40,40,477,2
40,40,40,40,40,40,44,44,44,40,40,40,85,1
40,40,40,40,40,40,42,42,42,40,40,40,216,1
30,30,30,40,40,40,40,40,40,40,40,40,864,1
50,50,50,40,40,40,32,32,32,40,40,40,717,2
40,40,40,40,40,40,48,48,48,40,40,40,648,1
50,50,50,40,40,40,48,48,48,40,40,40,527,1
40,40,40,50,50,50,40,40,40,40,40,40,952,2
40,40,40,40,40,40,30,30,30,40,40,40,45,2
30,30,30,40,40,40,50,50,50,40,40,40,242,1
40,40,40,50,50,50,40,40,40,36,36,36,26,1
50,50,50,40,40,40,30,30,30,40,40,40,320,2
40,40,40,30,30,30,40,40,40,44,44,44,140,2
40,40,40,30,30,30,40,40,40,42,42,42,931,2
40,40,40,40,40,40,40,40,40,34,34,34,443,1
30,30,30,40,40,40,36,36,36,40,40,40,598,2
50,50,50,40,40,40,50,50,50,40,40,40,627,1
40,40,40,30,30,30,40,40,40,38,38,38,764,1
40,40,40,40,40,40,40,40,40,40,40,40,281,2
40,40,40,50,50,50,40,40,40,36,36,36,884,1
40,40,40,40,40,40,30,30,30,40,40,40,936,2
40,40,40,30,30,30,40,40,40,36,36,36,70,1
40,40,40,50,50,50,40,40,40,30,30,30,188,1
50,50,50,40,40,40,46,46,46,40,40,40,724,1
50,50,50,40,40,40,42,42,42,40,40,40,590,1
40,40,40,50,50,50,40,40,40,48,48,48,428,2
40,40,40,40,40,40,38,38,38,40,40,40,742,2
50,50,50,40,40,40,36,36,36,40,40,40,587,2
40,40,40,40,40,40,40,40,40,34,34,34,971,1
40,40,40,50,50,50,40,40,40,44,44,44,789,2
40,40,40,30,30,30,40,40,40,44,44,44,536,2
40,40,40,30,30,30,40,40,40,48,48,48,769,2
40,40,40,40,40,40,40,40,40,46,46,46,515,2
30,30,30,40,40,40,32,32,32,40,40,40,332,2
40,40,40,30,30,30,40,40,40,40,40,40,798,2
40,40,40,40,40,40,32,32,32,40,40,40,607,2
40,40,40,50,50,50,40,40,40,44,44,44,690,2
40,40,40,40,40,40,40,40,40,46,46,46,779,2
50,50,50,40,40,40,32,32,32,40,40,40,552,2
40,40,40,30,30,30,40,40,40,36,36,36,697,1
40,40,40,40,40,40,40,40,40,34,34,34,509,1
50,50,50,40,40,40,38,38,38,40,40,40,687,2
30,30,30,40,40,40,46,46,46,40,40,40,240,1
40,40,40,40,40,40,40,40,40,34,34,34,542,1
40,40,40,50,50,50,40,40,40,46,46,46,295,2
50,50,50,40,40,40,38,38,38,40,40,40,720,2
40,40,40,50,50,50,40,40,40,46,46,46,427,2
40,40,40,40,40,40,30,30,30,40,40,40,870,2
40,40,40,50,50,50,40,40,40,42,42,42,293,2
30,30,30,40,40,40,38,38,38,40,40,40,962,2
40,40,40,40,40,40,40,40,40,36,36,36,378,1
40,40,40,50,50,50,40,40,40,34,34,34,850,1
40,40,40,40,40,40,40,40,40,40,40,40,545,1
40,40,40,50,50,50,40,40,40,30,30,30,848,1
40,40,40,30,30,30,40,40,40,32,32,32,926,1
40,40,40,30,30,30,40,40,40,38,38,38,599,1
40,40,40,50,50,50,40,40,40,38,38,38,654,1
40,40,40,30,30,30,40,40,40,34,34,34,102,1
50,50,50,40,40,40,34,34,34,40,40,40,454,2
30,30,30,40,40,40,40,40,40,40,40,40,765,1
40,40,40,40,40,40,40,40,40,30,30,30,804,1
30,30,30,40,40,40,48,48,48,40,40,40,406,1
40,40,40,40,40,40,38,38,38,40,40,40,874,2
30,30,30,40,40,40,30,30,30,40,40,40,100,2
40,40,40,30,30,30,40,40,40,42,42,42,139,2
40,40,40,30,30,30,40,40,40,46,46,46,636,2
30,30,30,40,40,40,34,34,34,40,40,40,135,2
40,40,40,40,40,40,40,40,40,40,40,40,446,2
50,50,50,40,40,40,40,40,40,40,40,40,787,1
40,40,40,50,50,50,40,40,40,44,44,44,129,2
40,40,40,40,40,40,36,36,36,40,40,40,972,2
40,40,40,40,40,40,44,44,44,40,40,40,910,1
40,40,40,30,30,30,40,40,40,50,50,50,176,2
40,40,40,40,40,40,32,32,32,40,40,40,46,2
40,40,40,40,40,40,40,40,40,32,32,32,310,1
40,40,40,50,50,50,40,40,40,30,30,30,56,1
40,40,40,50,50,50,40,40,40,30,30,30,980,1
40,40,40,30,30,30,40,40,40,46,46,46,702,2
50,50,50,40,40,40,30,30,30,40,40,40,881,2
30,30,30,40,40,40,32,32,32,40,40,40,134,2
40,40,40,50,50,50,40,40,40,48,48,48,131,2
30,30,30,40,40,40,44,44,44,40,40,40,965,1
40,40,40,40,40,40,34,34,34,40,40,40,872,2
40,40,40,30,30,30,40,40,40,42,42,42,271,2
30,30,30,40,40,40,32,32,32,40,40,40,959,2
40,40,40,40,40,40,40,40,40,48,48,48,978,2
40,40,40,40,40,40,40,40,40,44,44,44,943,2
40,40,40,40,40,40,40,40,40,38,38,38,148,1
40,40,40,40,40,40,38,38,38,40,40,40,247,2
40,40,40,50,50,50,40,40,40,38,38,38,60,1
40,40,40,40,40,40,40,40,40,40,40,40,215,2
30,30,30,40,40,40,38,38,38,40,40,40,335,2
40,40,40,50,50,50,40,40,40,42,42,42,887,2
50,50,50,40,40,40,36,36,36,40,40,40,653,2
40,40,40,40,40,40,32,32,32,40,40,40,13,2
40,40,40,50,50,50,40,40,40,38,38,38,225,1
50,50,50,40,40,40,48,48,48,40,40,40,923,1
40,40,40,40,40,40,38,38,38,40,40,40,346,2
40,40,40,50,50,50,40,40,40,34,34,34,190,1
40,40,40,40,40,40,38,38,38,40,40,40,16,2
50,50,50,40,40,40,46,46,46,40,40,40,955,1
40,40,40,30,30,30,40,40,40,42,42,42,40,2
50,50,50,40,40,40,44,44,44,40,40,40,888,1
40,40,40,30,30,30,40,40,40,48,48,48,307,2
40,40,40,30,30,30,40,40,40,32,32,32,695,1
40,40,40,40,40,40,40,40,40,38,38,38,577,1
40,40,40,40,40,40,40,40,40,40,40,40,809,2
50,50,50,40,40,40,32,32,32,40,40,40,849,2
40,40,40,40,40,40,40,40,40,34,34,34,575,1
40,40,40,50,50,50,40,40,40,48,48,48,560,2
50,50,50,40,40,40,42,42,42,40,40,40,854,1
40,40,40,30,30,30,40,40,40,30,30,30,661,1
40,40,40,30,30,30,40,40,40,48,48,48,604,2
40,40,40,30,30,30,40,40,40,50,50,50,836,2
40,40,40,40,40,40,40,40,40,46,46,46,944,2
40,40,40,30,30,30,40,40,40,50,50,50,407,2
40,40,40,40,40,40,44,44,44,40,40,40,976,1
30,30,30,40,40,40,46,46,46,40,40,40,834,1
40,40,40,40,40,40,46,46,46,40,40,40,614,1
50,50,50,40,40,40,32,32,32,40,40,40,354,2
40,40,40,40,40,40,44,44,44,40,40,40,778,1
40,40,40,30,30,30,40,40,40,50,50,50,11,2
40,40,40,40,40,40,38,38,38,40,40,40,775,2
40,40,40,40,40,40,38,38,38,40,40,40,478,2
30,30,30,40,40,40,40,40,40,40,40,40,171,1
40,40,40,40,40,40,40,40,40,44,44,44,382,2
50,50,50,40,40,40,50,50,50,40,40,40,726,1
30,30,30,40,40,40,36,36,36,40,40,40,433,2
50,50,50,40,40,40,36,36,36,40,40,40,422,2
40,40,40,40,40,40,40,40,40,40,40,40,875,1
40,40,40,50,50,50,40,40,40,36,36,36,521,1
50,50,50,40,40,40,50,50,50,40,40,40,990,1
40,40,40,40,40,40,40,40,40,40,40,40,182,1
30,30,30,40,40,40,48,48,48,40,40,40,967,1
40,40,40,30,30,30,40,40,40,42,42,42,205,2
50,50,50,40,40,40,48,48,48,40,40,40,296,1
40,40,40,30,30,30,40,40,40,30,30,30,925,1
40,40,40,50,50,50,40,40,40,30,30,30,782,1
30,30,30,40,40,40,34,34,34,40,40,40,663,2
40,40,40,50,50,50,40,40,40,32,32,32,90,1
40,40,40,30,30,30,40,40,40,48,48,48,142,2
40,40,40,40,40,40,30,30,30,40,40,40,111,2
40,40,40,30,30,30,40,40,40,46,46,46,537,2
40,40,40,40,40,40,32,32,32,40,40,40,739,2
40,40,40,50,50,50,40,40,40,34,34,34,982,1
40,40,40,30,30,30,40,40,40,32,32,32,431,1
30,30,30,40,40,40,30,30,30,40,40,40,694,2
40,40,40,30,30,30,40,40,40,44,44,44,470,2
40,40,40,40,40,40,40,40,40,32,32,32,937,1
50,50,50,40,40,40,42,42,42,40,40,40,722,1
40,40,40,40,40,40,34,34,34,40,40,40,311,2
50,50,50,40,40,40,36,36,36,40,40,40,158,2
40,40,40,50,50,50,40,40,40,50,50,50,264,2
40,40,40,50,50,50,40,40,40,48,48,48,890,2
40,40,40,30,30,30,40,40,40,30,30,30,430,1
30,30,30,40,40,40,44,44,44,40,40,40,74,1
40,40,40,40,40,40,40,40,40,50,50,50,979,2
40,40,40,30,30,30,40,40,40,42,42,42,865,2
40,40,40,50,50,50,40,40,40,50,50,50,561,2
50,50,50,40,40,40,42,42,42,40,40,40,425,1
30,30,30,40,40,40,42,42,42,40,40,40,700,1
40,40,40,50,50,50,40,40,40,32,32,32,123,1
50,50,50,40,40,40,48,48,48,40,40,40,362,1
40,40,40,40,40,40,36,36,36,40,40,40,510,2
40,40,40,40,40,40,40,40,40,46,46,46,845,2
40,40,40,50,50,50,40,40,40,44,44,44,162,2
40,40,40,40,40,40,50,50,50,40,40,40,781,1
30,30,30,40,40,40,34,34,34,40,40,40,234,2
40,40,40,40,40,40,46,46,46,40,40,40,878,1
40,40,40,40,40,40,40,40,40,48,48,48,153,2
50,50,50,40,40,40,38,38,38,40,40,40,951,2
30,30,30,40,40,40,36,36,36,40,40,40,466,2
30,30,30,40,40,40,50,50,50,40,40,40,968,1
40,40,40,30,30,30,40,40,40,48,48,48,835,2
40,40,40,40,40,40,40,40,40,48,48,48,384,2
40,40,40,40,40,40,40,40,40,32,32,32,442,1
40,40,40,40,40,40,50,50,50,40,40,40,649,1
40,40,40,30,30,30,40,40,40,46,46,46,207,2
50,50,50,40,40,40,50,50,50,40,40,40,528,1
40,40,40,40,40,40,34,34,34,40,40,40,278,2
40,40,40,40,40,40,46,46,46,40,40,40,185,1
30,30,30,40,40,40,42,42,42,40,40,40,238,1
40,40,40,40,40,40,40,40,40,32,32,32,904,1
40,40,40,40,40,40,38,38,38,40,40,40,181,2
30,30,30,40,40,40,48,48,48,40,40,40,10,1
40,40,40,40,40,40,36,36,36,40,40,40,279,2
40,40,40,30,30,30,40,40,40,44,44,44,668,2
40,40,40,30,30,30,40,40,40,36,36,36,37,1
30,30,30,40,40,40,40,40,40,40,40,40,336,1
40,40,40,40,40,40,42,42,42,40,40,40,513,1
50,50,50,40,40,40,40,40,40,40,40,40,490,1
40,40,40,40,40,40,40,40,40,44,44,44,184,2
30,30,30,40,40,40,40,40,40,40,40,40,534,1
40,40,40,50,50,50,40,40,40,40,40,40,457,2
50,50,50,40,40,40,38,38,38,40,40,40,27,2
40,40,40,40,40,40,40,40,40,36,36,36,246,1
40,40,40,40,40,40,40,40,40,42,42,42,612,2
40,40,40,40,40,40,40,40,40,38,38,38,676,1
40,40,40,40,40,40,40,40,40,30,30,30,12,1
30,30,30,40,40,40,50,50,50,40,40,40,308,1
40,40,40,50,50,50,40,40,40,48,48,48,989,2
30,30,30,40,40,40,34,34,34,40,40,40,795,2
40,40,40,40,40,40,40,40,40,48,48,48,186,2
40,40,40,50,50,50,40,40,40,32,32,32,519,1
40,40,40,50,50,50,40,40,40,50,50,50,198,2
40,40,40,40,40,40,40,40,40,40,40,40,974,1
40,40,40,40,40,40,40,40,40,36,36,36,939,1
30,30,30,40,40,40,46,46,46,40,40,40,273,1
50,50,50,40,40,40,46,46,46,40,40,40,823,1
50,50,50,40,40,40,50,50,50,40,40,40,594,1
40,40,40,40,40,40,30,30,30,40,40,40,738,2
50,50,50,40,40,40,38,38,38,40,40,40,555,2
50,50,50,40,40,40,30,30,30,40,40,40,617,2
50,50,50,40,40,40,34,34,34,40,40,40,751,2
50,50,50,40,40,40,42,42,42,40,40,40,557,1
40,40,40,50,50,50,40,40,40,50,50,50,891,2
50,50,50,40,40,40,48,48,48,40,40,40,725,1
30,30,30,40,40,40,46,46,46,40,40,40,735,1
50,50,50,40,40,40,30,30,30,40,40,40,89,2
30,30,30,40,40,40,32,32,32,40,40,40,596,2
30,30,30,40,40,40,46,46,46,40,40,40,933,1
40,40,40,50,50,50,40,40,40,46,46,46,922,2
40,40,40,40,40,40,40,40,40,42,42,42,579,2
50,50,50,40,40,40,46,46,46,40,40,40,328,1
50,50,50,40,40,40,34,34,34,40,40,40,157,2
40,40,40,30,30,30,40,40,40,50,50,50,143,2
30,30,30,40,40,40,34,34,34,40,40,40,564,2
40,40,40,40,40,40,40,40,40,38,38,38,709,1
30,30,30,40,40,40,40,40,40,40,40,40,435,1
40,40,40,40,40,40,34,34,34,40,40,40,938,2
50,50,50,40,40,40,40,40,40,40,40,40,391,1
30,30,30,40,40,40,44,44,44,40,40,40,305,1
50,50,50,40,40,40,44,44,44,40,40,40,63,1
40,40,40,40,40,40,40,40,40,48,48,48,747,2
50,50,50,40,40,40,38,38,38,40,40,40,621,2
50,50,50,40,40,40,40,40,40,40,40,40,919,1
40,40,40,40,40,40,40,40,40,48,48,48,516,2
50,50,50,40,40,40,36,36,36,40,40,40,851,2
30,30,30,40,40,40,42,42,42,40,40,40,667,1
40,40,40,50,50,50,40,40,40,32,32,32,57,1
40,40,40,40,40,40,40,40,40,40,40,40,347,1
30,30,30,40,40,40,44,44,44,40,40,40,932,1
40,40,40,40,40,40,48,48,48,40,40,40,285,1
50,50,50,40,40,40,46,46,46,40,40,40,625,1
40,40,40,50,50,50,40,40,40,36,36,36,59,1
30,30,30,40,40,40,32,32,32,40,40,40,365,2
40,40,40,40,40,40,40,40,40,32,32,32,508,1
50,50,50,40,40,40,36,36,36,40,40,40,686,2
40,40,40,30,30,30,40,40,40,34,34,34,762,1
40,40,40,50,50,50,40,40,40,42,42,42,524,2
40,40,40,30,30,30,40,40,40,32,32,32,167,1
40,40,40,50,50,50,40,40,40,36,36,36,983,1
40,40,40,50,50,50,40,40,40,50,50,50,165,2
40,40,40,30,30,30,40,40,40,32,32,32,728,1
40,40,40,40,40,40,42,42,42,40,40,40,810,1
40,40,40,40,40,40,40,40,40,36,36,36,114,1
30,30,30,40,40,40,42,42,42,40,40,40,535,1
40,40,40,30,30,30,40,40,40,48,48,48,901,2
50,50,50,40,40,40,36,36,36,40,40,40,389,2
50,50,50,40,40,40,40,40,40,40,40,40,655,1
40,40,40,40,40,40,40,40,40,34,34,34,113,1
40,40,40,40,40,40,42,42,42,40,40,40,876,1
40,40,40,30,30,30,40,40,40,38,38,38,863,1
40,40,40,50,50,50,40,40,40,46,46,46,394,2
40,40,40,40,40,40,40,40,40,32,32,32,871,1
30,30,30,40,40,40,46,46,46,40,40,40,9,1
30,30,30,40,40,40,38,38,38,40,40,40,533,2
30,30,30,40,40,40,46,46,46,40,40,40,108,1
50,50,50,40,40,40,50,50,50,40,40,40,495,1
40,40,40,30,30,30,40,40,40,44,44,44,8,2
30,30,30,40,40,40,48,48,48,40,40,40,868,1
40,40,40,30,30,30,40,40,40,46,46,46,669,2
40,40,40,40,40,40,40,40,40,44,44,44,877,2
40,40,40,40,40,40,40,40,40,34,34,34,773,1
40,40,40,30,30,30,40,40,40,40,40,40,897,2
40,40,40,40,40,40,40,40,40,50,50,50,814,2
40,40,40,40,40,40,46,46,46,40,40,40,53,1
30,30,30,40,40,40,36,36,36,40,40,40,202,2
40,40,40,50,50,50,40,40,40,44,44,44,756,2
40,40,40,50,50,50,40,40,40,36,36,36,950,1
30,30,30,40,40,40,34,34,34,40,40,40,729,2
40,40,40,40,40,40,40,40,40,40,40,40,842,1
40,40,40,30,30,30,40,40,40,40,40,40,732,2
40,40,40,50,50,50,40,40,40,42,42,42,920,2
40,40,40,40,40,40,30,30,30,40,40,40,672,2
40,40,40,40,40,40,40,40,40,46,46,46,746,2
50,50,50,40,40,40,44,44,44,40,40,40,30,1
40,40,40,40,40,40,50,50,50,40,40,40,682,1
40,40,40,50,50,50,40,40,40,36,36,36,620,1
40,40,40,40,40,40,32,32,32,40,40,40,970,2
30,30,30,40,40,40,42,42,42,40,40,40,403,1
40,40,40,30,30,30,40,40,40,46,46,46,603,2
50,50,50,40,40,40,48,48,48,40,40,40,791,1
40,40,40,30,30,30,40,40,40,38,38,38,566,1
40,40,40,30,30,30,40,40,40,36,36,36,334,1
40,40,40,30,30,30,40,40,40,46,46,46,306,2
