113,112,109,99,98,95,113,112,109,102,101,98,299,1
113,112,109,99,98,95,113,112,109,113,112,109,369,2
113,112,109,125,123,121,113,112,109,99,98,95,749,1
113,112,109,99,98,95,113,112,109,115,114,111,568,2
125,123,121,113,112,109,110,109,106,113,112,109,456,2
125,123,121,113,112,109,125,123,121,113,112,109,99,1
125,123,121,113,112,109,118,116,114,113,112,109,228,1
113,112,109,113,112,109,113,112,109,122,121,118,21,2
113,112,109,113,112,109,125,123,121,113,112,109,352,1
113,112,109,113,112,109,113,112,109,125,123,121,946,2
125,123,121,113,112,109,118,116,114,113,112,109,360,1
113,112,109,113,112,109,120,119,116,113,112,109,680,1
125,123,121,113,112,109,99,98,95,113,112,109,254,2
113,112,109,113,112,109,122,121,118,113,112,109,54,1
113,112,109,125,123,121,113,112,109,110,109,106,258,1
113,112,109,99,98,95,113,112,109,108,106,104,631,1
113,112,109,99,98,95,113,112,109,118,116,114,569,2
113,112,109,113,112,109,113,112,109,115,114,111,315,2
113,112,109,125,123,121,113,112,109,115,114,111,788,2
125,123,121,113,112,109,99,98,95,113,112,109,815,2
113,112,109,113,112,109,113,112,109,108,106,104,48,1
113,112,109,125,123,121,113,112,109,120,119,116,229,2
99,98,95,113,112,109,108,106,104,113,112,109,235,2
113,112,109,99,98,95,113,112,109,118,116,114,404,2
99,98,95,113,112,109,118,116,114,113,112,109,866,1
113,112,109,113,112,109,113,112,109,108,106,104,675,1
113,112,109,99,98,95,113,112,109,99,98,95,232,1
113,112,109,113,112,109,105,104,101,113,112,109,80,2
113,112,109,113,112,109,113,112,109,122,121,118,714,2
113,112,109,113,112,109,113,112,109,118,116,114,646,2
125,123,121,113,112,109,99,98,95,113,112,109,947,2
113,112,109,99,98,95,113,112,109,113,112,109,963,2
113,112,109,113,112,109,99,98,95,113,112,109,507,2
125,123,121,113,112,109,125,123,121,113,112,109,825,1
125,123,121,113,112,109,105,104,101,113,112,109,718,2
113,112,109,125,123,121,113,112,109,113,112,109,61,2
113,112,109,113,112,109,110,109,106,113,112,109,610,2
113,112,109,113,112,109,113,112,109,113,112,109,941,1
125,123,121,113,112,109,118,116,114,113,112,109,261,1
99,98,95,113,112,109,105,104,101,113,112,109,630,2
125,123,121,113,112,109,110,109,106,113,112,109,324,2
113,112,109,125,123,121,113,112,109,113,112,109,292,2
113,112,109,125,123,121,113,112,109,122,121,118,164,2
113,112,109,99,98,95,113,112,109,99,98,95,463,1
113,112,109,125,123,121,113,112,109,108,106,104,125,1
125,123,121,113,112,109,102,101,98,113,112,109,783,2
125,123,121,113,112,109,120,119,116,113,112,109,163,1
113,112,109,99,98,95,113,112,109,118,116,114,635,2
113,112,109,113,112,109,113,112,109,102,101,98,541,1
113,112,109,125,123,121,113,112,109,120,119,116,988,2
113,112,109,113,112,109,118,116,114,113,112,109,613,1
113,112,109,113,112,109,122,121,118,113,112,109,582,1
99,98,95,113,112,109,122,121,118,113,112,109,505,1
113,112,109,113,112,109,108,106,104,113,112,109,576,2
113,112,109,99,98,95,113,112,109,115,114,111,7,2
125,123,121,113,112,109,122,121,118,113,112,109,98,1
113,112,109,99,98,95,113,112,109,113,112,109,831,2
99,98,95,113,112,109,99,98,95,113,112,109,760,2
99,98,95,113,112,109,118,116,114,113,112,109,41,1
113,112,109,113,112,109,115,114,111,113,112,109,183,1
113,112,109,125,123,121,113,112,109,118,116,114,954,2
113,112,109,99,98,95,113,112,109,122,121,118,538,2
125,123,121,113,112,109,125,123,121,113,112,109,66,1
99,98,95,113,112,109,102,101,98,113,112,109,497,2
113,112,109,113,112,109,113,112,109,118,116,114,316,2
113,112,109,113,112,109,102,101,98,113,112,109,673,2
113,112,109,125,123,121,113,112,109,125,123,121,693,2
113,112,109,113,112,109,115,114,111,113,112,109,942,1
113,112,109,113,112,109,113,112,109,118,116,114,481,2
113,112,109,113,112,109,99,98,95,113,112,109,837,2
113,112,109,99,98,95,113,112,109,115,114,111,370,2
113,112,109,113,112,109,113,112,109,113,112,109,83,1
99,98,95,113,112,109,105,104,101,113,112,109,333,2
125,123,121,113,112,109,125,123,121,113,112,109,429,1
113,112,109,125,123,121,113,112,109,115,114,111,359,2
99,98,95,113,112,109,99,98,95,113,112,109,892,2
113,112,109,99,98,95,113,112,109,102,101,98,794,1
113,112,109,99,98,95,113,112,109,125,123,121,935,2
125,123,121,113,112,109,120,119,116,113,112,109,889,1
113,112,109,113,112,109,113,112,109,105,104,101,179,1
99,98,95,113,112,109,115,114,111,113,112,109,832,1
113,112,109,99,98,95,113,112,109,120,119,116,438,2
113,112,109,99,98,95,113,112,109,113,112,109,72,2
99,98,95,113,112,109,105,104,101,113,112,109,3,2
125,123,121,113,112,109,118,116,114,113,112,109,723,1
113,112,109,125,123,121,113,112,109,113,112,109,127,2
113,112,109,113,112,109,113,112,109,115,114,111,843,2
125,123,121,113,112,109,105,104,101,113,112,109,322,2
113,112,109,125,123,121,113,112,109,115,114,111,194,2
113,112,109,113,112,109,99,98,95,113,112,109,408,2
113,112,109,113,112,109,113,112,109,125,123,121,880,2
113,112,109,113,112,109,110,109,106,113,112,109,412,2
113,112,109,113,112,109,113,112,109,118,116,114,52,2
113,112,109,113,112,109,110,109,106,113,112,109,445,2
113,112,109,113,112,109,113,112,109,113,112,109,479,2
125,123,121,113,112,109,102,101,98,113,112,109,255,2
113,112,109,99,98,95,113,112,109,120,119,116,339,2
99,98,95,113,112,109,120,119,116,113,112,109,570,1
125,123,121,113,112,109,99,98,95,113,112,109,353,2
113,112,109,125,123,121,113,112,109,122,121,118,494,2
113,112,109,113,112,109,113,112,109,113,112,109,413,2
125,123,121,113,112,109,113,112,109,113,112,109,985,1
113,112,109,99,98,95,113,112,109,115,114,111,898,2
113,112,109,125,123,121,113,112,109,110,109,106,786,1
113,112,109,113,112,109,113,112,109,105,104,101,905,1
125,123,121,113,112,109,113,112,109,113,112,109,721,1
125,123,121,113,112,109,110,109,106,113,112,109,357,2
125,123,121,113,112,109,120,119,116,113,112,109,559,1
113,112,109,113,112,109,113,112,109,108,106,104,708,1
113,112,109,125,123,121,113,112,109,120,119,116,97,2
113,112,109,113,112,109,113,112,109,118,116,114,19,2
113,112,109,99,98,95,113,112,109,118,116,114,437,2
113,112,109,113,112,109,113,112,109,120,119,116,284,2
125,123,121,113,112,109,110,109,106,113,112,109,852,2
113,112,109,99,98,95,113,112,109,115,114,111,766,2
99,98,95,113,112,109,99,98,95,113,112,109,34,2
99,98,95,113,112,109,105,104,101,113,112,109,894,2
113,112,109,125,123,121,113,112,109,108,106,104,92,1
113,112,109,113,112,109,113,112,109,118,116,114,712,2
113,112,109,125,123,121,113,112,109,110,109,106,819,1
99,98,95,113,112,109,122,121,118,113,112,109,208,1
99,98,95,113,112,109,110,109,106,113,112,109,104,2
125,123,121,113,112,109,99,98,95,113,112,109,155,2
113,112,109,99,98,95,113,112,109,125,123,121,77,2
113,112,109,99,98,95,113,112,109,108,106,104,565,1
113,112,109,113,112,109,118,116,114,113,112,109,151,1
113,112,109,99,98,95,113,112,109,110,109,106,302,1
113,112,109,113,112,109,113,112,109,108,106,104,180,1
113,112,109,99,98,95,113,112,109,118,116,114,602,2
113,112,109,113,112,109,113,112,109,120,119,116,713,2
113,112,109,99,98,95,113,112,109,113,112,109,501,2
125,123,121,113,112,109,118,116,114,113,112,109,459,1
99,98,95,113,112,109,113,112,109,113,112,109,105,1
113,112,109,125,123,121,113,112,109,125,123,121,957,2
113,112,109,113,112,109,118,116,114,113,112,109,679,1
99,98,95,113,112,109,122,121,118,113,112,109,109,1
113,112,109,113,112,109,113,112,109,99,98,95,342,1
99,98,95,113,112,109,102,101,98,113,112,109,860,2
113,112,109,113,112,109,113,112,109,108,106,104,312,1
113,112,109,99,98,95,113,112,109,125,123,121,209,2
99,98,95,113,112,109,108,106,104,113,112,109,400,2
113,112,109,99,98,95,113,112,109,118,116,114,272,2
113,112,109,113,112,109,125,123,121,113,112,109,220,1
113,112,109,113,112,109,113,112,109,113,112,109,710,2
113,112,109,113,112,109,113,112,109,102,101,98,706,1
113,112,109,113,112,109,105,104,101,113,112,109,146,2
113,112,109,125,123,121,113,112,109,105,104,101,817,1
113,112,109,125,123,121,113,112,109,105,104,101,25,1
113,112,109,113,112,109,122,121,118,113,112,109,813,1
113,112,109,125,123,121,113,112,109,99,98,95,683,1
113,112,109,113,112,109,113,112,109,115,114,111,678,2
113,112,109,99,98,95,113,112,109,118,116,114,734,2
113,112,109,99,98,95,113,112,109,125,123,121,341,2
113,112,109,125,123,121,113,112,109,110,109,106,192,1
113,112,109,99,98,95,113,112,109,125,123,121,275,2
113,112,109,99,98,95,113,112,109,110,109,106,797,1
125,123,121,113,112,109,125,123,121,113,112,109,660,1
99,98,95,113,112,109,118,116,114,113,112,109,371,1
113,112,109,99,98,95,113,112,109,99,98,95,628,1
125,123,121,113,112,109,120,119,116,113,112,109,790,1
125,123,121,113,112,109,113,112,109,113,112,109,325,1
113,112,109,125,123,121,113,112,109,118,116,114,921,2
113,112,109,113,112,109,115,114,111,113,112,109,282,1
113,112,109,113,112,109,120,119,116,113,112,109,251,1
99,98,95,113,112,109,120,119,116,113,112,109,42,1
113,112,109,113,112,109,113,112,109,105,104,101,476,1
113,112,109,113,112,109,113,112,109,105,104,101,344,1
113,112,109,113,112,109,113,112,109,118,116,114,844,2
113,112,109,125,123,121,113,112,109,99,98,95,518,1
113,112,109,99,98,95,113,112,109,115,114,111,634,2
125,123,121,113,112,109,99,98,95,113,112,109,914,2
113,112,109,125,123,121,113,112,109,120,119,116,757,2
125,123,121,113,112,109,122,121,118,113,112,109,824,1
113,112,109,113,112,109,113,112,109,105,104,101,377,1
113,112,109,113,112,109,113,112,109,108,106,104,345,1
113,112,109,113,112,109,108,106,104,113,112,109,906,2
113,112,109,113,112,109,115,114,111,113,112,109,51,1
125,123,121,113,112,109,115,114,111,113,112,109,227,1
99,98,95,113,112,109,108,106,104,113,112,109,928,2
113,112,109,113,112,109,113,112,109,122,121,118,549,2
113,112,109,113,112,109,113,112,109,113,112,109,149,1
125,123,121,113,112,109,120,119,116,113,112,109,526,1
113,112,109,113,112,109,122,121,118,113,112,109,252,1
113,112,109,99,98,95,113,112,109,113,112,109,633,2
113,112,109,113,112,109,113,112,109,122,121,118,450,2
113,112,109,113,112,109,120,119,116,113,112,109,449,1
99,98,95,113,112,109,102,101,98,113,112,109,233,2
113,112,109,125,123,121,113,112,109,115,114,111,491,2
125,123,121,113,112,109,120,119,116,113,112,109,31,1
125,123,121,113,112,109,110,109,106,113,112,109,489,2
113,112,109,125,123,121,113,112,109,105,104,101,685,1
113,112,109,99,98,95,113,112,109,113,112,109,237,2
125,123,121,113,112,109,120,119,116,113,112,109,262,1
125,123,121,113,112,109,118,116,114,113,112,109,294,1
113,112,109,113,112,109,125,123,121,113,112,109,55,1
113,112,109,125,123,121,113,112,109,125,123,121,462,2
113,112,109,113,112,109,108,106,104,113,112,109,81,2
113,112,109,113,112,109,113,112,109,113,112,109,611,2
113,112,109,113,112,109,115,114,111,113,112,109,975,1
125,123,121,113,112,109,102,101,98,113,112,109,684,2
113,112,109,125,123,121,113,112,109,115,114,111,953,2
113,112,109,113,112,109,113,112,109,99,98,95,144,1
113,112,109,113,112,109,102,101,98,113,112,109,343,2
113,112,109,113,112,109,113,112,109,108,106,104,609,1
113,112,109,125,123,121,113,112,109,118,116,114,591,2
113,112,109,113,112,109,108,106,104,113,112,109,15,2
113,112,109,113,112,109,125,123,121,113,112,109,913,1
113,112,109,125,123,121,113,112,109,110,109,106,159,1
113,112,109,125,123,121,113,112,109,108,106,104,224,1
113,112,109,113,112,109,113,112,109,102,101,98,640,1
113,112,109,113,112,109,113,112,109,122,121,118,417,2
125,123,121,113,112,109,125,123,121,113,112,109,132,1
113,112,109,113,112,109,113,112,109,113,112,109,50,2
113,112,109,125,123,121,113,112,109,122,121,118,230,2
113,112,109,113,112,109,118,116,114,113,112,109,250,1
113,112,109,113,112,109,113,112,109,125,123,121,385,2
113,112,109,99,98,95,113,112,109,115,114,111,733,2
113,112,109,125,123,121,113,112,109,122,121,118,758,2
113,112,109,99,98,95,113,112,109,113,112,109,930,2
99,98,95,113,112,109,108,106,104,113,112,109,796,2
113,112,109,113,112,109,113,112,109,118,116,114,283,2
113,112,109,113,112,109,113,112,109,113,112,109,116,2
113,112,109,113,112,109,113,112,109,125,123,121,748,2
113,112,109,125,123,121,113,112,109,99,98,95,485,1
99,98,95,113,112,109,118,116,114,113,112,109,503,1
113,112,109,113,112,109,108,106,104,113,112,109,147,2
99,98,95,113,112,109,120,119,116,113,112,109,75,1
99,98,95,113,112,109,105,104,101,113,112,109,399,2
113,112,109,99,98,95,113,112,109,122,121,118,439,2
113,112,109,99,98,95,113,112,109,110,109,106,401,1
113,112,109,113,112,109,108,106,104,113,112,109,741,2
99,98,95,113,112,109,122,121,118,113,112,109,934,1
113,112,109,113,112,109,113,112,109,105,104,101,707,1
113,112,109,113,112,109,102,101,98,113,112,109,145,2
113,112,109,125,123,121,113,112,109,110,109,106,390,1
99,98,95,113,112,109,113,112,109,113,112,109,303,1
113,112,109,99,98,95,113,112,109,102,101,98,761,1
125,123,121,113,112,109,118,116,114,113,112,109,657,1
113,112,109,113,112,109,108,106,104,113,112,109,411,2
125,123,121,113,112,109,113,112,109,113,112,109,160,1
113,112,109,125,123,121,113,112,109,125,123,121,297,2
113,112,109,113,112,109,110,109,106,113,112,109,973,2
99,98,95,113,112,109,99,98,95,113,112,109,199,2
113,112,109,125,123,121,113,112,109,120,119,116,196,2
113,112,109,125,123,121,113,112,109,118,116,114,525,2
113,112,109,125,123,121,113,112,109,108,106,104,917,1
113,112,109,125,123,121,113,112,109,113,112,109,754,2
113,112,109,125,123,121,113,112,109,102,101,98,222,1
113,112,109,113,112,109,115,114,111,113,112,109,645,1
113,112,109,113,112,109,113,112,109,125,123,121,319,2
113,112,109,113,112,109,105,104,101,113,112,109,806,2
113,112,109,99,98,95,113,112,109,122,121,118,373,2
113,112,109,125,123,121,113,112,109,105,104,101,652,1
113,112,109,113,112,109,120,119,116,113,112,109,20,1
113,112,109,113,112,109,113,112,109,99,98,95,903,1
113,112,109,113,112,109,113,112,109,115,114,111,711,2
99,98,95,113,112,109,102,101,98,113,112,109,266,2
113,112,109,113,112,109,122,121,118,113,112,109,318,1
113,112,109,99,98,95,113,112,109,113,112,109,39,2
99,98,95,113,112,109,105,104,101,113,112,109,366,2
125,123,121,113,112,109,105,104,101,113,112,109,586,2
113,112,109,125,123,121,113,112,109,115,114,111,161,2
99,98,95,113,112,109,110,109,106,113,112,109,236,2
113,112,109,99,98,95,113,112,109,105,104,101,927,1
113,112,109,113,112,109,110,109,106,113,112,109,940,2
125,123,121,113,112,109,122,121,118,113,112,109,263,1
113,112,109,113,112,109,113,112,109,122,121,118,120,2
113,112,109,113,112,109,113,112,109,105,104,101,641,1
113,112,109,113,112,109,113,112,109,125,123,121,484,2
113,112,109,113,112,109,102,101,98,113,112,109,79,2
113,112,109,99,98,95,113,112,109,120,119,116,900,2
113,112,109,125,123,121,113,112,109,113,112,109,94,2
113,112,109,99,98,95,113,112,109,120,119,116,141,2
113,112,109,113,112,109,110,109,106,113,112,109,379,2
99,98,95,113,112,109,110,109,106,113,112,109,71,2
113,112,109,99,98,95,113,112,109,125,123,121,110,2
113,112,109,113,112,109,113,112,109,110,109,106,511,1
113,112,109,99,98,95,113,112,109,105,104,101,69,1
113,112,109,99,98,95,113,112,109,108,106,104,763,1
113,112,109,125,123,121,113,112,109,110,109,106,753,1
113,112,109,113,112,109,99,98,95,113,112,109,441,2
125,123,121,113,112,109,113,112,109,113,112,109,424,1
113,112,109,125,123,121,113,112,109,110,109,106,126,1
113,112,109,99,98,95,113,112,109,99,98,95,562,1
113,112,109,99,98,95,113,112,109,113,112,109,402,2
113,112,109,113,112,109,99,98,95,113,112,109,375,2
113,112,109,125,123,121,113,112,109,99,98,95,716,1
113,112,109,125,123,121,113,112,109,105,104,101,58,1
113,112,109,113,112,109,120,119,116,113,112,109,86,1
113,112,109,113,112,109,113,112,109,113,112,109,314,1
125,123,121,113,112,109,115,114,111,113,112,109,128,1
99,98,95,113,112,109,122,121,118,113,112,109,76,1
113,112,109,113,112,109,125,123,121,113,112,109,550,1
99,98,95,113,112,109,110,109,106,113,112,109,269,2
113,112,109,113,112,109,99,98,95,113,112,109,639,2
113,112,109,99,98,95,113,112,109,99,98,95,529,1
113,112,109,113,112,109,99,98,95,113,112,109,573,2
113,112,109,99,98,95,113,112,109,99,98,95,595,1
113,112,109,125,123,121,113,112,109,105,104,101,883,1
113,112,109,99,98,95,113,112,109,99,98,95,826,1
99,98,95,113,112,109,113,112,109,113,112,109,6,1
113,112,109,99,98,95,113,112,109,113,112,109,468,2
113,112,109,113,112,109,125,123,121,113,112,109,253,1
113,112,109,99,98,95,113,112,109,122,121,118,703,2
125,123,121,113,112,109,99,98,95,113,112,109,221,2
125,123,121,113,112,109,105,104,101,113,112,109,388,2
113,112,109,125,123,121,113,112,109,118,116,114,393,2
113,112,109,99,98,95,113,112,109,125,123,121,869,2
113,112,109,113,112,109,115,114,111,113,112,109,381,1
99,98,95,113,112,109,110,109,106,113,112,109,896,2
113,112,109,113,112,109,118,116,114,113,112,109,811,1
113,112,109,113,112,109,122,121,118,113,112,109,945,1
113,112,109,113,112,109,120,119,116,113,112,109,350,1
113,112,109,99,98,95,113,112,109,125,123,121,803,2
99,98,95,113,112,109,108,106,104,113,112,109,961,2
113,112,109,113,112,109,122,121,118,113,112,109,780,1
113,112,109,99,98,95,113,112,109,99,98,95,331,1
125,123,121,113,112,109,99,98,95,113,112,109,287,2
113,112,109,113,112,109,110,109,106,113,112,109,280,2
113,112,109,125,123,121,113,112,109,108,106,104,290,1
99,98,95,113,112,109,99,98,95,113,112,109,298,2
113,112,109,113,112,109,113,112,109,99,98,95,474,1
99,98,95,113,112,109,108,106,104,113,112,109,4,2
113,112,109,113,112,109,115,114,111,113,112,109,777,1
99,98,95,113,112,109,122,121,118,113,112,109,670,1
113,112,109,99,98,95,113,112,109,118,116,114,107,2
113,112,109,125,123,121,113,112,109,122,121,118,956,2
113,112,109,113,112,109,99,98,95,113,112,109,606,2
125,123,121,113,112,109,113,112,109,113,112,109,853,1
113,112,109,99,98,95,113,112,109,99,98,95,364,1
113,112,109,113,112,109,113,112,109,113,112,109,743,2
113,112,109,113,112,109,113,112,109,108,106,104,774,1
113,112,109,99,98,95,113,112,109,108,106,104,268,1
113,112,109,113,112,109,113,112,109,108,106,104,213,1
113,112,109,99,98,95,113,112,109,99,98,95,265,1
113,112,109,99,98,95,113,112,109,122,121,118,175,2
113,112,109,125,123,121,113,112,109,110,109,106,918,1
113,112,109,113,112,109,113,112,109,120,119,116,119,2
125,123,121,113,112,109,102,101,98,113,112,109,420,2
125,123,121,113,112,109,108,106,104,113,112,109,818,2
99,98,95,113,112,109,102,101,98,113,112,109,662,2
113,112,109,113,112,109,113,112,109,110,109,106,808,1
113,112,109,113,112,109,113,112,109,125,123,121,418,2
99,98,95,113,112,109,122,121,118,113,112,109,736,1
99,98,95,113,112,109,125,123,121,113,112,109,473,1
113,112,109,125,123,121,113,112,109,118,116,114,558,2
125,123,121,113,112,109,105,104,101,113,112,109,916,2
113,112,109,125,123,121,113,112,109,115,114,111,260,2
113,112,109,99,98,95,113,112,109,108,106,104,169,1
113,112,109,125,123,121,113,112,109,120,119,116,592,2
99,98,95,113,112,109,99,98,95,113,112,109,727,2
113,112,109,113,112,109,125,123,121,113,112,109,22,1
113,112,109,125,123,121,113,112,109,110,109,106,984,1
113,112,109,113,112,109,113,112,109,105,104,101,47,1
113,112,109,113,112,109,125,123,121,113,112,109,88,1
113,112,109,125,123,121,113,112,109,105,104,101,520,1
125,123,121,113,112,109,125,123,121,113,112,109,924,1
125,123,121,113,112,109,105,104,101,113,112,109,421,2
113,112,109,113,112,109,113,112,109,108,106,104,873,1
113,112,109,99,98,95,113,112,109,110,109,106,5,1
113,112,109,113,112,109,110,109,106,113,112,109,313,2
113,112,109,99,98,95,113,112,109,125,123,121,572,2
113,112,109,113,112,109,113,112,109,102,101,98,376,1
99,98,95,113,112,109,110,109,106,113,112,109,38,2
113,112,109,113,112,109,113,112,109,99,98,95,771,1
113,112,109,113,112,109,113,112,109,115,114,111,744,2
125,123,121,113,112,109,118,116,114,113,112,109,822,1
99,98,95,113,112,109,122,121,118,113,112,109,43,1
125,123,121,113,112,109,122,121,118,113,112,109,461,1
113,112,109,113,112,109,113,112,109,118,116,114,745,2
113,112,109,125,123,121,113,112,109,113,112,109,886,2
113,112,109,125,123,121,113,112,109,120,119,116,130,2
113,112,109,125,123,121,113,112,109,120,119,116,493,2
113,112,109,99,98,95,113,112,109,99,98,95,397,1
113,112,109,99,98,95,113,112,109,125,123,121,374,2
113,112,109,99,98,95,113,112,109,115,114,111,106,2
113,112,109,113,112,109,113,112,109,125,123,121,187,2
113,112,109,125,123,121,113,112,109,113,112,109,523,2
113,112,109,125,123,121,113,112,109,102,101,98,750,1
113,112,109,113,112,109,113,112,109,113,112,109,380,2
125,123,121,113,112,109,108,106,104,113,112,109,257,2
113,112,109,125,123,121,113,112,109,108,106,104,191,1
113,112,109,99,98,95,113,112,109,122,121,118,472,2
113,112,109,113,112,109,113,112,109,108,106,104,543,1
113,112,109,113,112,109,113,112,109,113,112,109,908,2
99,98,95,113,112,109,125,123,121,113,112,109,671,1
99,98,95,113,112,109,120,119,116,113,112,109,768,1
113,112,109,125,123,121,113,112,109,108,106,104,488,1
125,123,121,113,112,109,105,104,101,113,112,109,124,2
99,98,95,113,112,109,118,116,114,113,112,109,833,1
99,98,95,113,112,109,120,119,116,113,112,109,966,1
113,112,109,99,98,95,113,112,109,105,104,101,597,1
113,112,109,113,112,109,99,98,95,113,112,109,309,2
113,112,109,113,112,109,113,112,109,125,123,121,121,2
113,112,109,99,98,95,113,112,109,120,119,116,867,2
113,112,109,113,112,109,118,116,114,113,112,109,448,1
125,123,121,113,112,109,102,101,98,113,112,109,585,2
125,123,121,113,112,109,115,114,111,113,112,109,656,1
125,123,121,113,112,109,120,119,116,113,112,109,856,1
113,112,109,113,112,109,113,112,109,108,106,104,807,1
113,112,109,125,123,121,113,112,109,113,112,109,259,2
125,123,121,113,112,109,99,98,95,113,112,109,386,2
125,123,121,113,112,109,113,112,109,113,112,109,226,1
113,112,109,125,123,121,113,112,109,102,101,98,453,1
113,112,109,113,112,109,118,116,114,113,112,109,415,1
113,112,109,99,98,95,113,112,109,99,98,95,793,1
113,112,109,113,112,109,115,114,111,113,112,109,348,1
113,112,109,113,112,109,105,104,101,113,112,109,674,2
113,112,109,113,112,109,113,112,109,105,104,101,212,1
113,112,109,113,112,109,105,104,101,113,112,109,608,2
125,123,121,113,112,109,122,121,118,113,112,109,857,1
113,112,109,99,98,95,113,112,109,113,112,109,699,2
113,112,109,125,123,121,113,112,109,118,116,114,855,2
113,112,109,125,123,121,113,112,109,125,123,121,231,2
125,123,121,113,112,109,118,116,114,113,112,109,426,1
99,98,95,113,112,109,110,109,106,113,112,109,170,2
113,112,109,125,123,121,113,112,109,125,123,121,330,2
99,98,95,113,112,109,105,104,101,113,112,109,168,2
113,112,109,99,98,95,113,112,109,105,104,101,432,1
113,112,109,99,98,95,113,112,109,115,114,111,799,2
113,112,109,113,112,109,113,112,109,113,112,109,776,2
113,112,109,99,98,95,113,112,109,118,116,114,701,2
113,112,109,113,112,109,113,112,109,113,112,109,578,2
99,98,95,113,112,109,105,104,101,113,112,109,960,2
113,112,109,99,98,95,113,112,109,105,104,101,861,1
113,112,109,113,112,109,102,101,98,113,112,109,244,2
113,112,109,113,112,109,113,112,109,105,104,101,245,1
113,112,109,99,98,95,113,112,109,115,114,111,73,2
113,112,109,113,112,109,113,112,109,105,104,101,839,1
125,123,121,113,112,109,102,101,98,113,112,109,981,2
113,112,109,125,123,121,113,112,109,99,98,95,122,1
99,98,95,113,112,109,113,112,109,113,112,109,204,1
113,112,109,113,112,109,113,112,109,125,123,121,616,2
113,112,109,113,112,109,115,114,111,113,112,109,909,1
113,112,109,99,98,95,113,112,109,102,101,98,101,1
125,123,121,113,112,109,108,106,104,113,112,109,323,2
113,112,109,113,112,109,120,119,116,113,112,109,548,1
125,123,121,113,112,109,108,106,104,113,112,109,785,2
113,112,109,113,112,109,113,112,109,115,114,111,447,2
113,112,109,113,112,109,113,112,109,110,109,106,115,1
113,112,109,113,112,109,113,112,109,122,121,118,483,2
113,112,109,113,112,109,110,109,106,113,112,109,544,2
113,112,109,113,112,109,122,121,118,113,112,109,87,1
113,112,109,125,123,121,113,112,109,115,114,111,458,2
125,123,121,113,112,109,125,123,121,113,112,109,396,1
113,112,109,99,98,95,113,112,109,110,109,106,434,1
125,123,121,113,112,109,115,114,111,113,112,109,986,1
125,123,121,113,112,109,120,119,116,113,112,109,64,1
125,123,121,113,112,109,102,101,98,113,112,109,486,2
99,98,95,113,112,109,102,101,98,113,112,109,68,2
125,123,121,113,112,109,105,104,101,113,112,109,289,2
113,112,109,125,123,121,113,112,109,110,109,106,885,1
113,112,109,113,112,109,122,121,118,113,112,109,219,1
125,123,121,113,112,109,102,101,98,113,112,109,156,2
113,112,109,113,112,109,110,109,106,113,112,109,214,2
113,112,109,125,123,121,113,112,109,113,112,109,622,2
113,112,109,113,112,109,105,104,101,113,112,109,14,2
125,123,121,113,112,109,122,121,118,113,112,109,659,1
113,112,109,113,112,109,113,112,109,120,119,116,812,2
125,123,121,113,112,109,122,121,118,113,112,109,626,1
113,112,109,113,112,109,113,112,109,99,98,95,177,1
99,98,95,113,112,109,102,101,98,113,112,109,464,2
99,98,95,113,112,109,102,101,98,113,112,109,530,2
113,112,109,113,112,109,113,112,109,115,114,111,546,2
125,123,121,113,112,109,113,112,109,113,112,109,358,1
113,112,109,113,112,109,125,123,121,113,112,109,451,1
113,112,109,99,98,95,113,112,109,120,119,116,801,2
113,112,109,113,112,109,108,106,104,113,112,109,642,2
113,112,109,113,112,109,113,112,109,113,112,109,17,2
113,112,109,125,123,121,113,112,109,105,104,101,487,1
113,112,109,113,112,109,120,119,116,113,112,109,647,1
99,98,95,113,112,109,102,101,98,113,112,109,398,2
113,112,109,113,112,109,120,119,116,113,112,109,152,1
99,98,95,113,112,109,113,112,109,113,112,109,567,1
113,112,109,99,98,95,113,112,109,99,98,95,1,1
113,112,109,99,98,95,113,112,109,108,106,104,301,1
125,123,121,113,112,109,99,98,95,113,112,109,551,2
113,112,109,125,123,121,113,112,109,105,104,101,553,1
113,112,109,125,123,121,113,112,109,122,121,118,329,2
99,98,95,113,112,109,105,104,101,113,112,109,36,2
113,112,109,113,112,109,115,114,111,113,112,109,150,1
125,123,121,113,112,109,99,98,95,113,112,109,452,2
113,112,109,113,112,109,113,112,109,102,101,98,574,1
125,123,121,113,112,109,105,104,101,113,112,109,223,2
113,112,109,113,112,109,113,112,109,102,101,98,772,1
99,98,95,113,112,109,125,123,121,113,112,109,440,1
113,112,109,113,112,109,118,116,114,113,112,109,580,1
125,123,121,113,112,109,105,104,101,113,112,109,949,2
113,112,109,113,112,109,102,101,98,113,112,109,475,2
113,112,109,99,98,95,113,112,109,125,123,121,44,2
113,112,109,99,98,95,113,112,109,99,98,95,67,1
113,112,109,99,98,95,113,112,109,120,119,116,372,2
113,112,109,99,98,95,113,112,109,110,109,106,137,1
99,98,95,113,112,109,125,123,121,113,112,109,638,1
99,98,95,113,112,109,118,116,114,113,112,109,767,1
113,112,109,125,123,121,113,112,109,122,121,118,395,2
125,123,121,113,112,109,102,101,98,113,112,109,387,2
99,98,95,113,112,109,105,104,101,113,112,109,696,2
125,123,121,113,112,109,125,123,121,113,112,109,759,1
99,98,95,113,112,109,110,109,106,113,112,109,698,2
113,112,109,113,112,109,125,123,121,113,112,109,847,1
99,98,95,113,112,109,108,106,104,113,112,109,136,2
99,98,95,113,112,109,122,121,118,113,112,109,274,1
113,112,109,99,98,95,113,112,109,108,106,104,532,1
113,112,109,99,98,95,113,112,109,122,121,118,571,2
99,98,95,113,112,109,125,123,121,113,112,109,506,1
125,123,121,113,112,109,115,114,111,113,112,109,29,1
113,112,109,125,123,121,113,112,109,110,109,106,522,1
113,112,109,113,112,109,113,112,109,110,109,106,643,1
99,98,95,113,112,109,102,101,98,113,112,109,35,2
113,112,109,99,98,95,113,112,109,102,101,98,2,1
113,112,109,125,123,121,113,112,109,108,106,104,752,1
125,123,121,113,112,109,110,109,106,113,112,109,588,2
99,98,95,113,112,109,115,114,111,113,112,109,436,1
113,112,109,113,112,109,115,114,111,113,112,109,414,1
113,112,109,113,112,109,113,112,109,120,119,116,218,2
125,123,121,113,112,109,102,101,98,113,112,109,618,2
113,112,109,99,98,95,113,112,109,115,114,111,337,2
113,112,109,125,123,121,113,112,109,115,114,111,326,2
99,98,95,113,112,109,113,112,109,113,112,109,666,1
125,123,121,113,112,109,115,114,111,113,112,109,95,1
113,112,109,99,98,95,113,112,109,115,114,111,502,2
125,123,121,113,112,109,120,119,116,113,112,109,361,1
113,112,109,99,98,95,113,112,109,125,123,121,704,2
113,112,109,113,112,109,113,112,109,99,98,95,540,1
113,112,109,113,112,109,113,112,109,118,116,114,349,2
125,123,121,113,112,109,125,123,121,113,112,109,363,1
99,98,95,113,112,109,105,104,101,113,112,109,465,2
113,112,109,113,112,109,113,112,109,99,98,95,705,1
99,98,95,113,112,109,108,106,104,113,112,109,895,2
113,112,109,113,112,109,113,112,109,113,112,109,644,2
113,112,109,113,112,109,102,101,98,113,112,109,805,2
99,98,95,113,112,109,125,123,121,113,112,109,737,1
113,112,109,113,112,109,113,112,109,99,98,95,969,1
113,112,109,113,112,109,105,104,101,113,112,109,740,2
113,112,109,113,112,109,125,123,121,113,112,109,154,1
113,112,109,125,123,121,113,112,109,108,106,104,455,1
113,112,109,113,112,109,113,112,109,115,114,111,480,2
99,98,95,113,112,109,118,116,114,113,112,109,338,1
125,123,121,113,112,109,105,104,101,113,112,109,619,2
113,112,109,113,112,109,113,112,109,125,123,121,715,2
99,98,95,113,112,109,118,116,114,113,112,109,173,1
99,98,95,113,112,109,125,123,121,113,112,109,770,1
125,123,121,113,112,109,113,112,109,113,112,109,688,1
125,123,121,113,112,109,113,112,109,113,112,109,193,1
125,123,121,113,112,109,99,98,95,113,112,109,584,2
113,112,109,113,112,109,99,98,95,113,112,109,276,2
113,112,109,113,112,109,118,116,114,113,112,109,547,1
99,98,95,113,112,109,99,98,95,113,112,109,958,2
125,123,121,113,112,109,99,98,95,113,112,109,419,2
99,98,95,113,112,109,120,119,116,113,112,109,405,1
125,123,121,113,112,109,102,101,98,113,112,109,882,2
125,123,121,113,112,109,102,101,98,113,112,109,321,2
125,123,121,113,112,109,115,114,111,113,112,109,392,1
125,123,121,113,112,109,110,109,106,113,112,109,93,2
99,98,95,113,112,109,99,98,95,113,112,109,496,2
113,112,109,125,123,121,113,112,109,125,123,121,858,2
113,112,109,113,112,109,113,112,109,108,106,104,840,1
99,98,95,113,112,109,125,123,121,113,112,109,605,1
113,112,109,125,123,121,113,112,109,122,121,118,65,2
113,112,109,113,112,109,120,119,116,113,112,109,482,1
125,123,121,113,112,109,122,121,118,113,112,109,692,1
113,112,109,113,112,109,113,112,109,120,119,116,383,2
113,112,109,113,112,109,113,112,109,102,101,98,277,1
99,98,95,113,112,109,102,101,98,113,112,109,827,2
113,112,109,113,112,109,120,119,116,113,112,109,317,1
113,112,109,125,123,121,113,112,109,113,112,109,556,2
125,123,121,113,112,109,125,123,121,113,112,109,33,1
113,112,109,125,123,121,113,112,109,118,116,114,195,2
113,112,109,99,98,95,113,112,109,125,123,121,539,2
99,98,95,113,112,109,113,112,109,113,112,109,270,1
113,112,109,113,112,109,113,112,109,110,109,106,49,1
113,112,109,99,98,95,113,112,109,108,106,104,862,1
113,112,109,113,112,109,102,101,98,113,112,109,409,2
113,112,109,99,98,95,113,112,109,120,119,116,504,2
113,112,109,99,98,95,113,112,109,99,98,95,166,1
113,112,109,113,112,109,113,112,109,115,114,111,84,2
113,112,109,113,112,109,122,121,118,113,112,109,879,1
113,112,109,99,98,95,113,112,109,110,109,106,929,1
99,98,95,113,112,109,118,116,114,113,112,109,800,1
125,123,121,113,112,109,99,98,95,113,112,109,23,2
113,112,109,113,112,109,113,112,109,122,121,118,351,2
99,98,95,113,112,109,110,109,106,113,112,109,368,2
113,112,109,99,98,95,113,112,109,122,121,118,340,2
113,112,109,113,112,109,110,109,106,113,112,109,907,2
99,98,95,113,112,109,118,116,114,113,112,109,899,1
113,112,109,113,112,109,102,101,98,113,112,109,838,2
113,112,109,125,123,121,113,112,109,115,114,111,62,2
113,112,109,125,123,121,113,112,109,118,116,114,327,2
113,112,109,113,112,109,99,98,95,113,112,109,78,2
113,112,109,99,98,95,113,112,109,122,121,118,637,2
113,112,109,125,123,121,113,112,109,115,114,111,689,2
113,112,109,99,98,95,113,112,109,102,101,98,200,1
125,123,121,113,112,109,118,116,114,113,112,109,624,1
113,112,109,113,112,109,113,112,109,108,106,104,444,1
99,98,95,113,112,109,110,109,106,113,112,109,467,2
99,98,95,113,112,109,122,121,118,113,112,109,241,1
113,112,109,125,123,121,113,112,109,105,104,101,91,1
113,112,109,99,98,95,113,112,109,115,114,111,964,2
113,112,109,99,98,95,113,112,109,120,119,116,471,2
113,112,109,113,112,109,113,112,109,122,121,118,912,2
125,123,121,113,112,109,110,109,106,113,112,109,423,2
99,98,95,113,112,109,120,119,116,113,112,109,174,1
113,112,109,113,112,109,113,112,109,122,121,118,846,2
99,98,95,113,112,109,102,101,98,113,112,109,893,2
113,112,109,99,98,95,113,112,109,122,121,118,802,2
113,112,109,113,112,109,113,112,109,99,98,95,243,1
125,123,121,113,112,109,102,101,98,113,112,109,948,2
113,112,109,113,112,109,113,112,109,113,112,109,677,2
125,123,121,113,112,109,122,121,118,113,112,109,197,1
125,123,121,113,112,109,113,112,109,113,112,109,820,1
113,112,109,99,98,95,113,112,109,110,109,106,632,1
113,112,109,113,112,109,105,104,101,113,112,109,410,2
113,112,109,113,112,109,113,112,109,115,114,111,18,2
113,112,109,125,123,121,113,112,109,120,119,116,658,2
99,98,95,113,112,109,105,104,101,113,112,109,531,2
113,112,109,113,112,109,113,112,109,118,116,114,217,2
113,112,109,125,123,121,113,112,109,102,101,98,915,1
113,112,109,99,98,95,113,112,109,105,104,101,828,1
113,112,109,113,112,109,110,109,106,113,112,109,841,2
113,112,109,113,112,109,115,114,111,113,112,109,117,1
113,112,109,125,123,121,113,112,109,115,114,111,623,2
113,112,109,99,98,95,113,112,109,105,104,101,201,1
113,112,109,125,123,121,113,112,109,122,121,118,593,2
113,112,109,113,112,109,113,112,109,115,114,111,249,2
113,112,109,99,98,95,113,112,109,110,109,106,665,1
125,123,121,113,112,109,105,104,101,113,112,109,784,2
125,123,121,113,112,109,120,119,116,113,112,109,691,1
99,98,95,113,112,109,118,116,114,113,112,109,206,1
113,112,109,125,123,121,113,112,109,105,104,101,355,1
113,112,109,99,98,95,113,112,109,108,106,104,829,1
99,98,95,113,112,109,110,109,106,113,112,109,500,2
125,123,121,113,112,109,110,109,106,113,112,109,291,2
125,123,121,113,112,109,102,101,98,113,112,109,24,2
113,112,109,113,112,109,120,119,116,113,112,109,416,1
125,123,121,113,112,109,102,101,98,113,112,109,816,2
99,98,95,113,112,109,115,114,111,113,112,109,469,1
125,123,121,113,112,109,122,121,118,113,112,109,32,1
113,112,109,113,112,109,113,112,109,122,121,118,615,2
113,112,109,125,123,121,113,112,109,108,106,104,356,1
99,98,95,113,112,109,113,112,109,113,112,109,138,1
113,112,109,113,112,109,113,112,109,102,101,98,112,1
113,112,109,113,112,109,113,112,109,120,119,116,977,2
99,98,95,113,112,109,110,109,106,113,112,109,203,2
99,98,95,113,112,109,102,101,98,113,112,109,629,2
99,98,95,113,112,109,99,98,95,113,112,109,133,2
125,123,121,113,112,109,113,112,109,113,112,109,28,1
113,112,109,113,112,109,113,112,109,102,101,98,211,1
113,112,109,99,98,95,113,112,109,108,106,104,499,1
113,112,109,125,123,121,113,112,109,108,106,104,719,1
99,98,95,113,112,109,108,106,104,113,112,109,367,2
99,98,95,113,112,109,105,104,101,113,112,109,267,2
113,112,109,99,98,95,113,112,109,110,109,106,830,1
125,123,121,113,112,109,115,114,111,113,112,109,821,1
113,112,109,113,112,109,113,112,109,122,121,118,681,2
113,112,109,125,123,121,113,112,109,99,98,95,650,1
99,98,95,113,112,109,118,116,114,113,112,109,239,1
125,123,121,113,112,109,118,116,114,113,112,109,96,1
125,123,121,113,112,109,102,101,98,113,112,109,288,2
113,112,109,99,98,95,113,112,109,115,114,111,172,2
113,112,109,113,112,109,113,112,109,113,112,109,248,1
113,112,109,113,112,109,113,112,109,102,101,98,178,1
113,112,109,99,98,95,113,112,109,115,114,111,304,2
113,112,109,113,112,109,125,123,121,113,112,109,583,1
125,123,121,113,112,109,108,106,104,113,112,109,554,2
113,112,109,113,112,109,125,123,121,113,112,109,286,1
125,123,121,113,112,109,125,123,121,113,112,109,792,1
99,98,95,113,112,109,115,114,111,113,112,109,601,1
113,112,109,99,98,95,113,112,109,108,106,104,664,1
113,112,109,113,112,109,113,112,109,118,116,114,514,2
113,112,109,113,112,109,125,123,121,113,112,109,517,1
99,98,95,113,112,109,110,109,106,113,112,109,731,2
99,98,95,113,112,109,105,104,101,113,112,109,498,2
113,112,109,99,98,95,113,112,109,108,106,104,103,1
125,123,121,113,112,109,102,101,98,113,112,109,189,2
113,112,109,113,112,109,118,116,114,113,112,109,118,1
113,112,109,125,123,121,113,112,109,102,101,98,651,1
99,98,95,113,112,109,102,101,98,113,112,109,563,2
125,123,121,113,112,109,115,114,111,113,112,109,755,1
113,112,109,113,112,109,113,112,109,110,109,106,82,1
113,112,109,113,112,109,113,112,109,113,112,109,512,2
125,123,121,113,112,109,118,116,114,113,112,109,492,1
113,112,109,99,98,95,113,112,109,113,112,109,600,2
113,112,109,125,123,121,113,112,109,118,116,114,987,2
99,98,95,113,112,109,108,106,104,113,112,109,730,2
99,98,95,113,112,109,105,104,101,113,112,109,300,2
113,112,109,99,98,95,113,112,109,99,98,95,859,1
113,112,109,125,123,121,113,112,109,113,112,109,589,2
113,112,109,125,123,121,113,112,109,105,104,101,256,1
113,112,109,113,112,109,113,112,109,120,119,116,911,2
113,112,109,125,123,121,113,112,109,120,119,116,460,2
113,112,109,99,98,95,113,112,109,125,123,121,902,2
113,112,109,113,112,109,120,119,116,113,112,109,581,1
113,112,109,113,112,109,99,98,95,113,112,109,210,2
113,112,109,113,112,109,108,106,104,113,112,109,477,2
113,112,109,113,112,109,118,116,114,113,112,109,85,1
113,112,109,113,112,109,115,114,111,113,112,109,216,1
99,98,95,113,112,109,113,112,109,113,112,109,864,1
125,123,121,113,112,109,102,101,98,113,112,109,717,2
113,112,109,113,112,109,122,121,118,113,112,109,648,1
125,123,121,113,112,109,122,121,118,113,112,109,527,1
113,112,109,125,123,121,113,112,109,113,112,109,952,2
113,112,109,113,112,109,99,98,95,113,112,109,45,2
99,98,95,113,112,109,125,123,121,113,112,109,242,1
113,112,109,125,123,121,113,112,109,108,106,104,26,1
125,123,121,113,112,109,99,98,95,113,112,109,320,2
113,112,109,99,98,95,113,112,109,118,116,114,140,2
113,112,109,99,98,95,113,112,109,115,114,111,931,2
113,112,109,113,112,109,113,112,109,105,104,101,443,1
99,98,95,113,112,109,108,106,104,113,112,109,598,2
125,123,121,113,112,109,125,123,121,113,112,109,627,1
113,112,109,99,98,95,113,112,109,110,109,106,764,1
113,112,109,113,112,109,113,112,109,113,112,109,281,2
113,112,109,125,123,121,113,112,109,108,106,104,884,1
113,112,109,113,112,109,99,98,95,113,112,109,936,2
113,112,109,99,98,95,113,112,109,108,106,104,70,1
113,112,109,125,123,121,113,112,109,99,98,95,188,1
125,123,121,113,112,109,120,119,116,113,112,109,724,1
125,123,121,113,112,109,115,114,111,113,112,109,590,1
113,112,109,125,123,121,113,112,109,122,121,118,428,2
113,112,109,113,112,109,110,109,106,113,112,109,742,2
125,123,121,113,112,109,108,106,104,113,112,109,587,2
113,112,109,113,112,109,113,112,109,105,104,101,971,1
113,112,109,125,123,121,113,112,109,118,116,114,789,2
113,112,109,99,98,95,113,112,109,118,116,114,536,2
113,112,109,99,98,95,113,112,109,122,121,118,769,2
113,112,109,113,112,109,113,112,109,120,119,116,515,2
99,98,95,113,112,109,102,101,98,113,112,109,332,2
113,112,109,99,98,95,113,112,109,113,112,109,798,2
113,112,109,113,112,109,102,101,98,113,112,109,607,2
113,112,109,125,123,121,113,112,109,118,116,114,690,2
113,112,109,113,112,109,113,112,109,120,119,116,779,2
125,123,121,113,112,109,102,101,98,113,112,109,552,2
113,112,109,99,98,95,113,112,109,108,106,104,697,1
113,112,109,113,112,109,113,112,109,105,104,101,509,1
125,123,121,113,112,109,110,109,106,113,112,109,687,2
99,98,95,113,112,109,120,119,116,113,112,109,240,1
113,112,109,113,112,109,113,112,109,105,104,101,542,1
113,112,109,125,123,121,113,112,109,120,119,116,295,2
125,123,121,113,112,109,110,109,106,113,112,109,720,2
113,112,109,125,123,121,113,112,109,120,119,116,427,2
113,112,109,113,112,109,99,98,95,113,112,109,870,2
113,112,109,125,123,121,113,112,109,115,114,111,293,2
99,98,95,113,112,109,110,109,106,113,112,109,962,2
113,112,109,113,112,109,113,112,109,108,106,104,378,1
113,112,109,125,123,121,113,112,109,105,104,101,850,1
113,112,109,113,112,109,113,112,109,113,112,109,545,1
113,112,109,125,123,121,113,112,109,99,98,95,848,1
113,112,109,99,98,95,113,112,109,102,101,98,926,1
113,112,109,99,98,95,113,112,109,110,109,106,599,1
113,112,109,125,123,121,113,112,109,110,109,106,654,1
113,112,109,99,98,95,113,112,109,105,104,101,102,1
125,123,121,113,112,109,105,104,101,113,112,109,454,2
99,98,95,113,112,109,113,112,109,113,112,109,765,1
113,112,109,113,112,109,113,112,109,99,98,95,804,1
99,98,95,113,112,109,122,121,118,113,112,109,406,1
113,112,109,113,112,109,110,109,106,113,112,109,874,2
99,98,95,113,112,109,99,98,95,113,112,109,100,2
113,112,109,99,98,95,113,112,109,115,114,111,139,2
113,112,109,99,98,95,113,112,109,120,119,116,636,2
99,98,95,113,112,109,105,104,101,113,112,109,135,2
113,112,109,113,112,109,113,112,109,113,112,109,446,2
125,123,121,113,112,109,113,112,109,113,112,109,787,1
113,112,109,125,123,121,113,112,109,118,116,114,129,2
113,112,109,113,112,109,108,106,104,113,112,109,972,2
113,112,109,113,112,109,118,116,114,113,112,109,910,1
113,112,109,99,98,95,113,112,109,125,123,121,176,2
113,112,109,113,112,109,102,101,98,113,112,109,46,2
113,112,109,113,112,109,113,112,109,102,101,98,310,1
113,112,109,125,123,121,113,112,109,99,98,95,56,1
113,112,109,125,123,121,113,112,109,99,98,95,980,1
113,112,109,99,98,95,113,112,109,120,119,116,702,2
125,123,121,113,112,109,99,98,95,113,112,109,881,2
99,98,95,113,112,109,102,101,98,113,112,109,134,2
113,112,109,125,123,121,113,112,109,122,121,118,131,2
99,98,95,113,112,109,118,116,114,113,112,109,965,1
113,112,109,113,112,109,105,104,101,113,112,109,872,2
113,112,109,99,98,95,113,112,109,115,114,111,271,2
99,98,95,113,112,109,102,101,98,113,112,109,959,2
113,112,109,113,112,109,113,112,109,122,121,118,978,2
113,112,109,113,112,109,113,112,109,118,116,114,943,2
113,112,109,113,112,109,113,112,109,110,109,106,148,1
113,112,109,113,112,109,110,109,106,113,112,109,247,2
113,112,109,125,123,121,113,112,109,110,109,106,60,1
113,112,109,113,112,109,113,112,109,113,112,109,215,2
99,98,95,113,112,109,110,109,106,113,112,109,335,2
113,112,109,125,123,121,113,112,109,115,114,111,887,2
125,123,121,113,112,109,108,106,104,113,112,109,653,2
113,112,109,113,112,109,102,101,98,113,112,109,13,2
113,112,109,125,123,121,113,112,109,110,109,106,225,1
125,123,121,113,112,109,122,121,118,113,112,109,923,1
113,112,109,113,112,109,110,109,106,113,112,109,346,2
113,112,109,125,123,121,113,112,109,105,104,101,190,1
113,112,109,113,112,109,110,109,106,113,112,109,16,2
125,123,121,113,112,109,120,119,116,113,112,109,955,1
113,112,109,99,98,95,113,112,109,115,114,111,40,2
125,123,121,113,112,109,118,116,114,113,112,109,888,1
113,112,109,99,98,95,113,112,109,122,121,118,307,2
113,112,109,99,98,95,113,112,109,102,101,98,695,1
113,112,109,113,112,109,113,112,109,110,109,106,577,1
113,112,109,113,112,109,113,112,109,113,112,109,809,2
125,123,121,113,112,109,102,101,98,113,112,109,849,2
113,112,109,113,112,109,113,112,109,105,104,101,575,1
113,112,109,125,123,121,113,112,109,122,121,118,560,2
125,123,121,113,112,109,115,114,111,113,112,109,854,1
113,112,109,99,98,95,113,112,109,99,98,95,661,1
113,112,109,99,98,95,113,112,109,122,121,118,604,2
113,112,109,99,98,95,113,112,109,125,123,121,836,2
113,112,109,113,112,109,113,112,109,120,119,116,944,2
113,112,109,99,98,95,113,112,109,125,123,121,407,2
113,112,109,113,112,109,118,116,114,113,112,109,976,1
99,98,95,113,112,109,120,119,116,113,112,109,834,1
113,112,109,113,112,109,120,119,116,113,112,109,614,1
125,123,121,113,112,109,102,101,98,113,112,109,354,2
113,112,109,113,112,109,118,116,114,113,112,109,778,1
113,112,109,99,98,95,113,112,109,125,123,121,11,2
113,112,109,113,112,109,110,109,106,113,112,109,775,2
113,112,109,113,112,109,110,109,106,113,112,109,478,2
99,98,95,113,112,109,113,112,109,113,112,109,171,1
113,112,109,113,112,109,113,112,109,118,116,114,382,2
125,123,121,113,112,109,125,123,121,113,112,109,726,1
99,98,95,113,112,109,108,106,104,113,112,109,433,2
125,123,121,113,112,109,108,106,104,113,112,109,422,2
113,112,109,113,112,109,113,112,109,113,112,109,875,1
113,112,109,125,123,121,113,112,109,108,106,104,521,1
125,123,121,113,112,109,125,123,121,113,112,109,990,1
113,112,109,113,112,109,113,112,109,113,112,109,182,1
99,98,95,113,112,109,122,121,118,113,112,109,967,1
113,112,109,99,98,95,113,112,109,115,114,111,205,2
125,123,121,113,112,109,122,121,118,113,112,109,296,1
113,112,109,99,98,95,113,112,109,99,98,95,925,1
113,112,109,125,123,121,113,112,109,99,98,95,782,1
99,98,95,113,112,109,105,104,101,113,112,109,663,2
113,112,109,125,123,121,113,112,109,102,101,98,90,1
113,112,109,99,98,95,113,112,109,122,121,118,142,2
113,112,109,113,112,109,99,98,95,113,112,109,111,2
113,112,109,99,98,95,113,112,109,120,119,116,537,2
113,112,109,113,112,109,102,101,98,113,112,109,739,2
113,112,109,125,123,121,113,112,109,105,104,101,982,1
113,112,109,99,98,95,113,112,109,102,101,98,431,1
99,98,95,113,112,109,99,98,95,113,112,109,694,2
113,112,109,99,98,95,113,112,109,118,116,114,470,2
113,112,109,113,112,109,113,112,109,102,101,98,937,1
125,123,121,113,112,109,115,114,111,113,112,109,722,1
113,112,109,113,112,109,105,104,101,113,112,109,311,2
125,123,121,113,112,109,108,106,104,113,112,109,158,2
113,112,109,125,123,121,113,112,109,125,123,121,264,2
113,112,109,125,123,121,113,112,109,122,121,118,890,2
113,112,109,99,98,95,113,112,109,99,98,95,430,1
99,98,95,113,112,109,118,116,114,113,112,109,74,1
113,112,109,113,112,109,113,112,109,125,123,121,979,2
113,112,109,99,98,95,113,112,109,115,114,111,865,2
113,112,109,125,123,121,113,112,109,125,123,121,561,2
125,123,121,113,112,109,115,114,111,113,112,109,425,1
99,98,95,113,112,109,115,114,111,113,112,109,700,1
113,112,109,125,123,121,113,112,109,102,101,98,123,1
125,123,121,113,112,109,122,121,118,113,112,109,362,1
113,112,109,113,112,109,108,106,104,113,112,109,510,2
113,112,109,113,112,109,113,112,109,120,119,116,845,2
113,112,109,125,123,121,113,112,109,118,116,114,162,2
113,112,109,113,112,109,125,123,121,113,112,109,781,1
99,98,95,113,112,109,105,104,101,113,112,109,234,2
113,112,109,113,112,109,120,119,116,113,112,109,878,1
113,112,109,113,112,109,113,112,109,122,121,118,153,2
125,123,121,113,112,109,110,109,106,113,112,109,951,2
99,98,95,113,112,109,108,106,104,113,112,109,466,2
99,98,95,113,112,109,125,123,121,113,112,109,968,1
113,112,109,99,98,95,113,112,109,122,121,118,835,2
113,112,109,113,112,109,113,112,109,122,121,118,384,2
113,112,109,113,112,109,113,112,109,102,101,98,442,1
113,112,109,113,112,109,125,123,121,113,112,109,649,1
113,112,109,99,98,95,113,112,109,120,119,116,207,2
125,123,121,113,112,109,125,123,121,113,112,109,528,1
113,112,109,113,112,109,105,104,101,113,112,109,278,2
113,112,109,113,112,109,120,119,116,113,112,109,185,1
99,98,95,113,112,109,115,114,111,113,112,109,238,1
113,112,109,113,112,109,113,112,109,102,101,98,904,1
113,112,109,113,112,109,110,109,106,113,112,109,181,2
99,98,95,113,112,109,122,121,118,113,112,109,10,1
113,112,109,113,112,109,108,106,104,113,112,109,279,2
113,112,109,99,98,95,113,112,109,118,116,114,668,2
113,112,109,99,98,95,113,112,109,108,106,104,37,1
99,98,95,113,112,109,113,112,109,113,112,109,336,1
113,112,109,113,112,109,115,114,111,113,112,109,513,1
125,123,121,113,112,109,113,112,109,113,112,109,490,1
113,112,109,113,112,109,113,112,109,118,116,114,184,2
99,98,95,113,112,109,113,112,109,113,112,109,534,1
113,112,109,125,123,121,113,112,109,113,112,109,457,2
125,123,121,113,112,109,110,109,106,113,112,109,27,2
113,112,109,113,112,109,113,112,109,108,106,104,246,1
113,112,109,113,112,109,113,112,109,115,114,111,612,2
113,112,109,113,112,109,113,112,109,110,109,106,676,1
113,112,109,113,112,109,113,112,109,99,98,95,12,1
99,98,95,113,112,109,125,123,121,113,112,109,308,1
113,112,109,125,123,121,113,112,109,122,121,118,989,2
99,98,95,113,112,109,105,104,101,113,112,109,795,2
113,112,109,113,112,109,113,112,109,122,121,118,186,2
113,112,109,125,123,121,113,112,109,102,101,98,519,1
113,112,109,125,123,121,113,112,109,125,123,121,198,2
113,112,109,113,112,109,113,112,109,113,112,109,974,1
113,112,109,113,112,109,113,112,109,108,106,104,939,1
99,98,95,113,112,109,120,119,116,113,112,109,273,1
125,123,121,113,112,109,120,119,116,113,112,109,823,1
125,123,121,113,112,109,125,123,121,113,112,109,594,1
113,112,109,113,112,109,99,98,95,113,112,109,738,2
125,123,121,113,112,109,110,109,106,113,112,109,555,2
125,123,121,113,112,109,99,98,95,113,112,109,617,2
125,123,121,113,112,109,105,104,101,113,112,109,751,2
125,123,121,113,112,109,115,114,111,113,112,109,557,1
113,112,109,125,123,121,113,112,109,125,123,121,891,2
125,123,121,113,112,109,122,121,118,113,112,109,725,1
99,98,95,113,112,109,120,119,116,113,112,109,735,1
125,123,121,113,112,109,99,98,95,113,112,109,89,2
99,98,95,113,112,109,102,101,98,113,112,109,596,2
99,98,95,113,112,109,120,119,116,113,112,109,933,1
113,112,109,125,123,121,113,112,109,120,119,116,922,2
113,112,109,113,112,109,113,112,109,115,114,111,579,2
125,123,121,113,112,109,120,119,116,113,112,109,328,1
125,123,121,113,112,109,105,104,101,113,112,109,157,2
113,112,109,99,98,95,113,112,109,125,123,121,143,2
99,98,95,113,112,109,105,104,101,113,112,109,564,2
113,112,109,113,112,109,113,112,109,110,109,106,709,1
99,98,95,113,112,109,113,112,109,113,112,109,435,1
113,112,109,113,112,109,105,104,101,113,112,109,938,2
125,123,121,113,112,109,113,112,109,113,112,109,391,1
99,98,95,113,112,109,118,116,114,113,112,109,305,1
125,123,121,113,112,109,118,116,114,113,112,109,63,1
113,112,109,113,112,109,113,112,109,122,121,118,747,2
125,123,121,113,112,109,110,109,106,113,112,109,621,2
125,123,121,113,112,109,113,112,109,113,112,109,919,1
113,112,109,113,112,109,113,112,109,122,121,118,516,2
125,123,121,113,112,109,108,106,104,113,112,109,851,2
99,98,95,113,112,109,115,114,111,113,112,109,667,1
113,112,109,125,123,121,113,112,109,102,101,98,57,1
113,112,109,113,112,109,113,112,109,113,112,109,347,1
99,98,95,113,112,109,118,116,114,113,112,109,932,1
113,112,109,113,112,109,122,121,118,113,112,109,285,1
125,123,121,113,112,109,120,119,116,113,112,109,625,1
113,112,109,125,123,121,113,112,109,108,106,104,59,1
99,98,95,113,112,109,102,101,98,113,112,109,365,2
113,112,109,113,112,109,113,112,109,102,101,98,508,1
125,123,121,113,112,109,108,106,104,113,112,109,686,2
113,112,109,99,98,95,113,112,109,105,104,101,762,1
113,112,109,125,123,121,113,112,109,115,114,111,524,2
113,112,109,99,98,95,113,112,109,102,101,98,167,1
113,112,109,125,123,121,113,112,109,108,106,104,983,1
113,112,109,125,123,121,113,112,109,125,123,121,165,2
113,112,109,99,98,95,113,112,109,102,101,98,728,1
113,112,109,113,112,109,115,114,111,113,112,109,810,1
113,112,109,113,112,109,113,112,109,108,106,104,114,1
99,98,95,113,112,109,115,114,111,113,112,109,535,1
113,112,109,99,98,95,113,112,109,122,121,118,901,2
125,123,121,113,112,109,108,106,104,113,112,109,389,2
125,123,121,113,112,109,113,112,109,113,112,109,655,1
113,112,109,113,112,109,113,112,109,105,104,101,113,1
113,112,109,113,112,109,115,114,111,113,112,109,876,1
113,112,109,99,98,95,113,112,109,110,109,106,863,1
113,112,109,125,123,121,113,112,109,120,119,116,394,2
113,112,109,113,112,109,113,112,109,102,101,98,871,1
99,98,95,113,112,109,120,119,116,113,112,109,9,1
99,98,95,113,112,109,110,109,106,113,112,109,533,2
99,98,95,113,112,109,120,119,116,113,112,109,108,1
125,123,121,113,112,109,125,123,121,113,112,109,495,1
113,112,109,99,98,95,113,112,109,118,116,114,8,2
99,98,95,113,112,109,122,121,118,113,112,109,868,1
113,112,109,99,98,95,113,112,109,120,119,116,669,2
113,112,109,113,112,109,113,112,109,118,116,114,877,2
113,112,109,113,112,109,113,112,109,105,104,101,773,1
113,112,109,99,98,95,113,112,109,113,112,109,897,2
113,112,109,113,112,109,113,112,109,125,123,121,814,2
113,112,109,113,112,109,120,119,116,113,112,109,53,1
99,98,95,113,112,109,108,106,104,113,112,109,202,2
113,112,109,125,123,121,113,112,109,118,116,114,756,2
113,112,109,125,123,121,113,112,109,108,106,104,950,1
99,98,95,113,112,109,105,104,101,113,112,109,729,2
113,112,109,113,112,109,113,112,109,113,112,109,842,1
113,112,109,99,98,95,113,112,109,113,112,109,732,2
113,112,109,125,123,121,113,112,109,115,114,111,920,2
113,112,109,113,112,109,99,98,95,113,112,109,672,2
113,112,109,113,112,109,113,112,109,120,119,116,746,2
125,123,121,113,112,109,118,116,114,113,112,109,30,1
113,112,109,113,112,109,125,123,121,113,112,109,682,1
113,112,109,125,123,121,113,112,109,108,106,104,620,1
113,112,109,113,112,109,102,101,98,113,112,109,970,2
99,98,95,113,112,109,115,114,111,113,112,109,403,1
113,112,109,99,98,95,113,112,109,120,119,116,603,2
125,123,121,113,112,109,122,121,118,113,112,109,791,1
113,112,109,99,98,95,113,112,109,110,109,106,566,1
113,112,109,99,98,95,113,112,109,108,106,104,334,1
113,112,109,99,98,95,113,112,109,120,119,116,306,2
