100,100,100,110,110,110,100,100,100,94,94,94,91,1
100,100,100,90,90,90,100,100,100,106,106,106,42,2
100,100,100,100,100,100,104,104,104,100,100,100,481,1
100,100,100,90,90,90,100,100,100,98,98,98,434,1
110,110,110,100,100,100,94,94,94,100,100,100,949,2
100,100,100,90,90,90,100,100,100,110,110,110,671,2
100,100,100,90,90,90,100,100,100,92,92,92,200,1
100,100,100,90,90,90,100,100,100,90,90,90,331,1
90,90,90,100,100,100,106,106,106,100,100,100,735,1
110,110,110,100,100,100,96,96,96,100,100,100,356,2
100,100,100,100,100,100,98,98,98,100,100,100,511,2
90,90,90,100,100,100,94,94,94,100,100,100,135,2
100,100,100,110,110,110,100,100,100,104,104,104,63,2
90,90,90,100,100,100,92,92,92,100,100,100,464,2
100,100,100,110,110,110,100,100,100,100,100,100,754,2
100,100,100,100,100,100,100,100,100,104,104,104,415,2
100,100,100,100,100,100,92,92,92,100,100,100,475,2
100,100,100,110,110,110,100,100,100,102,102,102,194,2
100,100,100,100,100,100,106,106,106,100,100,100,284,1
100,100,100,90,90,90,100,100,100,104,104,104,668,2
100,100,100,100,100,100,96,96,96,100,100,100,180,2
110,110,110,100,100,100,110,110,110,100,100,100,363,1
110,110,110,100,100,100,108,108,108,100,100,100,791,1
100,100,100,100,100,100,96,96,96,100,100,100,477,2
110,110,110,100,100,100,92,92,92,100,100,100,519,2
110,110,110,100,100,100,92,92,92,100,100,100,816,2
100,100,100,110,110,110,100,100,100,102,102,102,326,2
100,100,100,100,100,100,100,100,100,94,94,94,410,1
100,100,100,110,110,110,100,100,100,102,102,102,590,2
100,100,100,100,100,100,100,100,100,104,104,104,646,2
100,100,100,90,90,90,100,100,100,98,98,98,962,1
100,100,100,90,90,90,100,100,100,92,92,92,761,1
90,90,90,100,100,100,110,110,110,100,100,100,209,1
90,90,90,100,100,100,104,104,104,100,100,100,536,1
110,110,110,100,100,100,92,92,92,100,100,100,156,2
100,100,100,100,100,100,100,100,100,108,108,108,153,2
100,100,100,100,100,100,100,100,100,108,108,108,549,2
100,100,100,100,100,100,106,106,106,100,100,100,20,1
100,100,100,100,100,100,100,100,100,108,108,108,219,2
100,100,100,100,100,100,90,90,90,100,100,100,111,2
100,100,100,100,100,100,100,100,100,94,94,94,641,1
100,100,100,90,90,90,100,100,100,102,102,102,700,2
100,100,100,100,100,100,100,100,100,110,110,110,781,2
100,100,100,110,110,110,100,100,100,94,94,94,982,1
110,110,110,100,100,100,96,96,96,100,100,100,59,2
100,100,100,100,100,100,108,108,108,100,100,100,945,1
90,90,90,100,100,100,100,100,100,100,100,100,237,1
100,100,100,100,100,100,100,100,100,100,100,100,776,1
100,100,100,90,90,90,100,100,100,102,102,102,799,2
100,100,100,100,100,100,104,104,104,100,100,100,184,1
110,110,110,100,100,100,98,98,98,100,100,100,852,2
110,110,110,100,100,100,98,98,98,100,100,100,423,2
110,110,110,100,100,100,98,98,98,100,100,100,555,2
90,90,90,100,100,100,100,100,100,100,100,100,6,1
100,100,100,90,90,90,100,100,100,98,98,98,335,1
100,100,100,90,90,90,100,100,100,96,96,96,532,1
90,90,90,100,100,100,110,110,110,100,100,100,902,1
100,100,100,90,90,90,100,100,100,100,100,100,534,2
100,100,100,100,100,100,100,100,100,96,96,96,708,1
110,110,110,100,100,100,102,102,102,100,100,100,623,1
100,100,100,110,110,110,100,100,100,96,96,96,587,1
90,90,90,100,100,100,98,98,98,100,100,100,71,2
100,100,100,100,100,100,100,100,100,106,106,106,911,2
100,100,100,110,110,110,100,100,100,108,108,108,329,2
100,100,100,90,90,90,100,100,100,108,108,108,10,2
100,100,100,100,100,100,90,90,90,100,100,100,507,2
100,100,100,90,90,90,100,100,100,102,102,102,667,2
100,100,100,100,100,100,100,100,100,94,94,94,608,1
110,110,110,100,100,100,104,104,104,100,100,100,129,1
100,100,100,100,100,100,94,94,94,100,100,100,806,2
100,100,100,100,100,100,100,100,100,104,104,104,316,2
110,110,110,100,100,100,106,106,106,100,100,100,625,1
90,90,90,100,100,100,94,94,94,100,100,100,3,2
100,100,100,100,100,100,102,102,102,100,100,100,381,1
100,100,100,90,90,90,100,100,100,98,98,98,863,1
100,100,100,110,110,110,100,100,100,104,104,104,360,2
100,100,100,110,110,110,100,100,100,110,110,110,231,2
100,100,100,100,100,100,90,90,90,100,100,100,309,2
100,100,100,110,110,110,100,100,100,98,98,98,621,1
100,100,100,100,100,100,110,110,110,100,100,100,220,1
100,100,100,100,100,100,92,92,92,100,100,100,706,2
100,100,100,100,100,100,102,102,102,100,100,100,546,1
100,100,100,100,100,100,90,90,90,100,100,100,804,2
90,90,90,100,100,100,110,110,110,100,100,100,110,1
100,100,100,100,100,100,110,110,110,100,100,100,55,1
100,100,100,110,110,110,100,100,100,102,102,102,458,2
90,90,90,100,100,100,110,110,110,100,100,100,506,1
100,100,100,100,100,100,100,100,100,108,108,108,285,2
90,90,90,100,100,100,90,90,90,100,100,100,199,2
100,100,100,100,100,100,98,98,98,100,100,100,280,2
90,90,90,100,100,100,108,108,108,100,100,100,505,1
90,90,90,100,100,100,98,98,98,100,100,100,764,2
100,100,100,100,100,100,100,100,100,100,100,100,215,2
110,110,110,100,100,100,108,108,108,100,100,100,395,1
100,100,100,110,110,110,100,100,100,106,106,106,460,2
90,90,90,100,100,100,90,90,90,100,100,100,133,2
100,100,100,100,100,100,98,98,98,100,100,100,907,2
100,100,100,100,100,100,106,106,106,100,100,100,317,1
90,90,90,100,100,100,96,96,96,100,100,100,796,2
100,100,100,90,90,90,100,100,100,102,102,102,832,2
90,90,90,100,100,100,106,106,106,100,100,100,339,1
100,100,100,100,100,100,100,100,100,96,96,96,675,1
100,100,100,110,110,110,100,100,100,92,92,92,420,1
100,100,100,100,100,100,100,100,100,90,90,90,474,1
100,100,100,100,100,100,94,94,94,100,100,100,146,2
100,100,100,100,100,100,98,98,98,100,100,100,775,2
100,100,100,90,90,90,100,100,100,106,106,106,570,2
100,100,100,110,110,110,100,100,100,110,110,110,462,2
100,100,100,110,110,110,100,100,100,100,100,100,490,2
90,90,90,100,100,100,104,104,104,100,100,100,701,1
90,90,90,100,100,100,110,110,110,100,100,100,374,1
100,100,100,90,90,90,100,100,100,98,98,98,500,1
100,100,100,100,100,100,100,100,100,96,96,96,807,1
110,110,110,100,100,100,110,110,110,100,100,100,594,1
100,100,100,110,110,110,100,100,100,92,92,92,57,1
110,110,110,100,100,100,96,96,96,100,100,100,653,2
110,110,110,100,100,100,100,100,100,100,100,100,424,1
90,90,90,100,100,100,102,102,102,100,100,100,601,1
100,100,100,100,100,100,98,98,98,100,100,100,16,2
100,100,100,90,90,90,100,100,100,100,100,100,39,2
100,100,100,100,100,100,104,104,104,100,100,100,382,1
100,100,100,90,90,90,100,100,100,110,110,110,704,2
100,100,100,110,110,110,100,100,100,100,100,100,919,2
90,90,90,100,100,100,92,92,92,100,100,100,332,2
110,110,110,100,100,100,90,90,90,100,100,100,188,2
100,100,100,90,90,90,100,100,100,106,106,106,504,2
100,100,100,110,110,110,100,100,100,104,104,104,657,2
100,100,100,110,110,110,100,100,100,98,98,98,192,1
100,100,100,90,90,90,100,100,100,104,104,104,239,2
100,100,100,100,100,100,106,106,106,100,100,100,218,1
100,100,100,110,110,110,100,100,100,96,96,96,554,1
110,110,110,100,100,100,92,92,92,100,100,100,618,2
110,110,110,100,100,100,104,104,104,100,100,100,492,1
100,100,100,100,100,100,108,108,108,100,100,100,747,1
100,100,100,110,110,110,100,100,100,96,96,96,917,1
100,100,100,100,100,100,110,110,110,100,100,100,682,1
110,110,110,100,100,100,96,96,96,100,100,100,158,2
100,100,100,100,100,100,100,100,100,94,94,94,905,1
90,90,90,100,100,100,92,92,92,100,100,100,35,2
100,100,100,110,110,110,100,100,100,102,102,102,293,2
110,110,110,100,100,100,106,106,106,100,100,100,691,1
100,100,100,90,90,90,100,100,100,110,110,110,572,2
90,90,90,100,100,100,96,96,96,100,100,100,433,2
100,100,100,100,100,100,90,90,90,100,100,100,177,2
110,110,110,100,100,100,102,102,102,100,100,100,854,1
90,90,90,100,100,100,106,106,106,100,100,100,471,1
100,100,100,100,100,100,100,100,100,90,90,90,342,1
100,100,100,110,110,110,100,100,100,90,90,90,419,1
100,100,100,90,90,90,100,100,100,110,110,110,407,2
100,100,100,110,110,110,100,100,100,108,108,108,692,2
100,100,100,90,90,90,100,100,100,102,102,102,172,2
90,90,90,100,100,100,100,100,100,100,100,100,303,1
100,100,100,110,110,110,100,100,100,106,106,106,196,2
100,100,100,110,110,110,100,100,100,104,104,104,30,2
90,90,90,100,100,100,100,100,100,100,100,100,402,1
100,100,100,100,100,100,100,100,100,110,110,110,451,2
100,100,100,90,90,90,100,100,100,102,102,102,865,2
110,110,110,100,100,100,90,90,90,100,100,100,23,2
90,90,90,100,100,100,98,98,98,100,100,100,302,2
100,100,100,100,100,100,100,100,100,96,96,96,15,1
110,110,110,100,100,100,92,92,92,100,100,100,882,2
100,100,100,110,110,110,100,100,100,108,108,108,923,2
90,90,90,100,100,100,96,96,96,100,100,100,466,2
110,110,110,100,100,100,94,94,94,100,100,100,223,2
100,100,100,90,90,90,100,100,100,92,92,92,398,1
100,100,100,100,100,100,100,100,100,108,108,108,318,2
100,100,100,100,100,100,94,94,94,100,100,100,311,2
110,110,110,100,100,100,106,106,106,100,100,100,889,1
110,110,110,100,100,100,106,106,106,100,100,100,922,1
110,110,110,100,100,100,108,108,108,100,100,100,131,1
100,100,100,100,100,100,100,100,100,92,92,92,178,1
100,100,100,100,100,100,92,92,92,100,100,100,145,2
90,90,90,100,100,100,102,102,102,100,100,100,898,1
100,100,100,100,100,100,108,108,108,100,100,100,21,1
100,100,100,90,90,90,100,100,100,98,98,98,38,1
100,100,100,100,100,100,100,100,100,104,104,104,943,2
110,110,110,100,100,100,106,106,106,100,100,100,97,1
100,100,100,100,100,100,102,102,102,100,100,100,513,1
100,100,100,100,100,100,100,100,100,100,100,100,611,1
100,100,100,100,100,100,100,100,100,102,102,102,414,2
100,100,100,110,110,110,100,100,100,108,108,108,197,2
110,110,110,100,100,100,108,108,108,100,100,100,65,1
100,100,100,100,100,100,100,100,100,96,96,96,48,1
100,100,100,100,100,100,108,108,108,100,100,100,714,1
100,100,100,100,100,100,100,100,100,98,98,98,643,1
100,100,100,100,100,100,100,100,100,92,92,92,211,1
100,100,100,100,100,100,92,92,92,100,100,100,541,2
110,110,110,100,100,100,96,96,96,100,100,100,983,2
100,100,100,100,100,100,100,100,100,106,106,106,614,2
110,110,110,100,100,100,90,90,90,100,100,100,287,2
100,100,100,90,90,90,100,100,100,94,94,94,762,1
100,100,100,110,110,110,100,100,100,102,102,102,953,2
100,100,100,110,110,110,100,100,100,98,98,98,819,1
110,110,110,100,100,100,94,94,94,100,100,100,619,2
100,100,100,90,90,90,100,100,100,90,90,90,694,1
100,100,100,110,110,110,100,100,100,106,106,106,988,2
100,100,100,100,100,100,92,92,92,100,100,100,805,2
100,100,100,100,100,100,106,106,106,100,100,100,878,1
100,100,100,100,100,100,100,100,100,100,100,100,314,1
90,90,90,100,100,100,108,108,108,100,100,100,241,1
100,100,100,100,100,100,100,100,100,104,104,104,283,2
100,100,100,90,90,90,100,100,100,92,92,92,233,1
100,100,100,100,100,100,100,100,100,92,92,92,442,1
100,100,100,90,90,90,100,100,100,108,108,108,142,2
100,100,100,110,110,110,100,100,100,96,96,96,26,1
100,100,100,110,110,110,100,100,100,110,110,110,990,2
100,100,100,100,100,100,104,104,104,100,100,100,613,1
100,100,100,100,100,100,100,100,100,92,92,92,79,1
90,90,90,100,100,100,92,92,92,100,100,100,629,2
100,100,100,100,100,100,100,100,100,102,102,102,348,2
110,110,110,100,100,100,106,106,106,100,100,100,262,1
110,110,110,100,100,100,94,94,94,100,100,100,454,2
100,100,100,110,110,110,100,100,100,96,96,96,488,1
100,100,100,100,100,100,102,102,102,100,100,100,18,1
100,100,100,110,110,110,100,100,100,90,90,90,782,1
100,100,100,100,100,100,100,100,100,106,106,106,812,2
100,100,100,100,100,100,100,100,100,92,92,92,343,1
100,100,100,110,110,110,100,100,100,108,108,108,362,2
100,100,100,110,110,110,100,100,100,102,102,102,62,2
110,110,110,100,100,100,96,96,96,100,100,100,950,2
100,100,100,90,90,90,100,100,100,110,110,110,308,2
100,100,100,110,110,110,100,100,100,100,100,100,820,2
100,100,100,100,100,100,104,104,104,100,100,100,580,1
110,110,110,100,100,100,104,104,104,100,100,100,690,1
100,100,100,100,100,100,100,100,100,108,108,108,483,2
90,90,90,100,100,100,90,90,90,100,100,100,100,2
90,90,90,100,100,100,104,104,104,100,100,100,635,1
100,100,100,100,100,100,100,100,100,90,90,90,672,1
100,100,100,110,110,110,100,100,100,100,100,100,391,2
90,90,90,100,100,100,106,106,106,100,100,100,9,1
100,100,100,100,100,100,100,100,100,110,110,110,748,2
110,110,110,100,100,100,98,98,98,100,100,100,291,2
90,90,90,100,100,100,98,98,98,100,100,100,401,2
100,100,100,110,110,110,100,100,100,104,104,104,393,2
100,100,100,90,90,90,100,100,100,102,102,102,370,2
100,100,100,110,110,110,100,100,100,98,98,98,918,1
100,100,100,100,100,100,92,92,92,100,100,100,277,2
100,100,100,100,100,100,108,108,108,100,100,100,516,1
100,100,100,100,100,100,96,96,96,100,100,100,774,2
90,90,90,100,100,100,102,102,102,100,100,100,502,1
110,110,110,100,100,100,110,110,110,100,100,100,396,1
90,90,90,100,100,100,100,100,100,100,100,100,600,1
110,110,110,100,100,100,96,96,96,100,100,100,884,2
90,90,90,100,100,100,90,90,90,100,100,100,925,2
110,110,110,100,100,100,102,102,102,100,100,100,392,1
110,110,110,100,100,100,98,98,98,100,100,100,456,2
100,100,100,90,90,90,100,100,100,90,90,90,298,1
100,100,100,90,90,90,100,100,100,106,106,106,867,2
100,100,100,100,100,100,90,90,90,100,100,100,408,2
100,100,100,100,100,100,100,100,100,110,110,110,385,2
100,100,100,100,100,100,100,100,100,90,90,90,78,1
90,90,90,100,100,100,104,104,104,100,100,100,173,1
100,100,100,110,110,110,100,100,100,104,104,104,327,2
100,100,100,100,100,100,100,100,100,100,100,100,875,2
90,90,90,100,100,100,90,90,90,100,100,100,496,2
100,100,100,110,110,110,100,100,100,106,106,106,526,2
90,90,90,100,100,100,94,94,94,100,100,100,366,2
100,100,100,90,90,90,100,100,100,98,98,98,533,1
100,100,100,100,100,100,100,100,100,94,94,94,245,1
100,100,100,90,90,90,100,100,100,106,106,106,834,2
100,100,100,100,100,100,96,96,96,100,100,100,345,2
100,100,100,100,100,100,100,100,100,96,96,96,279,1
100,100,100,90,90,90,100,100,100,96,96,96,70,1
100,100,100,90,90,90,100,100,100,108,108,108,274,2
100,100,100,100,100,100,100,100,100,110,110,110,286,2
90,90,90,100,100,100,108,108,108,100,100,100,670,1
110,110,110,100,100,100,102,102,102,100,100,100,722,1
100,100,100,100,100,100,104,104,104,100,100,100,712,1
100,100,100,90,90,90,100,100,100,110,110,110,869,2
100,100,100,110,110,110,100,100,100,92,92,92,90,1
100,100,100,110,110,110,100,100,100,104,104,104,162,2
110,110,110,100,100,100,94,94,94,100,100,100,190,2
100,100,100,100,100,100,100,100,100,94,94,94,14,1
100,100,100,100,100,100,100,100,100,106,106,106,647,2
90,90,90,100,100,100,90,90,90,100,100,100,859,2
100,100,100,110,110,110,100,100,100,100,100,100,94,2
100,100,100,100,100,100,98,98,98,100,100,100,181,2
100,100,100,110,110,110,100,100,100,110,110,110,165,2
100,100,100,90,90,90,100,100,100,104,104,104,206,2
90,90,90,100,100,100,94,94,94,100,100,100,201,2
100,100,100,100,100,100,100,100,100,100,100,100,644,1
110,110,110,100,100,100,90,90,90,100,100,100,518,2
100,100,100,100,100,100,94,94,94,100,100,100,575,2
100,100,100,100,100,100,108,108,108,100,100,100,120,1
110,110,110,100,100,100,100,100,100,100,100,100,358,1
100,100,100,110,110,110,100,100,100,100,100,100,985,2
90,90,90,100,100,100,108,108,108,100,100,100,604,1
110,110,110,100,100,100,104,104,104,100,100,100,96,1
100,100,100,110,110,110,100,100,100,92,92,92,354,1
100,100,100,100,100,100,108,108,108,100,100,100,417,1
110,110,110,100,100,100,108,108,108,100,100,100,824,1
100,100,100,100,100,100,98,98,98,100,100,100,82,2
100,100,100,100,100,100,108,108,108,100,100,100,87,1
90,90,90,100,100,100,102,102,102,100,100,100,568,1
100,100,100,100,100,100,100,100,100,106,106,106,383,2
100,100,100,90,90,90,100,100,100,90,90,90,397,1
100,100,100,100,100,100,100,100,100,102,102,102,810,2
90,90,90,100,100,100,100,100,100,100,100,100,732,1
100,100,100,100,100,100,94,94,94,100,100,100,278,2
100,100,100,100,100,100,106,106,106,100,100,100,746,1
100,100,100,100,100,100,90,90,90,100,100,100,441,2
100,100,100,100,100,100,100,100,100,96,96,96,939,1
100,100,100,100,100,100,110,110,110,100,100,100,88,1
110,110,110,100,100,100,104,104,104,100,100,100,888,1
90,90,90,100,100,100,92,92,92,100,100,100,959,2
100,100,100,90,90,90,100,100,100,104,104,104,932,2
100,100,100,100,100,100,100,100,100,98,98,98,841,1
100,100,100,110,110,110,100,100,100,90,90,90,155,1
100,100,100,110,110,110,100,100,100,96,96,96,785,1
100,100,100,90,90,90,100,100,100,104,104,104,767,2
100,100,100,100,100,100,100,100,100,100,100,100,50,1
100,100,100,100,100,100,96,96,96,100,100,100,213,2
100,100,100,100,100,100,110,110,110,100,100,100,121,1
100,100,100,100,100,100,100,100,100,104,104,104,151,2
100,100,100,90,90,90,100,100,100,108,108,108,571,2
100,100,100,100,100,100,100,100,100,96,96,96,411,1
100,100,100,110,110,110,100,100,100,90,90,90,221,1
100,100,100,90,90,90,100,100,100,104,104,104,272,2
90,90,90,100,100,100,100,100,100,100,100,100,336,1
100,100,100,90,90,90,100,100,100,108,108,108,538,2
100,100,100,100,100,100,106,106,106,100,100,100,680,1
100,100,100,110,110,110,100,100,100,90,90,90,551,1
110,110,110,100,100,100,90,90,90,100,100,100,89,2
100,100,100,90,90,90,100,100,100,96,96,96,103,1
100,100,100,110,110,110,100,100,100,96,96,96,323,1
100,100,100,100,100,100,96,96,96,100,100,100,147,2
100,100,100,100,100,100,108,108,108,100,100,100,54,1
100,100,100,110,110,110,100,100,100,106,106,106,856,2
100,100,100,90,90,90,100,100,100,110,110,110,341,2
110,110,110,100,100,100,100,100,100,100,100,100,193,1
100,100,100,110,110,110,100,100,100,102,102,102,887,2
100,100,100,110,110,110,100,100,100,108,108,108,164,2
90,90,90,100,100,100,102,102,102,100,100,100,733,1
100,100,100,110,110,110,100,100,100,106,106,106,559,2
100,100,100,110,110,110,100,100,100,100,100,100,325,2
100,100,100,90,90,90,100,100,100,98,98,98,632,1
100,100,100,100,100,100,100,100,100,100,100,100,116,1
100,100,100,100,100,100,100,100,100,94,94,94,476,1
100,100,100,110,110,110,100,100,100,90,90,90,617,1
100,100,100,90,90,90,100,100,100,108,108,108,901,2
110,110,110,100,100,100,106,106,106,100,100,100,394,1
100,100,100,100,100,100,92,92,92,100,100,100,838,2
100,100,100,100,100,100,100,100,100,98,98,98,478,1
110,110,110,100,100,100,104,104,104,100,100,100,525,1
100,100,100,90,90,90,100,100,100,100,100,100,963,2
90,90,90,100,100,100,108,108,108,100,100,100,868,1
110,110,110,100,100,100,92,92,92,100,100,100,783,2
100,100,100,110,110,110,100,100,100,92,92,92,651,1
100,100,100,100,100,100,110,110,110,100,100,100,847,1
90,90,90,100,100,100,108,108,108,100,100,100,439,1
100,100,100,110,110,110,100,100,100,108,108,108,890,2
100,100,100,110,110,110,100,100,100,98,98,98,390,1
110,110,110,100,100,100,94,94,94,100,100,100,124,2
100,100,100,90,90,90,100,100,100,98,98,98,929,1
90,90,90,100,100,100,102,102,102,100,100,100,73,1
100,100,100,100,100,100,104,104,104,100,100,100,85,1
100,100,100,110,110,110,100,100,100,110,110,110,726,2
110,110,110,100,100,100,92,92,92,100,100,100,453,2
90,90,90,100,100,100,102,102,102,100,100,100,964,1
100,100,100,90,90,90,100,100,100,104,104,104,569,2
100,100,100,100,100,100,100,100,100,92,92,92,244,1
90,90,90,100,100,100,94,94,94,100,100,100,597,2
100,100,100,110,110,110,100,100,100,98,98,98,225,1
100,100,100,110,110,110,100,100,100,102,102,102,161,2
100,100,100,100,100,100,100,100,100,94,94,94,80,1
110,110,110,100,100,100,110,110,110,100,100,100,792,1
100,100,100,110,110,110,100,100,100,110,110,110,759,2
100,100,100,100,100,100,96,96,96,100,100,100,873,2
100,100,100,90,90,90,100,100,100,94,94,94,927,1
100,100,100,90,90,90,100,100,100,100,100,100,567,2
100,100,100,100,100,100,100,100,100,90,90,90,45,1
110,110,110,100,100,100,108,108,108,100,100,100,593,1
110,110,110,100,100,100,104,104,104,100,100,100,987,1
100,100,100,110,110,110,100,100,100,110,110,110,528,2
100,100,100,100,100,100,108,108,108,100,100,100,978,1
100,100,100,100,100,100,100,100,100,96,96,96,906,1
100,100,100,90,90,90,100,100,100,90,90,90,34,1
100,100,100,100,100,100,102,102,102,100,100,100,843,1
100,100,100,100,100,100,100,100,100,104,104,104,877,2
100,100,100,110,110,110,100,100,100,98,98,98,126,1
100,100,100,100,100,100,100,100,100,100,100,100,182,1
110,110,110,100,100,100,90,90,90,100,100,100,683,2
100,100,100,100,100,100,100,100,100,94,94,94,839,1
110,110,110,100,100,100,110,110,110,100,100,100,660,1
100,100,100,90,90,90,100,100,100,106,106,106,240,2
100,100,100,90,90,90,100,100,100,108,108,108,835,2
100,100,100,100,100,100,100,100,100,106,106,106,119,2
100,100,100,100,100,100,100,100,100,98,98,98,973,1
100,100,100,110,110,110,100,100,100,96,96,96,455,1
100,100,100,90,90,90,100,100,100,94,94,94,69,1
110,110,110,100,100,100,94,94,94,100,100,100,520,2
100,100,100,100,100,100,92,92,92,100,100,100,574,2
100,100,100,100,100,100,100,100,100,106,106,106,713,2
100,100,100,110,110,110,100,100,100,92,92,92,24,1
110,110,110,100,100,100,110,110,110,100,100,100,693,1
100,100,100,100,100,100,100,100,100,100,100,100,248,1
90,90,90,100,100,100,94,94,94,100,100,100,432,2
100,100,100,90,90,90,100,100,100,102,102,102,931,2
100,100,100,90,90,90,100,100,100,106,106,106,933,2
100,100,100,90,90,90,100,100,100,110,110,110,803,2
110,110,110,100,100,100,110,110,110,100,100,100,198,1
100,100,100,100,100,100,100,100,100,96,96,96,642,1
100,100,100,110,110,110,100,100,100,106,106,106,955,2
100,100,100,90,90,90,100,100,100,110,110,110,275,2
100,100,100,110,110,110,100,100,100,108,108,108,494,2
90,90,90,100,100,100,100,100,100,100,100,100,798,1
100,100,100,110,110,110,100,100,100,90,90,90,485,1
100,100,100,100,100,100,100,100,100,100,100,100,809,2
100,100,100,100,100,100,100,100,100,96,96,96,972,1
100,100,100,90,90,90,100,100,100,110,110,110,176,2
110,110,110,100,100,100,94,94,94,100,100,100,388,2
100,100,100,90,90,90,100,100,100,98,98,98,368,1
100,100,100,100,100,100,94,94,94,100,100,100,344,2
100,100,100,110,110,110,100,100,100,98,98,98,885,1
110,110,110,100,100,100,110,110,110,100,100,100,66,1
100,100,100,100,100,100,100,100,100,100,100,100,677,2
100,100,100,100,100,100,92,92,92,100,100,100,640,2
100,100,100,110,110,110,100,100,100,94,94,94,817,1
100,100,100,90,90,90,100,100,100,106,106,106,75,2
100,100,100,90,90,90,100,100,100,106,106,106,438,2
110,110,110,100,100,100,102,102,102,100,100,100,359,1
100,100,100,100,100,100,100,100,100,104,104,104,349,2
100,100,100,90,90,90,100,100,100,100,100,100,138,2
100,100,100,100,100,100,100,100,100,110,110,110,319,2
100,100,100,90,90,90,100,100,100,110,110,110,242,2
110,110,110,100,100,100,106,106,106,100,100,100,823,1
100,100,100,110,110,110,100,100,100,102,102,102,128,2
100,100,100,90,90,90,100,100,100,90,90,90,463,1
100,100,100,110,110,110,100,100,100,108,108,108,758,2
100,100,100,100,100,100,100,100,100,90,90,90,606,1
90,90,90,100,100,100,108,108,108,100,100,100,208,1
100,100,100,100,100,100,100,100,100,94,94,94,971,1
110,110,110,100,100,100,92,92,92,100,100,100,915,2
110,110,110,100,100,100,94,94,94,100,100,100,586,2
100,100,100,100,100,100,100,100,100,100,100,100,710,1
110,110,110,100,100,100,106,106,106,100,100,100,295,1
100,100,100,100,100,100,100,100,100,96,96,96,378,1
90,90,90,100,100,100,96,96,96,100,100,100,631,2
110,110,110,100,100,100,110,110,110,100,100,100,495,1
110,110,110,100,100,100,108,108,108,100,100,100,230,1
110,110,110,100,100,100,92,92,92,100,100,100,387,2
90,90,90,100,100,100,102,102,102,100,100,100,436,1
100,100,100,100,100,100,100,100,100,92,92,92,970,1
100,100,100,100,100,100,100,100,100,110,110,110,979,2
100,100,100,100,100,100,98,98,98,100,100,100,874,2
100,100,100,90,90,90,100,100,100,98,98,98,170,1
90,90,90,100,100,100,100,100,100,100,100,100,864,1
90,90,90,100,100,100,94,94,94,100,100,100,960,2
100,100,100,100,100,100,104,104,104,100,100,100,547,1
100,100,100,90,90,90,100,100,100,104,104,104,41,2
100,100,100,100,100,100,100,100,100,94,94,94,707,1
100,100,100,110,110,110,100,100,100,106,106,106,757,2
90,90,90,100,100,100,98,98,98,100,100,100,5,2
100,100,100,110,110,110,100,100,100,102,102,102,689,2
100,100,100,90,90,90,100,100,100,110,110,110,11,2
100,100,100,110,110,110,100,100,100,104,104,104,228,2
90,90,90,100,100,100,106,106,106,100,100,100,768,1
110,110,110,100,100,100,98,98,98,100,100,100,720,2
100,100,100,110,110,110,100,100,100,100,100,100,688,2
100,100,100,100,100,100,100,100,100,102,102,102,909,2
100,100,100,100,100,100,90,90,90,100,100,100,936,2
100,100,100,100,100,100,108,108,108,100,100,100,252,1
100,100,100,100,100,100,98,98,98,100,100,100,214,2
110,110,110,100,100,100,90,90,90,100,100,100,452,2
90,90,90,100,100,100,102,102,102,100,100,100,535,1
90,90,90,100,100,100,108,108,108,100,100,100,472,1
100,100,100,90,90,90,100,100,100,102,102,102,766,2
110,110,110,100,100,100,96,96,96,100,100,100,851,2
100,100,100,90,90,90,100,100,100,98,98,98,137,1
100,100,100,90,90,90,100,100,100,92,92,92,893,1
100,100,100,90,90,90,100,100,100,94,94,94,102,1
90,90,90,100,100,100,92,92,92,100,100,100,365,2
100,100,100,110,110,110,100,100,100,110,110,110,99,2
100,100,100,90,90,90,100,100,100,96,96,96,862,1
100,100,100,100,100,100,110,110,110,100,100,100,946,1
100,100,100,90,90,90,100,100,100,104,104,104,503,2
100,100,100,90,90,90,100,100,100,96,96,96,598,1
100,100,100,110,110,110,100,100,100,94,94,94,652,1
100,100,100,90,90,90,100,100,100,94,94,94,564,1
100,100,100,100,100,100,94,94,94,100,100,100,938,2
90,90,90,100,100,100,90,90,90,100,100,100,562,2
100,100,100,100,100,100,102,102,102,100,100,100,51,1
90,90,90,100,100,100,90,90,90,100,100,100,727,2
100,100,100,90,90,90,100,100,100,104,104,104,74,2
90,90,90,100,100,100,100,100,100,100,100,100,204,1
100,100,100,100,100,100,100,100,100,110,110,110,649,2
100,100,100,100,100,100,100,100,100,108,108,108,450,2
100,100,100,90,90,90,100,100,100,96,96,96,961,1
110,110,110,100,100,100,94,94,94,100,100,100,883,2
100,100,100,90,90,90,100,100,100,108,108,108,703,2
110,110,110,100,100,100,90,90,90,100,100,100,386,2
100,100,100,100,100,100,100,100,100,106,106,106,251,2
110,110,110,100,100,100,106,106,106,100,100,100,361,1
100,100,100,100,100,100,100,100,100,98,98,98,808,1
100,100,100,110,110,110,100,100,100,98,98,98,588,1
100,100,100,100,100,100,96,96,96,100,100,100,312,2
100,100,100,100,100,100,110,110,110,100,100,100,418,1
100,100,100,90,90,90,100,100,100,98,98,98,269,1
100,100,100,100,100,100,100,100,100,108,108,108,615,2
100,100,100,100,100,100,104,104,104,100,100,100,514,1
100,100,100,100,100,100,100,100,100,96,96,96,576,1
100,100,100,90,90,90,100,100,100,96,96,96,202,1
100,100,100,100,100,100,96,96,96,100,100,100,444,2
100,100,100,110,110,110,100,100,100,110,110,110,561,2
90,90,90,100,100,100,110,110,110,100,100,100,44,1
100,100,100,110,110,110,100,100,100,100,100,100,160,2
100,100,100,110,110,110,100,100,100,90,90,90,584,1
100,100,100,90,90,90,100,100,100,106,106,106,702,2
100,100,100,90,90,90,100,100,100,94,94,94,267,1
100,100,100,110,110,110,100,100,100,92,92,92,123,1
100,100,100,100,100,100,100,100,100,102,102,102,645,2
90,90,90,100,100,100,90,90,90,100,100,100,529,2
100,100,100,100,100,100,100,100,100,100,100,100,974,1
100,100,100,100,100,100,98,98,98,100,100,100,148,2
100,100,100,100,100,100,100,100,100,102,102,102,975,2
100,100,100,100,100,100,100,100,100,96,96,96,246,1
90,90,90,100,100,100,94,94,94,100,100,100,36,2
110,110,110,100,100,100,106,106,106,100,100,100,724,1
100,100,100,90,90,90,100,100,100,110,110,110,770,2
100,100,100,110,110,110,100,100,100,92,92,92,948,1
100,100,100,110,110,110,100,100,100,94,94,94,25,1
100,100,100,100,100,100,100,100,100,106,106,106,449,2
90,90,90,100,100,100,108,108,108,100,100,100,373,1
100,100,100,100,100,100,100,100,100,102,102,102,282,2
100,100,100,90,90,90,100,100,100,108,108,108,43,2
90,90,90,100,100,100,94,94,94,100,100,100,828,2
100,100,100,90,90,90,100,100,100,92,92,92,794,1
100,100,100,100,100,100,90,90,90,100,100,100,540,2
100,100,100,100,100,100,100,100,100,102,102,102,249,2
110,110,110,100,100,100,90,90,90,100,100,100,749,2
100,100,100,90,90,90,100,100,100,94,94,94,795,1
100,100,100,90,90,90,100,100,100,110,110,110,143,2
100,100,100,100,100,100,100,100,100,92,92,92,310,1
100,100,100,100,100,100,100,100,100,106,106,106,944,2
100,100,100,90,90,90,100,100,100,98,98,98,599,1
90,90,90,100,100,100,90,90,90,100,100,100,232,2
100,100,100,90,90,90,100,100,100,94,94,94,696,1
100,100,100,110,110,110,100,100,100,98,98,98,786,1
100,100,100,100,100,100,106,106,106,100,100,100,86,1
110,110,110,100,100,100,96,96,96,100,100,100,422,2
100,100,100,100,100,100,100,100,100,98,98,98,379,1
110,110,110,100,100,100,110,110,110,100,100,100,825,1
110,110,110,100,100,100,98,98,98,100,100,100,357,2
100,100,100,100,100,100,100,100,100,108,108,108,813,2
110,110,110,100,100,100,98,98,98,100,100,100,687,2
100,100,100,110,110,110,100,100,100,98,98,98,654,1
100,100,100,100,100,100,100,100,100,100,100,100,380,1
100,100,100,90,90,90,100,100,100,102,102,102,205,2
90,90,90,100,100,100,110,110,110,100,100,100,968,1
110,110,110,100,100,100,92,92,92,100,100,100,585,2
90,90,90,100,100,100,110,110,110,100,100,100,77,1
110,110,110,100,100,100,94,94,94,100,100,100,322,2
110,110,110,100,100,100,100,100,100,100,100,100,556,1
90,90,90,100,100,100,94,94,94,100,100,100,729,2
100,100,100,100,100,100,96,96,96,100,100,100,510,2
100,100,100,110,110,110,100,100,100,108,108,108,626,2
100,100,100,90,90,90,100,100,100,96,96,96,895,1
100,100,100,90,90,90,100,100,100,98,98,98,665,1
110,110,110,100,100,100,106,106,106,100,100,100,163,1
100,100,100,100,100,100,100,100,100,90,90,90,870,1
100,100,100,100,100,100,100,100,100,92,92,92,772,1
100,100,100,100,100,100,108,108,108,100,100,100,351,1
90,90,90,100,100,100,96,96,96,100,100,100,235,2
100,100,100,110,110,110,100,100,100,92,92,92,288,1
110,110,110,100,100,100,96,96,96,100,100,100,125,2
100,100,100,90,90,90,100,100,100,108,108,108,769,2
110,110,110,100,100,100,90,90,90,100,100,100,254,2
90,90,90,100,100,100,90,90,90,100,100,100,760,2
100,100,100,90,90,90,100,100,100,90,90,90,430,1
100,100,100,100,100,100,100,100,100,90,90,90,210,1
100,100,100,110,110,110,100,100,100,98,98,98,60,1
100,100,100,100,100,100,110,110,110,100,100,100,22,1
110,110,110,100,100,100,100,100,100,100,100,100,655,1
100,100,100,100,100,100,100,100,100,100,100,100,83,2
100,100,100,100,100,100,100,100,100,106,106,106,416,2
100,100,100,90,90,90,100,100,100,96,96,96,367,1
110,110,110,100,100,100,110,110,110,100,100,100,264,1
100,100,100,100,100,100,100,100,100,90,90,90,771,1
90,90,90,100,100,100,104,104,104,100,100,100,899,1
100,100,100,100,100,100,106,106,106,100,100,100,482,1
110,110,110,100,100,100,96,96,96,100,100,100,290,2
100,100,100,90,90,90,100,100,100,100,100,100,765,2
110,110,110,100,100,100,98,98,98,100,100,100,984,2
110,110,110,100,100,100,100,100,100,100,100,100,226,1
90,90,90,100,100,100,100,100,100,100,100,100,633,1
100,100,100,100,100,100,106,106,106,100,100,100,977,1
90,90,90,100,100,100,98,98,98,100,100,100,731,2
100,100,100,100,100,100,98,98,98,100,100,100,544,2
90,90,90,100,100,100,92,92,92,100,100,100,431,2
100,100,100,100,100,100,94,94,94,100,100,100,542,2
90,90,90,100,100,100,106,106,106,100,100,100,537,1
90,90,90,100,100,100,98,98,98,100,100,100,797,2
110,110,110,100,100,100,98,98,98,100,100,100,27,2
100,100,100,110,110,110,100,100,100,98,98,98,258,1
110,110,110,100,100,100,94,94,94,100,100,100,289,2
110,110,110,100,100,100,110,110,110,100,100,100,429,1
110,110,110,100,100,100,100,100,100,100,100,100,61,1
90,90,90,100,100,100,104,104,104,100,100,100,305,1
90,90,90,100,100,100,94,94,94,100,100,100,663,2
90,90,90,100,100,100,96,96,96,100,100,100,664,2
110,110,110,100,100,100,102,102,102,100,100,100,260,1
90,90,90,100,100,100,106,106,106,100,100,100,603,1
110,110,110,100,100,100,108,108,108,100,100,100,956,1
90,90,90,100,100,100,100,100,100,100,100,100,171,1
110,110,110,100,100,100,104,104,104,100,100,100,855,1
100,100,100,110,110,110,100,100,100,108,108,108,461,2
100,100,100,100,100,100,94,94,94,100,100,100,179,2
100,100,100,110,110,110,100,100,100,106,106,106,130,2
100,100,100,90,90,90,100,100,100,108,108,108,307,2
100,100,100,90,90,90,100,100,100,100,100,100,369,2
100,100,100,100,100,100,100,100,100,92,92,92,739,1
100,100,100,110,110,110,100,100,100,102,102,102,95,2
100,100,100,100,100,100,100,100,100,98,98,98,247,1
100,100,100,90,90,90,100,100,100,108,108,108,406,2
100,100,100,100,100,100,100,100,100,100,100,100,743,1
100,100,100,100,100,100,100,100,100,108,108,108,681,2
100,100,100,110,110,110,100,100,100,92,92,92,321,1
90,90,90,100,100,100,106,106,106,100,100,100,801,1
100,100,100,90,90,90,100,100,100,98,98,98,104,1
100,100,100,100,100,100,100,100,100,102,102,102,678,2
100,100,100,90,90,90,100,100,100,92,92,92,563,1
100,100,100,100,100,100,90,90,90,100,100,100,969,2
100,100,100,100,100,100,100,100,100,106,106,106,845,2
110,110,110,100,100,100,102,102,102,100,100,100,524,1
100,100,100,110,110,110,100,100,100,90,90,90,980,1
100,100,100,110,110,110,100,100,100,104,104,104,294,2
100,100,100,100,100,100,100,100,100,102,102,102,480,2
100,100,100,110,110,110,100,100,100,100,100,100,787,2
100,100,100,90,90,90,100,100,100,106,106,106,108,2
110,110,110,100,100,100,104,104,104,100,100,100,558,1
100,100,100,90,90,90,100,100,100,96,96,96,499,1
100,100,100,110,110,110,100,100,100,104,104,104,426,2
100,100,100,110,110,110,100,100,100,110,110,110,891,2
110,110,110,100,100,100,90,90,90,100,100,100,716,2
100,100,100,100,100,100,108,108,108,100,100,100,582,1
110,110,110,100,100,100,90,90,90,100,100,100,815,2
110,110,110,100,100,100,94,94,94,100,100,100,355,2
90,90,90,100,100,100,90,90,90,100,100,100,1,2
100,100,100,90,90,90,100,100,100,100,100,100,501,2
100,100,100,90,90,90,100,100,100,102,102,102,469,2
90,90,90,100,100,100,94,94,94,100,100,100,399,2
90,90,90,100,100,100,102,102,102,100,100,100,7,1
100,100,100,110,110,110,100,100,100,90,90,90,353,1
100,100,100,100,100,100,100,100,100,102,102,102,942,2
100,100,100,90,90,90,100,100,100,108,108,108,637,2
100,100,100,100,100,100,100,100,100,98,98,98,742,1
90,90,90,100,100,100,102,102,102,100,100,100,106,1
90,90,90,100,100,100,96,96,96,100,100,100,400,2
90,90,90,100,100,100,92,92,92,100,100,100,2,2
90,90,90,100,100,100,96,96,96,100,100,100,565,2
100,100,100,100,100,100,100,100,100,108,108,108,384,2
100,100,100,100,100,100,106,106,106,100,100,100,350,1
100,100,100,100,100,100,110,110,110,100,100,100,880,1
110,110,110,100,100,100,108,108,108,100,100,100,659,1
100,100,100,110,110,110,100,100,100,106,106,106,658,2
100,100,100,90,90,90,100,100,100,92,92,92,662,1
90,90,90,100,100,100,104,104,104,100,100,100,734,1
100,100,100,110,110,110,100,100,100,92,92,92,684,1
110,110,110,100,100,100,98,98,98,100,100,100,324,2
100,100,100,100,100,100,100,100,100,100,100,100,446,1
100,100,100,110,110,110,100,100,100,106,106,106,790,2
90,90,90,100,100,100,90,90,90,100,100,100,793,2
100,100,100,110,110,110,100,100,100,106,106,106,427,2
100,100,100,100,100,100,98,98,98,100,100,100,445,2
110,110,110,100,100,100,108,108,108,100,100,100,725,1
100,100,100,100,100,100,94,94,94,100,100,100,47,2
110,110,110,100,100,100,94,94,94,100,100,100,784,2
90,90,90,100,100,100,94,94,94,100,100,100,300,2
100,100,100,100,100,100,100,100,100,100,100,100,512,2
100,100,100,90,90,90,100,100,100,90,90,90,595,1
90,90,90,100,100,100,108,108,108,100,100,100,340,1
100,100,100,100,100,100,100,100,100,110,110,110,187,2
100,100,100,100,100,100,100,100,100,98,98,98,49,1
90,90,90,100,100,100,90,90,90,100,100,100,628,2
100,100,100,100,100,100,100,100,100,90,90,90,705,1
100,100,100,100,100,100,100,100,100,104,104,104,745,2
110,110,110,100,100,100,110,110,110,100,100,100,858,1
100,100,100,100,100,100,100,100,100,92,92,92,937,1
90,90,90,100,100,100,100,100,100,100,100,100,435,1
110,110,110,100,100,100,108,108,108,100,100,100,263,1
90,90,90,100,100,100,110,110,110,100,100,100,836,1
100,100,100,100,100,100,100,100,100,90,90,90,573,1
110,110,110,100,100,100,96,96,96,100,100,100,719,2
100,100,100,100,100,100,100,100,100,92,92,92,409,1
110,110,110,100,100,100,98,98,98,100,100,100,159,2
90,90,90,100,100,100,96,96,96,100,100,100,136,2
100,100,100,100,100,100,110,110,110,100,100,100,484,1
100,100,100,100,100,100,100,100,100,90,90,90,639,1
100,100,100,110,110,110,100,100,100,100,100,100,259,2
100,100,100,90,90,90,100,100,100,96,96,96,829,1
100,100,100,100,100,100,100,100,100,110,110,110,913,2
110,110,110,100,100,100,90,90,90,100,100,100,56,2
110,110,110,100,100,100,110,110,110,100,100,100,33,1
110,110,110,100,100,100,102,102,102,100,100,100,755,1
100,100,100,100,100,100,100,100,100,102,102,102,447,2
100,100,100,90,90,90,100,100,100,104,104,104,140,2
100,100,100,110,110,110,100,100,100,108,108,108,98,2
100,100,100,90,90,90,100,100,100,104,104,104,371,2
110,110,110,100,100,100,106,106,106,100,100,100,64,1
100,100,100,100,100,100,98,98,98,100,100,100,412,2
100,100,100,100,100,100,104,104,104,100,100,100,844,1
100,100,100,100,100,100,102,102,102,100,100,100,150,1
100,100,100,90,90,90,100,100,100,96,96,96,4,1
100,100,100,100,100,100,98,98,98,100,100,100,676,2
100,100,100,100,100,100,94,94,94,100,100,100,509,2
100,100,100,100,100,100,100,100,100,98,98,98,346,1
110,110,110,100,100,100,90,90,90,100,100,100,881,2
100,100,100,110,110,110,100,100,100,100,100,100,721,2
100,100,100,110,110,110,100,100,100,110,110,110,297,2
90,90,90,100,100,100,108,108,108,100,100,100,175,1
100,100,100,100,100,100,108,108,108,100,100,100,186,1
100,100,100,90,90,90,100,100,100,96,96,96,37,1
100,100,100,110,110,110,100,100,100,100,100,100,523,2
100,100,100,100,100,100,94,94,94,100,100,100,113,2
90,90,90,100,100,100,92,92,92,100,100,100,926,2
100,100,100,100,100,100,100,100,100,92,92,92,871,1
100,100,100,100,100,100,100,100,100,102,102,102,612,2
110,110,110,100,100,100,100,100,100,100,100,100,127,1
100,100,100,100,100,100,94,94,94,100,100,100,740,2
90,90,90,100,100,100,106,106,106,100,100,100,141,1
100,100,100,90,90,90,100,100,100,100,100,100,666,2
100,100,100,90,90,90,100,100,100,104,104,104,437,2
90,90,90,100,100,100,104,104,104,100,100,100,404,1
100,100,100,100,100,100,100,100,100,104,104,104,679,2
100,100,100,90,90,90,100,100,100,110,110,110,539,2
110,110,110,100,100,100,94,94,94,100,100,100,421,2
100,100,100,100,100,100,98,98,98,100,100,100,577,2
90,90,90,100,100,100,102,102,102,100,100,100,139,1
100,100,100,90,90,90,100,100,100,106,106,106,273,2
100,100,100,100,100,100,106,106,106,100,100,100,548,1
90,90,90,100,100,100,102,102,102,100,100,100,304,1
100,100,100,110,110,110,100,100,100,110,110,110,330,2
100,100,100,110,110,110,100,100,100,100,100,100,853,2
100,100,100,100,100,100,96,96,96,100,100,100,609,2
90,90,90,100,100,100,102,102,102,100,100,100,40,1
100,100,100,100,100,100,100,100,100,92,92,92,46,1
100,100,100,110,110,110,100,100,100,104,104,104,459,2
100,100,100,100,100,100,100,100,100,96,96,96,741,1
100,100,100,110,110,110,100,100,100,104,104,104,789,2
90,90,90,100,100,100,104,104,104,100,100,100,107,1
90,90,90,100,100,100,102,102,102,100,100,100,337,1
90,90,90,100,100,100,100,100,100,100,100,100,468,1
110,110,110,100,100,100,90,90,90,100,100,100,320,2
90,90,90,100,100,100,94,94,94,100,100,100,498,2
90,90,90,100,100,100,102,102,102,100,100,100,403,1
90,90,90,100,100,100,92,92,92,100,100,100,68,2
100,100,100,90,90,90,100,100,100,110,110,110,473,2
100,100,100,110,110,110,100,100,100,106,106,106,493,2
100,100,100,100,100,100,100,100,100,106,106,106,779,2
100,100,100,110,110,110,100,100,100,100,100,100,622,2
100,100,100,100,100,100,100,100,100,108,108,108,846,2
90,90,90,100,100,100,110,110,110,100,100,100,737,1
90,90,90,100,100,100,106,106,106,100,100,100,174,1
100,100,100,90,90,90,100,100,100,96,96,96,730,1
110,110,110,100,100,100,102,102,102,100,100,100,227,1
90,90,90,100,100,100,104,104,104,100,100,100,602,1
110,110,110,100,100,100,106,106,106,100,100,100,592,1
110,110,110,100,100,100,104,104,104,100,100,100,921,1
100,100,100,110,110,110,100,100,100,92,92,92,981,1
100,100,100,90,90,90,100,100,100,98,98,98,203,1
110,110,110,100,100,100,108,108,108,100,100,100,527,1
90,90,90,100,100,100,92,92,92,100,100,100,530,2
100,100,100,100,100,100,104,104,104,100,100,100,217,1
100,100,100,100,100,100,100,100,100,96,96,96,543,1
100,100,100,100,100,100,100,100,100,96,96,96,114,1
110,110,110,100,100,100,104,104,104,100,100,100,195,1
100,100,100,100,100,100,100,100,100,90,90,90,12,1
100,100,100,100,100,100,110,110,110,100,100,100,352,1
100,100,100,100,100,100,100,100,100,108,108,108,780,2
90,90,90,100,100,100,104,104,104,100,100,100,833,1
100,100,100,100,100,100,106,106,106,100,100,100,185,1
100,100,100,90,90,90,100,100,100,108,108,108,736,2
100,100,100,100,100,100,96,96,96,100,100,100,840,2
100,100,100,110,110,110,100,100,100,104,104,104,954,2
100,100,100,90,90,90,100,100,100,110,110,110,638,2
100,100,100,110,110,110,100,100,100,98,98,98,753,1
90,90,90,100,100,100,92,92,92,100,100,100,134,2
90,90,90,100,100,100,100,100,100,100,100,100,897,1
90,90,90,100,100,100,106,106,106,100,100,100,966,1
100,100,100,110,110,110,100,100,100,94,94,94,58,1
90,90,90,100,100,100,98,98,98,100,100,100,830,2
100,100,100,100,100,100,100,100,100,98,98,98,115,1
100,100,100,100,100,100,100,100,100,104,104,104,52,2
100,100,100,100,100,100,100,100,100,108,108,108,912,2
100,100,100,110,110,110,100,100,100,108,108,108,32,2
110,110,110,100,100,100,94,94,94,100,100,100,685,2
100,100,100,90,90,90,100,100,100,106,106,106,636,2
100,100,100,110,110,110,100,100,100,94,94,94,718,1
110,110,110,100,100,100,104,104,104,100,100,100,624,1
90,90,90,100,100,100,106,106,106,100,100,100,405,1
100,100,100,90,90,90,100,100,100,104,104,104,338,2
100,100,100,110,110,110,100,100,100,104,104,104,822,2
100,100,100,100,100,100,100,100,100,90,90,90,837,1
100,100,100,90,90,90,100,100,100,100,100,100,105,2
100,100,100,100,100,100,94,94,94,100,100,100,872,2
100,100,100,100,100,100,100,100,100,110,110,110,616,2
100,100,100,110,110,110,100,100,100,100,100,100,28,2
100,100,100,90,90,90,100,100,100,92,92,92,728,1
90,90,90,100,100,100,106,106,106,100,100,100,372,1
100,100,100,110,110,110,100,100,100,110,110,110,924,2
100,100,100,100,100,100,100,100,100,100,100,100,413,1
100,100,100,100,100,100,100,100,100,102,102,102,777,2
90,90,90,100,100,100,100,100,100,100,100,100,699,1
100,100,100,90,90,90,100,100,100,104,104,104,800,2
100,100,100,100,100,100,92,92,92,100,100,100,673,2
100,100,100,90,90,90,100,100,100,98,98,98,896,1
110,110,110,100,100,100,102,102,102,100,100,100,788,1
100,100,100,100,100,100,100,100,100,92,92,92,607,1
100,100,100,100,100,100,100,100,100,104,104,104,118,2
100,100,100,110,110,110,100,100,100,102,102,102,557,2
100,100,100,100,100,100,100,100,100,92,92,92,112,1
100,100,100,100,100,100,90,90,90,100,100,100,375,2
110,110,110,100,100,100,102,102,102,100,100,100,986,1
100,100,100,100,100,100,100,100,100,92,92,92,13,1
100,100,100,110,110,110,100,100,100,100,100,100,886,2
100,100,100,90,90,90,100,100,100,94,94,94,465,1
100,100,100,90,90,90,100,100,100,104,104,104,8,2
100,100,100,100,100,100,100,100,100,104,104,104,976,2
110,110,110,100,100,100,108,108,108,100,100,100,296,1
90,90,90,100,100,100,92,92,92,100,100,100,827,2
100,100,100,90,90,90,100,100,100,96,96,96,301,1
90,90,90,100,100,100,104,104,104,100,100,100,866,1
100,100,100,100,100,100,100,100,100,110,110,110,715,2
110,110,110,100,100,100,100,100,100,100,100,100,589,1
100,100,100,100,100,100,106,106,106,100,100,100,515,1
100,100,100,110,110,110,100,100,100,108,108,108,857,2
90,90,90,100,100,100,108,108,108,100,100,100,109,1
100,100,100,100,100,100,104,104,104,100,100,100,19,1
100,100,100,100,100,100,102,102,102,100,100,100,183,1
100,100,100,110,110,110,100,100,100,98,98,98,951,1
100,100,100,100,100,100,100,100,100,108,108,108,648,2
90,90,90,100,100,100,110,110,110,100,100,100,440,1
100,100,100,100,100,100,100,100,100,92,92,92,376,1
100,100,100,100,100,100,100,100,100,108,108,108,879,2
100,100,100,110,110,110,100,100,100,94,94,94,487,1
110,110,110,100,100,100,108,108,108,100,100,100,560,1
110,110,110,100,100,100,100,100,100,100,100,100,952,1
100,100,100,100,100,100,100,100,100,102,102,102,711,2
100,100,100,100,100,100,100,100,100,98,98,98,709,1
90,90,90,100,100,100,98,98,98,100,100,100,467,2
100,100,100,100,100,100,100,100,100,104,104,104,811,2
100,100,100,100,100,100,100,100,100,100,100,100,281,2
100,100,100,100,100,100,100,100,100,104,104,104,448,2
90,90,90,100,100,100,94,94,94,100,100,100,630,2
90,90,90,100,100,100,92,92,92,100,100,100,497,2
110,110,110,100,100,100,100,100,100,100,100,100,457,1
100,100,100,110,110,110,100,100,100,96,96,96,92,1
90,90,90,100,100,100,92,92,92,100,100,100,596,2
90,90,90,100,100,100,94,94,94,100,100,100,168,2
100,100,100,110,110,110,100,100,100,102,102,102,656,2
90,90,90,100,100,100,94,94,94,100,100,100,234,2
100,100,100,110,110,110,100,100,100,106,106,106,328,2
90,90,90,100,100,100,110,110,110,100,100,100,605,1
100,100,100,100,100,100,100,100,100,94,94,94,773,1
100,100,100,90,90,90,100,100,100,106,106,106,306,2
100,100,100,100,100,100,94,94,94,100,100,100,212,2
90,90,90,100,100,100,108,108,108,100,100,100,802,1
100,100,100,100,100,100,106,106,106,100,100,100,53,1
100,100,100,100,100,100,100,100,100,94,94,94,443,1
100,100,100,110,110,110,100,100,100,90,90,90,122,1
100,100,100,90,90,90,100,100,100,92,92,92,299,1
90,90,90,100,100,100,102,102,102,100,100,100,238,1
100,100,100,90,90,90,100,100,100,92,92,92,101,1
110,110,110,100,100,100,92,92,92,100,100,100,486,2
100,100,100,100,100,100,100,100,100,100,100,100,842,1
100,100,100,100,100,100,100,100,100,100,100,100,347,2
110,110,110,100,100,100,98,98,98,100,100,100,489,2
90,90,90,100,100,100,98,98,98,100,100,100,566,2
100,100,100,90,90,90,100,100,100,100,100,100,930,2
100,100,100,110,110,110,100,100,100,108,108,108,989,2
100,100,100,110,110,110,100,100,100,94,94,94,256,1
90,90,90,100,100,100,98,98,98,100,100,100,236,2
110,110,110,100,100,100,106,106,106,100,100,100,31,1
100,100,100,100,100,100,100,100,100,110,110,110,814,2
90,90,90,100,100,100,96,96,96,100,100,100,697,2
110,110,110,100,100,100,104,104,104,100,100,100,261,1
90,90,90,100,100,100,102,102,102,100,100,100,634,1
100,100,100,100,100,100,100,100,100,98,98,98,610,1
100,100,100,100,100,100,100,100,100,100,100,100,17,2
100,100,100,100,100,100,100,100,100,100,100,100,479,2
90,90,90,100,100,100,98,98,98,100,100,100,698,2
100,100,100,90,90,90,100,100,100,90,90,90,265,1
90,90,90,100,100,100,108,108,108,100,100,100,934,1
100,100,100,100,100,100,100,100,100,110,110,110,550,2
100,100,100,110,110,110,100,100,100,96,96,96,389,1
110,110,110,100,100,100,92,92,92,100,100,100,717,2
100,100,100,110,110,110,100,100,100,94,94,94,850,1
100,100,100,100,100,100,100,100,100,102,102,102,315,2
100,100,100,90,90,90,100,100,100,94,94,94,861,1
100,100,100,90,90,90,100,100,100,106,106,106,207,2
100,100,100,100,100,100,104,104,104,100,100,100,250,1
90,90,90,100,100,100,92,92,92,100,100,100,860,2
100,100,100,110,110,110,100,100,100,96,96,96,752,1
90,90,90,100,100,100,94,94,94,100,100,100,531,2
100,100,100,100,100,100,100,100,100,90,90,90,276,1
110,110,110,100,100,100,92,92,92,100,100,100,189,2
100,100,100,110,110,110,100,100,100,104,104,104,591,2
100,100,100,110,110,110,100,100,100,102,102,102,821,2
100,100,100,100,100,100,100,100,100,98,98,98,940,1
110,110,110,100,100,100,102,102,102,100,100,100,920,1
110,110,110,100,100,100,94,94,94,100,100,100,553,2
100,100,100,100,100,100,110,110,110,100,100,100,154,1
100,100,100,100,100,100,102,102,102,100,100,100,216,1
100,100,100,110,110,110,100,100,100,94,94,94,916,1
100,100,100,110,110,110,100,100,100,90,90,90,650,1
100,100,100,100,100,100,110,110,110,100,100,100,583,1
110,110,110,100,100,100,102,102,102,100,100,100,491,1
100,100,100,100,100,100,100,100,100,102,102,102,744,2
100,100,100,90,90,90,100,100,100,92,92,92,266,1
100,100,100,100,100,100,100,100,100,92,92,92,904,1
110,110,110,100,100,100,94,94,94,100,100,100,157,2
100,100,100,110,110,110,100,100,100,102,102,102,29,2
100,100,100,100,100,100,100,100,100,104,104,104,778,2
100,100,100,110,110,110,100,100,100,92,92,92,222,1
100,100,100,100,100,100,100,100,100,110,110,110,517,2
100,100,100,110,110,110,100,100,100,98,98,98,93,1
100,100,100,110,110,110,100,100,100,90,90,90,914,1
100,100,100,110,110,110,100,100,100,96,96,96,521,1
100,100,100,90,90,90,100,100,100,110,110,110,935,2
100,100,100,110,110,110,100,100,100,108,108,108,428,2
100,100,100,90,90,90,100,100,100,96,96,96,334,1
110,110,110,100,100,100,96,96,96,100,100,100,224,2
100,100,100,100,100,100,106,106,106,100,100,100,152,1
100,100,100,90,90,90,100,100,100,90,90,90,826,1
100,100,100,100,100,100,90,90,90,100,100,100,738,2
100,100,100,90,90,90,100,100,100,92,92,92,167,1
100,100,100,100,100,100,100,100,100,94,94,94,674,1
100,100,100,100,100,100,100,100,100,94,94,94,377,1
100,100,100,100,100,100,100,100,100,100,100,100,149,2
100,100,100,90,90,90,100,100,100,96,96,96,268,1
100,100,100,90,90,90,100,100,100,96,96,96,169,1
100,100,100,90,90,90,100,100,100,100,100,100,270,2
110,110,110,100,100,100,90,90,90,100,100,100,848,2
110,110,110,100,100,100,96,96,96,100,100,100,191,2
100,100,100,100,100,100,90,90,90,100,100,100,903,2
90,90,90,100,100,100,102,102,102,100,100,100,271,1
100,100,100,90,90,90,100,100,100,92,92,92,695,1
110,110,110,100,100,100,94,94,94,100,100,100,751,2
100,100,100,90,90,90,100,100,100,104,104,104,470,2
100,100,100,90,90,90,100,100,100,90,90,90,166,1
110,110,110,100,100,100,106,106,106,100,100,100,229,1
100,100,100,90,90,90,100,100,100,108,108,108,967,2
100,100,100,90,90,90,100,100,100,96,96,96,928,1
100,100,100,100,100,100,100,100,100,102,102,102,84,2
100,100,100,100,100,100,100,100,100,100,100,100,545,2
90,90,90,100,100,100,96,96,96,100,100,100,763,2
110,110,110,100,100,100,104,104,104,100,100,100,756,1
100,100,100,100,100,100,100,100,100,100,100,100,941,1
100,100,100,100,100,100,106,106,106,100,100,100,581,1
100,100,100,100,100,100,100,100,100,102,102,102,876,2
100,100,100,100,100,100,90,90,90,100,100,100,243,2
110,110,110,100,100,100,96,96,96,100,100,100,257,2
100,100,100,90,90,90,100,100,100,106,106,106,900,2
100,100,100,100,100,100,100,100,100,110,110,110,253,2
100,100,100,100,100,100,102,102,102,100,100,100,579,1
90,90,90,100,100,100,90,90,90,100,100,100,892,2
110,110,110,100,100,100,98,98,98,100,100,100,522,2
100,100,100,110,110,110,100,100,100,90,90,90,947,1
100,100,100,90,90,90,100,100,100,100,100,100,831,2
100,100,100,100,100,100,100,100,100,100,100,100,908,1
110,110,110,100,100,100,104,104,104,100,100,100,723,1
100,100,100,90,90,90,100,100,100,90,90,90,661,1
100,100,100,110,110,110,100,100,100,92,92,92,255,1
90,90,90,100,100,100,108,108,108,100,100,100,76,1
110,110,110,100,100,100,102,102,102,100,100,100,425,1
100,100,100,110,110,110,100,100,100,92,92,92,552,1
100,100,100,110,110,110,100,100,100,100,100,100,292,2
100,100,100,90,90,90,100,100,100,94,94,94,333,1
90,90,90,100,100,100,100,100,100,100,100,100,72,1
100,100,100,90,90,90,100,100,100,104,104,104,965,2
100,100,100,100,100,100,104,104,104,100,100,100,910,1
100,100,100,90,90,90,100,100,100,94,94,94,894,1
90,90,90,100,100,100,90,90,90,100,100,100,67,2
110,110,110,100,100,100,92,92,92,100,100,100,849,2
100,100,100,90,90,90,100,100,100,90,90,90,958,1
90,90,90,100,100,100,90,90,90,100,100,100,364,2
110,110,110,100,100,100,96,96,96,100,100,100,686,2
100,100,100,100,100,100,96,96,96,100,100,100,81,2
100,100,100,100,100,100,102,102,102,100,100,100,117,1
100,100,100,90,90,90,100,100,100,106,106,106,669,2
100,100,100,100,100,100,100,100,100,92,92,92,508,1
100,100,100,110,110,110,100,100,100,96,96,96,620,1
110,110,110,100,100,100,110,110,110,100,100,100,132,1
110,110,110,100,100,100,110,110,110,100,100,100,627,1
100,100,100,110,110,110,100,100,100,110,110,110,957,2
110,110,110,100,100,100,96,96,96,100,100,100,818,2
100,100,100,100,100,100,100,100,100,100,100,100,578,1
110,110,110,100,100,100,92,92,92,100,100,100,750,2
100,100,100,100,100,100,100,100,100,90,90,90,144,1
100,100,100,100,100,100,98,98,98,100,100,100,313,2
