169,168,166,176,175,173,169,168,166,164,163,161,91,1
169,168,166,161,160,158,169,168,166,173,172,170,42,2
169,168,166,169,168,166,172,171,169,169,168,166,481,1
169,168,166,161,160,158,169,168,166,167,166,164,434,1
176,175,173,169,168,166,164,163,161,169,168,166,949,2
169,168,166,161,160,158,169,168,166,176,175,173,671,2
169,168,166,161,160,158,169,168,166,163,162,160,200,1
169,168,166,161,160,158,169,168,166,161,160,158,331,1
161,160,158,169,168,166,173,172,170,169,168,166,735,1
176,175,173,169,168,166,166,165,163,169,168,166,356,2
169,168,166,169,168,166,167,166,164,169,168,166,511,2
161,160,158,169,168,166,164,163,161,169,168,166,135,2
169,168,166,176,175,173,169,168,166,172,171,169,63,2
161,160,158,169,168,166,163,162,160,169,168,166,464,2
169,168,166,176,175,173,169,168,166,169,168,166,754,2
169,168,166,169,168,166,169,168,166,172,171,169,415,2
169,168,166,169,168,166,163,162,160,169,168,166,475,2
169,168,166,176,175,173,169,168,166,170,169,167,194,2
169,168,166,169,168,166,173,172,170,169,168,166,284,1
169,168,166,161,160,158,169,168,166,172,171,169,668,2
169,168,166,169,168,166,166,165,163,169,168,166,180,2
176,175,173,169,168,166,176,175,173,169,168,166,363,1
176,175,173,169,168,166,175,174,172,169,168,166,791,1
169,168,166,169,168,166,166,165,163,169,168,166,477,2
176,175,173,169,168,166,163,162,160,169,168,166,519,2
176,175,173,169,168,166,163,162,160,169,168,166,816,2
169,168,166,176,175,173,169,168,166,170,169,167,326,2
169,168,166,169,168,166,169,168,166,164,163,161,410,1
169,168,166,176,175,173,169,168,166,170,169,167,590,2
169,168,166,169,168,166,169,168,166,172,171,169,646,2
169,168,166,161,160,158,169,168,166,167,166,164,962,1
169,168,166,161,160,158,169,168,166,163,162,160,761,1
161,160,158,169,168,166,176,175,173,169,168,166,209,1
161,160,158,169,168,166,172,171,169,169,168,166,536,1
176,175,173,169,168,166,163,162,160,169,168,166,156,2
169,168,166,169,168,166,169,168,166,175,174,172,153,2
169,168,166,169,168,166,169,168,166,175,174,172,549,2
169,168,166,169,168,166,173,172,170,169,168,166,20,1
169,168,166,169,168,166,169,168,166,175,174,172,219,2
169,168,166,169,168,166,161,160,158,169,168,166,111,2
169,168,166,169,168,166,169,168,166,164,163,161,641,1
169,168,166,161,160,158,169,168,166,170,169,167,700,2
169,168,166,169,168,166,169,168,166,176,175,173,781,2
169,168,166,176,175,173,169,168,166,164,163,161,982,1
176,175,173,169,168,166,166,165,163,169,168,166,59,2
169,168,166,169,168,166,175,174,172,169,168,166,945,1
161,160,158,169,168,166,169,168,166,169,168,166,237,1
169,168,166,169,168,166,169,168,166,169,168,166,776,1
169,168,166,161,160,158,169,168,166,170,169,167,799,2
169,168,166,169,168,166,172,171,169,169,168,166,184,1
176,175,173,169,168,166,167,166,164,169,168,166,852,2
176,175,173,169,168,166,167,166,164,169,168,166,423,2
176,175,173,169,168,166,167,166,164,169,168,166,555,2
161,160,158,169,168,166,169,168,166,169,168,166,6,1
169,168,166,161,160,158,169,168,166,167,166,164,335,1
169,168,166,161,160,158,169,168,166,166,165,163,532,1
161,160,158,169,168,166,176,175,173,169,168,166,902,1
169,168,166,161,160,158,169,168,166,169,168,166,534,2
169,168,166,169,168,166,169,168,166,166,165,163,708,1
176,175,173,169,168,166,170,169,167,169,168,166,623,1
169,168,166,176,175,173,169,168,166,166,165,163,587,1
161,160,158,169,168,166,167,166,164,169,168,166,71,2
169,168,166,169,168,166,169,168,166,173,172,170,911,2
169,168,166,176,175,173,169,168,166,175,174,172,329,2
169,168,166,161,160,158,169,168,166,175,174,172,10,2
169,168,166,169,168,166,161,160,158,169,168,166,507,2
169,168,166,161,160,158,169,168,166,170,169,167,667,2
169,168,166,169,168,166,169,168,166,164,163,161,608,1
176,175,173,169,168,166,172,171,169,169,168,166,129,1
169,168,166,169,168,166,164,163,161,169,168,166,806,2
169,168,166,169,168,166,169,168,166,172,171,169,316,2
176,175,173,169,168,166,173,172,170,169,168,166,625,1
161,160,158,169,168,166,164,163,161,169,168,166,3,2
169,168,166,169,168,166,170,169,167,169,168,166,381,1
169,168,166,161,160,158,169,168,166,167,166,164,863,1
169,168,166,176,175,173,169,168,166,172,171,169,360,2
169,168,166,176,175,173,169,168,166,176,175,173,231,2
169,168,166,169,168,166,161,160,158,169,168,166,309,2
169,168,166,176,175,173,169,168,166,167,166,164,621,1
169,168,166,169,168,166,176,175,173,169,168,166,220,1
169,168,166,169,168,166,163,162,160,169,168,166,706,2
169,168,166,169,168,166,170,169,167,169,168,166,546,1
169,168,166,169,168,166,161,160,158,169,168,166,804,2
161,160,158,169,168,166,176,175,173,169,168,166,110,1
169,168,166,169,168,166,176,175,173,169,168,166,55,1
169,168,166,176,175,173,169,168,166,170,169,167,458,2
161,160,158,169,168,166,176,175,173,169,168,166,506,1
169,168,166,169,168,166,169,168,166,175,174,172,285,2
161,160,158,169,168,166,161,160,158,169,168,166,199,2
169,168,166,169,168,166,167,166,164,169,168,166,280,2
161,160,158,169,168,166,175,174,172,169,168,166,505,1
161,160,158,169,168,166,167,166,164,169,168,166,764,2
169,168,166,169,168,166,169,168,166,169,168,166,215,2
176,175,173,169,168,166,175,174,172,169,168,166,395,1
169,168,166,176,175,173,169,168,166,173,172,170,460,2
161,160,158,169,168,166,161,160,158,169,168,166,133,2
169,168,166,169,168,166,167,166,164,169,168,166,907,2
169,168,166,169,168,166,173,172,170,169,168,166,317,1
161,160,158,169,168,166,166,165,163,169,168,166,796,2
169,168,166,161,160,158,169,168,166,170,169,167,832,2
161,160,158,169,168,166,173,172,170,169,168,166,339,1
169,168,166,169,168,166,169,168,166,166,165,163,675,1
169,168,166,176,175,173,169,168,166,163,162,160,420,1
169,168,166,169,168,166,169,168,166,161,160,158,474,1
169,168,166,169,168,166,164,163,161,169,168,166,146,2
169,168,166,169,168,166,167,166,164,169,168,166,775,2
169,168,166,161,160,158,169,168,166,173,172,170,570,2
169,168,166,176,175,173,169,168,166,176,175,173,462,2
169,168,166,176,175,173,169,168,166,169,168,166,490,2
161,160,158,169,168,166,172,171,169,169,168,166,701,1
161,160,158,169,168,166,176,175,173,169,168,166,374,1
169,168,166,161,160,158,169,168,166,167,166,164,500,1
169,168,166,169,168,166,169,168,166,166,165,163,807,1
176,175,173,169,168,166,176,175,173,169,168,166,594,1
169,168,166,176,175,173,169,168,166,163,162,160,57,1
176,175,173,169,168,166,166,165,163,169,168,166,653,2
176,175,173,169,168,166,169,168,166,169,168,166,424,1
161,160,158,169,168,166,170,169,167,169,168,166,601,1
169,168,166,169,168,166,167,166,164,169,168,166,16,2
169,168,166,161,160,158,169,168,166,169,168,166,39,2
169,168,166,169,168,166,172,171,169,169,168,166,382,1
169,168,166,161,160,158,169,168,166,176,175,173,704,2
169,168,166,176,175,173,169,168,166,169,168,166,919,2
161,160,158,169,168,166,163,162,160,169,168,166,332,2
176,175,173,169,168,166,161,160,158,169,168,166,188,2
169,168,166,161,160,158,169,168,166,173,172,170,504,2
169,168,166,176,175,173,169,168,166,172,171,169,657,2
169,168,166,176,175,173,169,168,166,167,166,164,192,1
169,168,166,161,160,158,169,168,166,172,171,169,239,2
169,168,166,169,168,166,173,172,170,169,168,166,218,1
169,168,166,176,175,173,169,168,166,166,165,163,554,1
176,175,173,169,168,166,163,162,160,169,168,166,618,2
176,175,173,169,168,166,172,171,169,169,168,166,492,1
169,168,166,169,168,166,175,174,172,169,168,166,747,1
169,168,166,176,175,173,169,168,166,166,165,163,917,1
169,168,166,169,168,166,176,175,173,169,168,166,682,1
176,175,173,169,168,166,166,165,163,169,168,166,158,2
169,168,166,169,168,166,169,168,166,164,163,161,905,1
161,160,158,169,168,166,163,162,160,169,168,166,35,2
169,168,166,176,175,173,169,168,166,170,169,167,293,2
176,175,173,169,168,166,173,172,170,169,168,166,691,1
169,168,166,161,160,158,169,168,166,176,175,173,572,2
161,160,158,169,168,166,166,165,163,169,168,166,433,2
169,168,166,169,168,166,161,160,158,169,168,166,177,2
176,175,173,169,168,166,170,169,167,169,168,166,854,1
161,160,158,169,168,166,173,172,170,169,168,166,471,1
169,168,166,169,168,166,169,168,166,161,160,158,342,1
169,168,166,176,175,173,169,168,166,161,160,158,419,1
169,168,166,161,160,158,169,168,166,176,175,173,407,2
169,168,166,176,175,173,169,168,166,175,174,172,692,2
169,168,166,161,160,158,169,168,166,170,169,167,172,2
161,160,158,169,168,166,169,168,166,169,168,166,303,1
169,168,166,176,175,173,169,168,166,173,172,170,196,2
169,168,166,176,175,173,169,168,166,172,171,169,30,2
161,160,158,169,168,166,169,168,166,169,168,166,402,1
169,168,166,169,168,166,169,168,166,176,175,173,451,2
169,168,166,161,160,158,169,168,166,170,169,167,865,2
176,175,173,169,168,166,161,160,158,169,168,166,23,2
161,160,158,169,168,166,167,166,164,169,168,166,302,2
169,168,166,169,168,166,169,168,166,166,165,163,15,1
176,175,173,169,168,166,163,162,160,169,168,166,882,2
169,168,166,176,175,173,169,168,166,175,174,172,923,2
161,160,158,169,168,166,166,165,163,169,168,166,466,2
176,175,173,169,168,166,164,163,161,169,168,166,223,2
169,168,166,161,160,158,169,168,166,163,162,160,398,1
169,168,166,169,168,166,169,168,166,175,174,172,318,2
169,168,166,169,168,166,164,163,161,169,168,166,311,2
176,175,173,169,168,166,173,172,170,169,168,166,889,1
176,175,173,169,168,166,173,172,170,169,168,166,922,1
176,175,173,169,168,166,175,174,172,169,168,166,131,1
169,168,166,169,168,166,169,168,166,163,162,160,178,1
169,168,166,169,168,166,163,162,160,169,168,166,145,2
161,160,158,169,168,166,170,169,167,169,168,166,898,1
169,168,166,169,168,166,175,174,172,169,168,166,21,1
169,168,166,161,160,158,169,168,166,167,166,164,38,1
169,168,166,169,168,166,169,168,166,172,171,169,943,2
176,175,173,169,168,166,173,172,170,169,168,166,97,1
169,168,166,169,168,166,170,169,167,169,168,166,513,1
169,168,166,169,168,166,169,168,166,169,168,166,611,1
169,168,166,169,168,166,169,168,166,170,169,167,414,2
169,168,166,176,175,173,169,168,166,175,174,172,197,2
176,175,173,169,168,166,175,174,172,169,168,166,65,1
169,168,166,169,168,166,169,168,166,166,165,163,48,1
169,168,166,169,168,166,175,174,172,169,168,166,714,1
169,168,166,169,168,166,169,168,166,167,166,164,643,1
169,168,166,169,168,166,169,168,166,163,162,160,211,1
169,168,166,169,168,166,163,162,160,169,168,166,541,2
176,175,173,169,168,166,166,165,163,169,168,166,983,2
169,168,166,169,168,166,169,168,166,173,172,170,614,2
176,175,173,169,168,166,161,160,158,169,168,166,287,2
169,168,166,161,160,158,169,168,166,164,163,161,762,1
169,168,166,176,175,173,169,168,166,170,169,167,953,2
169,168,166,176,175,173,169,168,166,167,166,164,819,1
176,175,173,169,168,166,164,163,161,169,168,166,619,2
169,168,166,161,160,158,169,168,166,161,160,158,694,1
169,168,166,176,175,173,169,168,166,173,172,170,988,2
169,168,166,169,168,166,163,162,160,169,168,166,805,2
169,168,166,169,168,166,173,172,170,169,168,166,878,1
169,168,166,169,168,166,169,168,166,169,168,166,314,1
161,160,158,169,168,166,175,174,172,169,168,166,241,1
169,168,166,169,168,166,169,168,166,172,171,169,283,2
169,168,166,161,160,158,169,168,166,163,162,160,233,1
169,168,166,169,168,166,169,168,166,163,162,160,442,1
169,168,166,161,160,158,169,168,166,175,174,172,142,2
169,168,166,176,175,173,169,168,166,166,165,163,26,1
169,168,166,176,175,173,169,168,166,176,175,173,990,2
169,168,166,169,168,166,172,171,169,169,168,166,613,1
169,168,166,169,168,166,169,168,166,163,162,160,79,1
161,160,158,169,168,166,163,162,160,169,168,166,629,2
169,168,166,169,168,166,169,168,166,170,169,167,348,2
176,175,173,169,168,166,173,172,170,169,168,166,262,1
176,175,173,169,168,166,164,163,161,169,168,166,454,2
169,168,166,176,175,173,169,168,166,166,165,163,488,1
169,168,166,169,168,166,170,169,167,169,168,166,18,1
169,168,166,176,175,173,169,168,166,161,160,158,782,1
169,168,166,169,168,166,169,168,166,173,172,170,812,2
169,168,166,169,168,166,169,168,166,163,162,160,343,1
169,168,166,176,175,173,169,168,166,175,174,172,362,2
169,168,166,176,175,173,169,168,166,170,169,167,62,2
176,175,173,169,168,166,166,165,163,169,168,166,950,2
169,168,166,161,160,158,169,168,166,176,175,173,308,2
169,168,166,176,175,173,169,168,166,169,168,166,820,2
169,168,166,169,168,166,172,171,169,169,168,166,580,1
176,175,173,169,168,166,172,171,169,169,168,166,690,1
169,168,166,169,168,166,169,168,166,175,174,172,483,2
161,160,158,169,168,166,161,160,158,169,168,166,100,2
161,160,158,169,168,166,172,171,169,169,168,166,635,1
169,168,166,169,168,166,169,168,166,161,160,158,672,1
169,168,166,176,175,173,169,168,166,169,168,166,391,2
161,160,158,169,168,166,173,172,170,169,168,166,9,1
169,168,166,169,168,166,169,168,166,176,175,173,748,2
176,175,173,169,168,166,167,166,164,169,168,166,291,2
161,160,158,169,168,166,167,166,164,169,168,166,401,2
169,168,166,176,175,173,169,168,166,172,171,169,393,2
169,168,166,161,160,158,169,168,166,170,169,167,370,2
169,168,166,176,175,173,169,168,166,167,166,164,918,1
169,168,166,169,168,166,163,162,160,169,168,166,277,2
169,168,166,169,168,166,175,174,172,169,168,166,516,1
169,168,166,169,168,166,166,165,163,169,168,166,774,2
161,160,158,169,168,166,170,169,167,169,168,166,502,1
176,175,173,169,168,166,176,175,173,169,168,166,396,1
161,160,158,169,168,166,169,168,166,169,168,166,600,1
176,175,173,169,168,166,166,165,163,169,168,166,884,2
161,160,158,169,168,166,161,160,158,169,168,166,925,2
176,175,173,169,168,166,170,169,167,169,168,166,392,1
176,175,173,169,168,166,167,166,164,169,168,166,456,2
169,168,166,161,160,158,169,168,166,161,160,158,298,1
169,168,166,161,160,158,169,168,166,173,172,170,867,2
169,168,166,169,168,166,161,160,158,169,168,166,408,2
169,168,166,169,168,166,169,168,166,176,175,173,385,2
169,168,166,169,168,166,169,168,166,161,160,158,78,1
161,160,158,169,168,166,172,171,169,169,168,166,173,1
169,168,166,176,175,173,169,168,166,172,171,169,327,2
169,168,166,169,168,166,169,168,166,169,168,166,875,2
161,160,158,169,168,166,161,160,158,169,168,166,496,2
169,168,166,176,175,173,169,168,166,173,172,170,526,2
161,160,158,169,168,166,164,163,161,169,168,166,366,2
169,168,166,161,160,158,169,168,166,167,166,164,533,1
169,168,166,169,168,166,169,168,166,164,163,161,245,1
169,168,166,161,160,158,169,168,166,173,172,170,834,2
169,168,166,169,168,166,166,165,163,169,168,166,345,2
169,168,166,169,168,166,169,168,166,166,165,163,279,1
169,168,166,161,160,158,169,168,166,166,165,163,70,1
169,168,166,161,160,158,169,168,166,175,174,172,274,2
169,168,166,169,168,166,169,168,166,176,175,173,286,2
161,160,158,169,168,166,175,174,172,169,168,166,670,1
176,175,173,169,168,166,170,169,167,169,168,166,722,1
169,168,166,169,168,166,172,171,169,169,168,166,712,1
169,168,166,161,160,158,169,168,166,176,175,173,869,2
169,168,166,176,175,173,169,168,166,163,162,160,90,1
169,168,166,176,175,173,169,168,166,172,171,169,162,2
176,175,173,169,168,166,164,163,161,169,168,166,190,2
169,168,166,169,168,166,169,168,166,164,163,161,14,1
169,168,166,169,168,166,169,168,166,173,172,170,647,2
161,160,158,169,168,166,161,160,158,169,168,166,859,2
169,168,166,176,175,173,169,168,166,169,168,166,94,2
169,168,166,169,168,166,167,166,164,169,168,166,181,2
169,168,166,176,175,173,169,168,166,176,175,173,165,2
169,168,166,161,160,158,169,168,166,172,171,169,206,2
161,160,158,169,168,166,164,163,161,169,168,166,201,2
169,168,166,169,168,166,169,168,166,169,168,166,644,1
176,175,173,169,168,166,161,160,158,169,168,166,518,2
169,168,166,169,168,166,164,163,161,169,168,166,575,2
169,168,166,169,168,166,175,174,172,169,168,166,120,1
176,175,173,169,168,166,169,168,166,169,168,166,358,1
169,168,166,176,175,173,169,168,166,169,168,166,985,2
161,160,158,169,168,166,175,174,172,169,168,166,604,1
176,175,173,169,168,166,172,171,169,169,168,166,96,1
169,168,166,176,175,173,169,168,166,163,162,160,354,1
169,168,166,169,168,166,175,174,172,169,168,166,417,1
176,175,173,169,168,166,175,174,172,169,168,166,824,1
169,168,166,169,168,166,167,166,164,169,168,166,82,2
169,168,166,169,168,166,175,174,172,169,168,166,87,1
161,160,158,169,168,166,170,169,167,169,168,166,568,1
169,168,166,169,168,166,169,168,166,173,172,170,383,2
169,168,166,161,160,158,169,168,166,161,160,158,397,1
169,168,166,169,168,166,169,168,166,170,169,167,810,2
161,160,158,169,168,166,169,168,166,169,168,166,732,1
169,168,166,169,168,166,164,163,161,169,168,166,278,2
169,168,166,169,168,166,173,172,170,169,168,166,746,1
169,168,166,169,168,166,161,160,158,169,168,166,441,2
169,168,166,169,168,166,169,168,166,166,165,163,939,1
169,168,166,169,168,166,176,175,173,169,168,166,88,1
176,175,173,169,168,166,172,171,169,169,168,166,888,1
161,160,158,169,168,166,163,162,160,169,168,166,959,2
169,168,166,161,160,158,169,168,166,172,171,169,932,2
169,168,166,169,168,166,169,168,166,167,166,164,841,1
169,168,166,176,175,173,169,168,166,161,160,158,155,1
169,168,166,176,175,173,169,168,166,166,165,163,785,1
169,168,166,161,160,158,169,168,166,172,171,169,767,2
169,168,166,169,168,166,169,168,166,169,168,166,50,1
169,168,166,169,168,166,166,165,163,169,168,166,213,2
169,168,166,169,168,166,176,175,173,169,168,166,121,1
169,168,166,169,168,166,169,168,166,172,171,169,151,2
169,168,166,161,160,158,169,168,166,175,174,172,571,2
169,168,166,169,168,166,169,168,166,166,165,163,411,1
169,168,166,176,175,173,169,168,166,161,160,158,221,1
169,168,166,161,160,158,169,168,166,172,171,169,272,2
161,160,158,169,168,166,169,168,166,169,168,166,336,1
169,168,166,161,160,158,169,168,166,175,174,172,538,2
169,168,166,169,168,166,173,172,170,169,168,166,680,1
169,168,166,176,175,173,169,168,166,161,160,158,551,1
176,175,173,169,168,166,161,160,158,169,168,166,89,2
169,168,166,161,160,158,169,168,166,166,165,163,103,1
169,168,166,176,175,173,169,168,166,166,165,163,323,1
169,168,166,169,168,166,166,165,163,169,168,166,147,2
169,168,166,169,168,166,175,174,172,169,168,166,54,1
169,168,166,176,175,173,169,168,166,173,172,170,856,2
169,168,166,161,160,158,169,168,166,176,175,173,341,2
176,175,173,169,168,166,169,168,166,169,168,166,193,1
169,168,166,176,175,173,169,168,166,170,169,167,887,2
169,168,166,176,175,173,169,168,166,175,174,172,164,2
161,160,158,169,168,166,170,169,167,169,168,166,733,1
169,168,166,176,175,173,169,168,166,173,172,170,559,2
169,168,166,176,175,173,169,168,166,169,168,166,325,2
169,168,166,161,160,158,169,168,166,167,166,164,632,1
169,168,166,169,168,166,169,168,166,169,168,166,116,1
169,168,166,169,168,166,169,168,166,164,163,161,476,1
169,168,166,176,175,173,169,168,166,161,160,158,617,1
169,168,166,161,160,158,169,168,166,175,174,172,901,2
176,175,173,169,168,166,173,172,170,169,168,166,394,1
169,168,166,169,168,166,163,162,160,169,168,166,838,2
169,168,166,169,168,166,169,168,166,167,166,164,478,1
176,175,173,169,168,166,172,171,169,169,168,166,525,1
169,168,166,161,160,158,169,168,166,169,168,166,963,2
161,160,158,169,168,166,175,174,172,169,168,166,868,1
176,175,173,169,168,166,163,162,160,169,168,166,783,2
169,168,166,176,175,173,169,168,166,163,162,160,651,1
169,168,166,169,168,166,176,175,173,169,168,166,847,1
161,160,158,169,168,166,175,174,172,169,168,166,439,1
169,168,166,176,175,173,169,168,166,175,174,172,890,2
169,168,166,176,175,173,169,168,166,167,166,164,390,1
176,175,173,169,168,166,164,163,161,169,168,166,124,2
169,168,166,161,160,158,169,168,166,167,166,164,929,1
161,160,158,169,168,166,170,169,167,169,168,166,73,1
169,168,166,169,168,166,172,171,169,169,168,166,85,1
169,168,166,176,175,173,169,168,166,176,175,173,726,2
176,175,173,169,168,166,163,162,160,169,168,166,453,2
161,160,158,169,168,166,170,169,167,169,168,166,964,1
169,168,166,161,160,158,169,168,166,172,171,169,569,2
169,168,166,169,168,166,169,168,166,163,162,160,244,1
161,160,158,169,168,166,164,163,161,169,168,166,597,2
169,168,166,176,175,173,169,168,166,167,166,164,225,1
169,168,166,176,175,173,169,168,166,170,169,167,161,2
169,168,166,169,168,166,169,168,166,164,163,161,80,1
176,175,173,169,168,166,176,175,173,169,168,166,792,1
169,168,166,176,175,173,169,168,166,176,175,173,759,2
169,168,166,169,168,166,166,165,163,169,168,166,873,2
169,168,166,161,160,158,169,168,166,164,163,161,927,1
169,168,166,161,160,158,169,168,166,169,168,166,567,2
169,168,166,169,168,166,169,168,166,161,160,158,45,1
176,175,173,169,168,166,175,174,172,169,168,166,593,1
176,175,173,169,168,166,172,171,169,169,168,166,987,1
169,168,166,176,175,173,169,168,166,176,175,173,528,2
169,168,166,169,168,166,175,174,172,169,168,166,978,1
169,168,166,169,168,166,169,168,166,166,165,163,906,1
169,168,166,161,160,158,169,168,166,161,160,158,34,1
169,168,166,169,168,166,170,169,167,169,168,166,843,1
169,168,166,169,168,166,169,168,166,172,171,169,877,2
169,168,166,176,175,173,169,168,166,167,166,164,126,1
169,168,166,169,168,166,169,168,166,169,168,166,182,1
176,175,173,169,168,166,161,160,158,169,168,166,683,2
169,168,166,169,168,166,169,168,166,164,163,161,839,1
176,175,173,169,168,166,176,175,173,169,168,166,660,1
169,168,166,161,160,158,169,168,166,173,172,170,240,2
169,168,166,161,160,158,169,168,166,175,174,172,835,2
169,168,166,169,168,166,169,168,166,173,172,170,119,2
169,168,166,169,168,166,169,168,166,167,166,164,973,1
169,168,166,176,175,173,169,168,166,166,165,163,455,1
169,168,166,161,160,158,169,168,166,164,163,161,69,1
176,175,173,169,168,166,164,163,161,169,168,166,520,2
169,168,166,169,168,166,163,162,160,169,168,166,574,2
169,168,166,169,168,166,169,168,166,173,172,170,713,2
169,168,166,176,175,173,169,168,166,163,162,160,24,1
176,175,173,169,168,166,176,175,173,169,168,166,693,1
169,168,166,169,168,166,169,168,166,169,168,166,248,1
161,160,158,169,168,166,164,163,161,169,168,166,432,2
169,168,166,161,160,158,169,168,166,170,169,167,931,2
169,168,166,161,160,158,169,168,166,173,172,170,933,2
169,168,166,161,160,158,169,168,166,176,175,173,803,2
176,175,173,169,168,166,176,175,173,169,168,166,198,1
169,168,166,169,168,166,169,168,166,166,165,163,642,1
169,168,166,176,175,173,169,168,166,173,172,170,955,2
169,168,166,161,160,158,169,168,166,176,175,173,275,2
169,168,166,176,175,173,169,168,166,175,174,172,494,2
161,160,158,169,168,166,169,168,166,169,168,166,798,1
169,168,166,176,175,173,169,168,166,161,160,158,485,1
169,168,166,169,168,166,169,168,166,169,168,166,809,2
169,168,166,169,168,166,169,168,166,166,165,163,972,1
169,168,166,161,160,158,169,168,166,176,175,173,176,2
176,175,173,169,168,166,164,163,161,169,168,166,388,2
169,168,166,161,160,158,169,168,166,167,166,164,368,1
169,168,166,169,168,166,164,163,161,169,168,166,344,2
169,168,166,176,175,173,169,168,166,167,166,164,885,1
176,175,173,169,168,166,176,175,173,169,168,166,66,1
169,168,166,169,168,166,169,168,166,169,168,166,677,2
169,168,166,169,168,166,163,162,160,169,168,166,640,2
169,168,166,176,175,173,169,168,166,164,163,161,817,1
169,168,166,161,160,158,169,168,166,173,172,170,75,2
169,168,166,161,160,158,169,168,166,173,172,170,438,2
176,175,173,169,168,166,170,169,167,169,168,166,359,1
169,168,166,169,168,166,169,168,166,172,171,169,349,2
169,168,166,161,160,158,169,168,166,169,168,166,138,2
169,168,166,169,168,166,169,168,166,176,175,173,319,2
169,168,166,161,160,158,169,168,166,176,175,173,242,2
176,175,173,169,168,166,173,172,170,169,168,166,823,1
169,168,166,176,175,173,169,168,166,170,169,167,128,2
169,168,166,161,160,158,169,168,166,161,160,158,463,1
169,168,166,176,175,173,169,168,166,175,174,172,758,2
169,168,166,169,168,166,169,168,166,161,160,158,606,1
161,160,158,169,168,166,175,174,172,169,168,166,208,1
169,168,166,169,168,166,169,168,166,164,163,161,971,1
176,175,173,169,168,166,163,162,160,169,168,166,915,2
176,175,173,169,168,166,164,163,161,169,168,166,586,2
169,168,166,169,168,166,169,168,166,169,168,166,710,1
176,175,173,169,168,166,173,172,170,169,168,166,295,1
169,168,166,169,168,166,169,168,166,166,165,163,378,1
161,160,158,169,168,166,166,165,163,169,168,166,631,2
176,175,173,169,168,166,176,175,173,169,168,166,495,1
176,175,173,169,168,166,175,174,172,169,168,166,230,1
176,175,173,169,168,166,163,162,160,169,168,166,387,2
161,160,158,169,168,166,170,169,167,169,168,166,436,1
169,168,166,169,168,166,169,168,166,163,162,160,970,1
169,168,166,169,168,166,169,168,166,176,175,173,979,2
169,168,166,169,168,166,167,166,164,169,168,166,874,2
169,168,166,161,160,158,169,168,166,167,166,164,170,1
161,160,158,169,168,166,169,168,166,169,168,166,864,1
161,160,158,169,168,166,164,163,161,169,168,166,960,2
169,168,166,169,168,166,172,171,169,169,168,166,547,1
169,168,166,161,160,158,169,168,166,172,171,169,41,2
169,168,166,169,168,166,169,168,166,164,163,161,707,1
169,168,166,176,175,173,169,168,166,173,172,170,757,2
161,160,158,169,168,166,167,166,164,169,168,166,5,2
169,168,166,176,175,173,169,168,166,170,169,167,689,2
169,168,166,161,160,158,169,168,166,176,175,173,11,2
169,168,166,176,175,173,169,168,166,172,171,169,228,2
161,160,158,169,168,166,173,172,170,169,168,166,768,1
176,175,173,169,168,166,167,166,164,169,168,166,720,2
169,168,166,176,175,173,169,168,166,169,168,166,688,2
169,168,166,169,168,166,169,168,166,170,169,167,909,2
169,168,166,169,168,166,161,160,158,169,168,166,936,2
169,168,166,169,168,166,175,174,172,169,168,166,252,1
169,168,166,169,168,166,167,166,164,169,168,166,214,2
176,175,173,169,168,166,161,160,158,169,168,166,452,2
161,160,158,169,168,166,170,169,167,169,168,166,535,1
161,160,158,169,168,166,175,174,172,169,168,166,472,1
169,168,166,161,160,158,169,168,166,170,169,167,766,2
176,175,173,169,168,166,166,165,163,169,168,166,851,2
169,168,166,161,160,158,169,168,166,167,166,164,137,1
169,168,166,161,160,158,169,168,166,163,162,160,893,1
169,168,166,161,160,158,169,168,166,164,163,161,102,1
161,160,158,169,168,166,163,162,160,169,168,166,365,2
169,168,166,176,175,173,169,168,166,176,175,173,99,2
169,168,166,161,160,158,169,168,166,166,165,163,862,1
169,168,166,169,168,166,176,175,173,169,168,166,946,1
169,168,166,161,160,158,169,168,166,172,171,169,503,2
169,168,166,161,160,158,169,168,166,166,165,163,598,1
169,168,166,176,175,173,169,168,166,164,163,161,652,1
169,168,166,161,160,158,169,168,166,164,163,161,564,1
169,168,166,169,168,166,164,163,161,169,168,166,938,2
161,160,158,169,168,166,161,160,158,169,168,166,562,2
169,168,166,169,168,166,170,169,167,169,168,166,51,1
161,160,158,169,168,166,161,160,158,169,168,166,727,2
169,168,166,161,160,158,169,168,166,172,171,169,74,2
161,160,158,169,168,166,169,168,166,169,168,166,204,1
169,168,166,169,168,166,169,168,166,176,175,173,649,2
169,168,166,169,168,166,169,168,166,175,174,172,450,2
169,168,166,161,160,158,169,168,166,166,165,163,961,1
176,175,173,169,168,166,164,163,161,169,168,166,883,2
169,168,166,161,160,158,169,168,166,175,174,172,703,2
176,175,173,169,168,166,161,160,158,169,168,166,386,2
169,168,166,169,168,166,169,168,166,173,172,170,251,2
176,175,173,169,168,166,173,172,170,169,168,166,361,1
169,168,166,169,168,166,169,168,166,167,166,164,808,1
169,168,166,176,175,173,169,168,166,167,166,164,588,1
169,168,166,169,168,166,166,165,163,169,168,166,312,2
169,168,166,169,168,166,176,175,173,169,168,166,418,1
169,168,166,161,160,158,169,168,166,167,166,164,269,1
169,168,166,169,168,166,169,168,166,175,174,172,615,2
169,168,166,169,168,166,172,171,169,169,168,166,514,1
169,168,166,169,168,166,169,168,166,166,165,163,576,1
169,168,166,161,160,158,169,168,166,166,165,163,202,1
169,168,166,169,168,166,166,165,163,169,168,166,444,2
169,168,166,176,175,173,169,168,166,176,175,173,561,2
161,160,158,169,168,166,176,175,173,169,168,166,44,1
169,168,166,176,175,173,169,168,166,169,168,166,160,2
169,168,166,176,175,173,169,168,166,161,160,158,584,1
169,168,166,161,160,158,169,168,166,173,172,170,702,2
169,168,166,161,160,158,169,168,166,164,163,161,267,1
169,168,166,176,175,173,169,168,166,163,162,160,123,1
169,168,166,169,168,166,169,168,166,170,169,167,645,2
161,160,158,169,168,166,161,160,158,169,168,166,529,2
169,168,166,169,168,166,169,168,166,169,168,166,974,1
169,168,166,169,168,166,167,166,164,169,168,166,148,2
169,168,166,169,168,166,169,168,166,170,169,167,975,2
169,168,166,169,168,166,169,168,166,166,165,163,246,1
161,160,158,169,168,166,164,163,161,169,168,166,36,2
176,175,173,169,168,166,173,172,170,169,168,166,724,1
169,168,166,161,160,158,169,168,166,176,175,173,770,2
169,168,166,176,175,173,169,168,166,163,162,160,948,1
169,168,166,176,175,173,169,168,166,164,163,161,25,1
169,168,166,169,168,166,169,168,166,173,172,170,449,2
161,160,158,169,168,166,175,174,172,169,168,166,373,1
169,168,166,169,168,166,169,168,166,170,169,167,282,2
169,168,166,161,160,158,169,168,166,175,174,172,43,2
161,160,158,169,168,166,164,163,161,169,168,166,828,2
169,168,166,161,160,158,169,168,166,163,162,160,794,1
169,168,166,169,168,166,161,160,158,169,168,166,540,2
169,168,166,169,168,166,169,168,166,170,169,167,249,2
176,175,173,169,168,166,161,160,158,169,168,166,749,2
169,168,166,161,160,158,169,168,166,164,163,161,795,1
169,168,166,161,160,158,169,168,166,176,175,173,143,2
169,168,166,169,168,166,169,168,166,163,162,160,310,1
169,168,166,169,168,166,169,168,166,173,172,170,944,2
169,168,166,161,160,158,169,168,166,167,166,164,599,1
161,160,158,169,168,166,161,160,158,169,168,166,232,2
169,168,166,161,160,158,169,168,166,164,163,161,696,1
169,168,166,176,175,173,169,168,166,167,166,164,786,1
169,168,166,169,168,166,173,172,170,169,168,166,86,1
176,175,173,169,168,166,166,165,163,169,168,166,422,2
169,168,166,169,168,166,169,168,166,167,166,164,379,1
176,175,173,169,168,166,176,175,173,169,168,166,825,1
176,175,173,169,168,166,167,166,164,169,168,166,357,2
169,168,166,169,168,166,169,168,166,175,174,172,813,2
176,175,173,169,168,166,167,166,164,169,168,166,687,2
169,168,166,176,175,173,169,168,166,167,166,164,654,1
169,168,166,169,168,166,169,168,166,169,168,166,380,1
169,168,166,161,160,158,169,168,166,170,169,167,205,2
161,160,158,169,168,166,176,175,173,169,168,166,968,1
176,175,173,169,168,166,163,162,160,169,168,166,585,2
161,160,158,169,168,166,176,175,173,169,168,166,77,1
176,175,173,169,168,166,164,163,161,169,168,166,322,2
176,175,173,169,168,166,169,168,166,169,168,166,556,1
161,160,158,169,168,166,164,163,161,169,168,166,729,2
169,168,166,169,168,166,166,165,163,169,168,166,510,2
169,168,166,176,175,173,169,168,166,175,174,172,626,2
169,168,166,161,160,158,169,168,166,166,165,163,895,1
169,168,166,161,160,158,169,168,166,167,166,164,665,1
176,175,173,169,168,166,173,172,170,169,168,166,163,1
169,168,166,169,168,166,169,168,166,161,160,158,870,1
169,168,166,169,168,166,169,168,166,163,162,160,772,1
169,168,166,169,168,166,175,174,172,169,168,166,351,1
161,160,158,169,168,166,166,165,163,169,168,166,235,2
169,168,166,176,175,173,169,168,166,163,162,160,288,1
176,175,173,169,168,166,166,165,163,169,168,166,125,2
169,168,166,161,160,158,169,168,166,175,174,172,769,2
176,175,173,169,168,166,161,160,158,169,168,166,254,2
161,160,158,169,168,166,161,160,158,169,168,166,760,2
169,168,166,161,160,158,169,168,166,161,160,158,430,1
169,168,166,169,168,166,169,168,166,161,160,158,210,1
169,168,166,176,175,173,169,168,166,167,166,164,60,1
169,168,166,169,168,166,176,175,173,169,168,166,22,1
176,175,173,169,168,166,169,168,166,169,168,166,655,1
169,168,166,169,168,166,169,168,166,169,168,166,83,2
169,168,166,169,168,166,169,168,166,173,172,170,416,2
169,168,166,161,160,158,169,168,166,166,165,163,367,1
176,175,173,169,168,166,176,175,173,169,168,166,264,1
169,168,166,169,168,166,169,168,166,161,160,158,771,1
161,160,158,169,168,166,172,171,169,169,168,166,899,1
169,168,166,169,168,166,173,172,170,169,168,166,482,1
176,175,173,169,168,166,166,165,163,169,168,166,290,2
169,168,166,161,160,158,169,168,166,169,168,166,765,2
176,175,173,169,168,166,167,166,164,169,168,166,984,2
176,175,173,169,168,166,169,168,166,169,168,166,226,1
161,160,158,169,168,166,169,168,166,169,168,166,633,1
169,168,166,169,168,166,173,172,170,169,168,166,977,1
161,160,158,169,168,166,167,166,164,169,168,166,731,2
169,168,166,169,168,166,167,166,164,169,168,166,544,2
161,160,158,169,168,166,163,162,160,169,168,166,431,2
169,168,166,169,168,166,164,163,161,169,168,166,542,2
161,160,158,169,168,166,173,172,170,169,168,166,537,1
161,160,158,169,168,166,167,166,164,169,168,166,797,2
176,175,173,169,168,166,167,166,164,169,168,166,27,2
169,168,166,176,175,173,169,168,166,167,166,164,258,1
176,175,173,169,168,166,164,163,161,169,168,166,289,2
176,175,173,169,168,166,176,175,173,169,168,166,429,1
176,175,173,169,168,166,169,168,166,169,168,166,61,1
161,160,158,169,168,166,172,171,169,169,168,166,305,1
161,160,158,169,168,166,164,163,161,169,168,166,663,2
161,160,158,169,168,166,166,165,163,169,168,166,664,2
176,175,173,169,168,166,170,169,167,169,168,166,260,1
161,160,158,169,168,166,173,172,170,169,168,166,603,1
176,175,173,169,168,166,175,174,172,169,168,166,956,1
161,160,158,169,168,166,169,168,166,169,168,166,171,1
176,175,173,169,168,166,172,171,169,169,168,166,855,1
169,168,166,176,175,173,169,168,166,175,174,172,461,2
169,168,166,169,168,166,164,163,161,169,168,166,179,2
169,168,166,176,175,173,169,168,166,173,172,170,130,2
169,168,166,161,160,158,169,168,166,175,174,172,307,2
169,168,166,161,160,158,169,168,166,169,168,166,369,2
169,168,166,169,168,166,169,168,166,163,162,160,739,1
169,168,166,176,175,173,169,168,166,170,169,167,95,2
169,168,166,169,168,166,169,168,166,167,166,164,247,1
169,168,166,161,160,158,169,168,166,175,174,172,406,2
169,168,166,169,168,166,169,168,166,169,168,166,743,1
169,168,166,169,168,166,169,168,166,175,174,172,681,2
169,168,166,176,175,173,169,168,166,163,162,160,321,1
161,160,158,169,168,166,173,172,170,169,168,166,801,1
169,168,166,161,160,158,169,168,166,167,166,164,104,1
169,168,166,169,168,166,169,168,166,170,169,167,678,2
169,168,166,161,160,158,169,168,166,163,162,160,563,1
169,168,166,169,168,166,161,160,158,169,168,166,969,2
169,168,166,169,168,166,169,168,166,173,172,170,845,2
176,175,173,169,168,166,170,169,167,169,168,166,524,1
169,168,166,176,175,173,169,168,166,161,160,158,980,1
169,168,166,176,175,173,169,168,166,172,171,169,294,2
169,168,166,169,168,166,169,168,166,170,169,167,480,2
169,168,166,176,175,173,169,168,166,169,168,166,787,2
169,168,166,161,160,158,169,168,166,173,172,170,108,2
176,175,173,169,168,166,172,171,169,169,168,166,558,1
169,168,166,161,160,158,169,168,166,166,165,163,499,1
169,168,166,176,175,173,169,168,166,172,171,169,426,2
169,168,166,176,175,173,169,168,166,176,175,173,891,2
176,175,173,169,168,166,161,160,158,169,168,166,716,2
169,168,166,169,168,166,175,174,172,169,168,166,582,1
176,175,173,169,168,166,161,160,158,169,168,166,815,2
176,175,173,169,168,166,164,163,161,169,168,166,355,2
161,160,158,169,168,166,161,160,158,169,168,166,1,2
169,168,166,161,160,158,169,168,166,169,168,166,501,2
169,168,166,161,160,158,169,168,166,170,169,167,469,2
161,160,158,169,168,166,164,163,161,169,168,166,399,2
161,160,158,169,168,166,170,169,167,169,168,166,7,1
169,168,166,176,175,173,169,168,166,161,160,158,353,1
169,168,166,169,168,166,169,168,166,170,169,167,942,2
169,168,166,161,160,158,169,168,166,175,174,172,637,2
169,168,166,169,168,166,169,168,166,167,166,164,742,1
161,160,158,169,168,166,170,169,167,169,168,166,106,1
161,160,158,169,168,166,166,165,163,169,168,166,400,2
161,160,158,169,168,166,163,162,160,169,168,166,2,2
161,160,158,169,168,166,166,165,163,169,168,166,565,2
169,168,166,169,168,166,169,168,166,175,174,172,384,2
169,168,166,169,168,166,173,172,170,169,168,166,350,1
169,168,166,169,168,166,176,175,173,169,168,166,880,1
176,175,173,169,168,166,175,174,172,169,168,166,659,1
169,168,166,176,175,173,169,168,166,173,172,170,658,2
169,168,166,161,160,158,169,168,166,163,162,160,662,1
161,160,158,169,168,166,172,171,169,169,168,166,734,1
169,168,166,176,175,173,169,168,166,163,162,160,684,1
176,175,173,169,168,166,167,166,164,169,168,166,324,2
169,168,166,169,168,166,169,168,166,169,168,166,446,1
169,168,166,176,175,173,169,168,166,173,172,170,790,2
161,160,158,169,168,166,161,160,158,169,168,166,793,2
169,168,166,176,175,173,169,168,166,173,172,170,427,2
169,168,166,169,168,166,167,166,164,169,168,166,445,2
176,175,173,169,168,166,175,174,172,169,168,166,725,1
169,168,166,169,168,166,164,163,161,169,168,166,47,2
176,175,173,169,168,166,164,163,161,169,168,166,784,2
161,160,158,169,168,166,164,163,161,169,168,166,300,2
169,168,166,169,168,166,169,168,166,169,168,166,512,2
169,168,166,161,160,158,169,168,166,161,160,158,595,1
161,160,158,169,168,166,175,174,172,169,168,166,340,1
169,168,166,169,168,166,169,168,166,176,175,173,187,2
169,168,166,169,168,166,169,168,166,167,166,164,49,1
161,160,158,169,168,166,161,160,158,169,168,166,628,2
169,168,166,169,168,166,169,168,166,161,160,158,705,1
169,168,166,169,168,166,169,168,166,172,171,169,745,2
176,175,173,169,168,166,176,175,173,169,168,166,858,1
169,168,166,169,168,166,169,168,166,163,162,160,937,1
161,160,158,169,168,166,169,168,166,169,168,166,435,1
176,175,173,169,168,166,175,174,172,169,168,166,263,1
161,160,158,169,168,166,176,175,173,169,168,166,836,1
169,168,166,169,168,166,169,168,166,161,160,158,573,1
176,175,173,169,168,166,166,165,163,169,168,166,719,2
169,168,166,169,168,166,169,168,166,163,162,160,409,1
176,175,173,169,168,166,167,166,164,169,168,166,159,2
161,160,158,169,168,166,166,165,163,169,168,166,136,2
169,168,166,169,168,166,176,175,173,169,168,166,484,1
169,168,166,169,168,166,169,168,166,161,160,158,639,1
169,168,166,176,175,173,169,168,166,169,168,166,259,2
169,168,166,161,160,158,169,168,166,166,165,163,829,1
169,168,166,169,168,166,169,168,166,176,175,173,913,2
176,175,173,169,168,166,161,160,158,169,168,166,56,2
176,175,173,169,168,166,176,175,173,169,168,166,33,1
176,175,173,169,168,166,170,169,167,169,168,166,755,1
169,168,166,169,168,166,169,168,166,170,169,167,447,2
169,168,166,161,160,158,169,168,166,172,171,169,140,2
169,168,166,176,175,173,169,168,166,175,174,172,98,2
169,168,166,161,160,158,169,168,166,172,171,169,371,2
176,175,173,169,168,166,173,172,170,169,168,166,64,1
169,168,166,169,168,166,167,166,164,169,168,166,412,2
169,168,166,169,168,166,172,171,169,169,168,166,844,1
169,168,166,169,168,166,170,169,167,169,168,166,150,1
169,168,166,161,160,158,169,168,166,166,165,163,4,1
169,168,166,169,168,166,167,166,164,169,168,166,676,2
169,168,166,169,168,166,164,163,161,169,168,166,509,2
169,168,166,169,168,166,169,168,166,167,166,164,346,1
176,175,173,169,168,166,161,160,158,169,168,166,881,2
169,168,166,176,175,173,169,168,166,169,168,166,721,2
169,168,166,176,175,173,169,168,166,176,175,173,297,2
161,160,158,169,168,166,175,174,172,169,168,166,175,1
169,168,166,169,168,166,175,174,172,169,168,166,186,1
169,168,166,161,160,158,169,168,166,166,165,163,37,1
169,168,166,176,175,173,169,168,166,169,168,166,523,2
169,168,166,169,168,166,164,163,161,169,168,166,113,2
161,160,158,169,168,166,163,162,160,169,168,166,926,2
169,168,166,169,168,166,169,168,166,163,162,160,871,1
169,168,166,169,168,166,169,168,166,170,169,167,612,2
176,175,173,169,168,166,169,168,166,169,168,166,127,1
169,168,166,169,168,166,164,163,161,169,168,166,740,2
161,160,158,169,168,166,173,172,170,169,168,166,141,1
169,168,166,161,160,158,169,168,166,169,168,166,666,2
169,168,166,161,160,158,169,168,166,172,171,169,437,2
161,160,158,169,168,166,172,171,169,169,168,166,404,1
169,168,166,169,168,166,169,168,166,172,171,169,679,2
169,168,166,161,160,158,169,168,166,176,175,173,539,2
176,175,173,169,168,166,164,163,161,169,168,166,421,2
169,168,166,169,168,166,167,166,164,169,168,166,577,2
161,160,158,169,168,166,170,169,167,169,168,166,139,1
169,168,166,161,160,158,169,168,166,173,172,170,273,2
169,168,166,169,168,166,173,172,170,169,168,166,548,1
161,160,158,169,168,166,170,169,167,169,168,166,304,1
169,168,166,176,175,173,169,168,166,176,175,173,330,2
169,168,166,176,175,173,169,168,166,169,168,166,853,2
169,168,166,169,168,166,166,165,163,169,168,166,609,2
161,160,158,169,168,166,170,169,167,169,168,166,40,1
169,168,166,169,168,166,169,168,166,163,162,160,46,1
169,168,166,176,175,173,169,168,166,172,171,169,459,2
169,168,166,169,168,166,169,168,166,166,165,163,741,1
169,168,166,176,175,173,169,168,166,172,171,169,789,2
161,160,158,169,168,166,172,171,169,169,168,166,107,1
161,160,158,169,168,166,170,169,167,169,168,166,337,1
161,160,158,169,168,166,169,168,166,169,168,166,468,1
176,175,173,169,168,166,161,160,158,169,168,166,320,2
161,160,158,169,168,166,164,163,161,169,168,166,498,2
161,160,158,169,168,166,170,169,167,169,168,166,403,1
161,160,158,169,168,166,163,162,160,169,168,166,68,2
169,168,166,161,160,158,169,168,166,176,175,173,473,2
169,168,166,176,175,173,169,168,166,173,172,170,493,2
169,168,166,169,168,166,169,168,166,173,172,170,779,2
169,168,166,176,175,173,169,168,166,169,168,166,622,2
169,168,166,169,168,166,169,168,166,175,174,172,846,2
161,160,158,169,168,166,176,175,173,169,168,166,737,1
161,160,158,169,168,166,173,172,170,169,168,166,174,1
169,168,166,161,160,158,169,168,166,166,165,163,730,1
176,175,173,169,168,166,170,169,167,169,168,166,227,1
161,160,158,169,168,166,172,171,169,169,168,166,602,1
176,175,173,169,168,166,173,172,170,169,168,166,592,1
176,175,173,169,168,166,172,171,169,169,168,166,921,1
169,168,166,176,175,173,169,168,166,163,162,160,981,1
169,168,166,161,160,158,169,168,166,167,166,164,203,1
176,175,173,169,168,166,175,174,172,169,168,166,527,1
161,160,158,169,168,166,163,162,160,169,168,166,530,2
169,168,166,169,168,166,172,171,169,169,168,166,217,1
169,168,166,169,168,166,169,168,166,166,165,163,543,1
169,168,166,169,168,166,169,168,166,166,165,163,114,1
176,175,173,169,168,166,172,171,169,169,168,166,195,1
169,168,166,169,168,166,169,168,166,161,160,158,12,1
169,168,166,169,168,166,176,175,173,169,168,166,352,1
169,168,166,169,168,166,169,168,166,175,174,172,780,2
161,160,158,169,168,166,172,171,169,169,168,166,833,1
169,168,166,169,168,166,173,172,170,169,168,166,185,1
169,168,166,161,160,158,169,168,166,175,174,172,736,2
169,168,166,169,168,166,166,165,163,169,168,166,840,2
169,168,166,176,175,173,169,168,166,172,171,169,954,2
169,168,166,161,160,158,169,168,166,176,175,173,638,2
169,168,166,176,175,173,169,168,166,167,166,164,753,1
161,160,158,169,168,166,163,162,160,169,168,166,134,2
161,160,158,169,168,166,169,168,166,169,168,166,897,1
161,160,158,169,168,166,173,172,170,169,168,166,966,1
169,168,166,176,175,173,169,168,166,164,163,161,58,1
161,160,158,169,168,166,167,166,164,169,168,166,830,2
169,168,166,169,168,166,169,168,166,167,166,164,115,1
169,168,166,169,168,166,169,168,166,172,171,169,52,2
169,168,166,169,168,166,169,168,166,175,174,172,912,2
169,168,166,176,175,173,169,168,166,175,174,172,32,2
176,175,173,169,168,166,164,163,161,169,168,166,685,2
169,168,166,161,160,158,169,168,166,173,172,170,636,2
169,168,166,176,175,173,169,168,166,164,163,161,718,1
176,175,173,169,168,166,172,171,169,169,168,166,624,1
161,160,158,169,168,166,173,172,170,169,168,166,405,1
169,168,166,161,160,158,169,168,166,172,171,169,338,2
169,168,166,176,175,173,169,168,166,172,171,169,822,2
169,168,166,169,168,166,169,168,166,161,160,158,837,1
169,168,166,161,160,158,169,168,166,169,168,166,105,2
169,168,166,169,168,166,164,163,161,169,168,166,872,2
169,168,166,169,168,166,169,168,166,176,175,173,616,2
169,168,166,176,175,173,169,168,166,169,168,166,28,2
169,168,166,161,160,158,169,168,166,163,162,160,728,1
161,160,158,169,168,166,173,172,170,169,168,166,372,1
169,168,166,176,175,173,169,168,166,176,175,173,924,2
169,168,166,169,168,166,169,168,166,169,168,166,413,1
169,168,166,169,168,166,169,168,166,170,169,167,777,2
161,160,158,169,168,166,169,168,166,169,168,166,699,1
169,168,166,161,160,158,169,168,166,172,171,169,800,2
169,168,166,169,168,166,163,162,160,169,168,166,673,2
169,168,166,161,160,158,169,168,166,167,166,164,896,1
176,175,173,169,168,166,170,169,167,169,168,166,788,1
169,168,166,169,168,166,169,168,166,163,162,160,607,1
169,168,166,169,168,166,169,168,166,172,171,169,118,2
169,168,166,176,175,173,169,168,166,170,169,167,557,2
169,168,166,169,168,166,169,168,166,163,162,160,112,1
169,168,166,169,168,166,161,160,158,169,168,166,375,2
176,175,173,169,168,166,170,169,167,169,168,166,986,1
169,168,166,169,168,166,169,168,166,163,162,160,13,1
169,168,166,176,175,173,169,168,166,169,168,166,886,2
169,168,166,161,160,158,169,168,166,164,163,161,465,1
169,168,166,161,160,158,169,168,166,172,171,169,8,2
169,168,166,169,168,166,169,168,166,172,171,169,976,2
176,175,173,169,168,166,175,174,172,169,168,166,296,1
161,160,158,169,168,166,163,162,160,169,168,166,827,2
169,168,166,161,160,158,169,168,166,166,165,163,301,1
161,160,158,169,168,166,172,171,169,169,168,166,866,1
169,168,166,169,168,166,169,168,166,176,175,173,715,2
176,175,173,169,168,166,169,168,166,169,168,166,589,1
169,168,166,169,168,166,173,172,170,169,168,166,515,1
169,168,166,176,175,173,169,168,166,175,174,172,857,2
161,160,158,169,168,166,175,174,172,169,168,166,109,1
169,168,166,169,168,166,172,171,169,169,168,166,19,1
169,168,166,169,168,166,170,169,167,169,168,166,183,1
169,168,166,176,175,173,169,168,166,167,166,164,951,1
169,168,166,169,168,166,169,168,166,175,174,172,648,2
161,160,158,169,168,166,176,175,173,169,168,166,440,1
169,168,166,169,168,166,169,168,166,163,162,160,376,1
169,168,166,169,168,166,169,168,166,175,174,172,879,2
169,168,166,176,175,173,169,168,166,164,163,161,487,1
176,175,173,169,168,166,175,174,172,169,168,166,560,1
176,175,173,169,168,166,169,168,166,169,168,166,952,1
169,168,166,169,168,166,169,168,166,170,169,167,711,2
169,168,166,169,168,166,169,168,166,167,166,164,709,1
161,160,158,169,168,166,167,166,164,169,168,166,467,2
169,168,166,169,168,166,169,168,166,172,171,169,811,2
169,168,166,169,168,166,169,168,166,169,168,166,281,2
169,168,166,169,168,166,169,168,166,172,171,169,448,2
161,160,158,169,168,166,164,163,161,169,168,166,630,2
161,160,158,169,168,166,163,162,160,169,168,166,497,2
176,175,173,169,168,166,169,168,166,169,168,166,457,1
169,168,166,176,175,173,169,168,166,166,165,163,92,1
161,160,158,169,168,166,163,162,160,169,168,166,596,2
161,160,158,169,168,166,164,163,161,169,168,166,168,2
169,168,166,176,175,173,169,168,166,170,169,167,656,2
161,160,158,169,168,166,164,163,161,169,168,166,234,2
169,168,166,176,175,173,169,168,166,173,172,170,328,2
161,160,158,169,168,166,176,175,173,169,168,166,605,1
169,168,166,169,168,166,169,168,166,164,163,161,773,1
169,168,166,161,160,158,169,168,166,173,172,170,306,2
169,168,166,169,168,166,164,163,161,169,168,166,212,2
161,160,158,169,168,166,175,174,172,169,168,166,802,1
169,168,166,169,168,166,173,172,170,169,168,166,53,1
169,168,166,169,168,166,169,168,166,164,163,161,443,1
169,168,166,176,175,173,169,168,166,161,160,158,122,1
169,168,166,161,160,158,169,168,166,163,162,160,299,1
161,160,158,169,168,166,170,169,167,169,168,166,238,1
169,168,166,161,160,158,169,168,166,163,162,160,101,1
176,175,173,169,168,166,163,162,160,169,168,166,486,2
169,168,166,169,168,166,169,168,166,169,168,166,842,1
169,168,166,169,168,166,169,168,166,169,168,166,347,2
176,175,173,169,168,166,167,166,164,169,168,166,489,2
161,160,158,169,168,166,167,166,164,169,168,166,566,2
169,168,166,161,160,158,169,168,166,169,168,166,930,2
169,168,166,176,175,173,169,168,166,175,174,172,989,2
169,168,166,176,175,173,169,168,166,164,163,161,256,1
161,160,158,169,168,166,167,166,164,169,168,166,236,2
176,175,173,169,168,166,173,172,170,169,168,166,31,1
169,168,166,169,168,166,169,168,166,176,175,173,814,2
161,160,158,169,168,166,166,165,163,169,168,166,697,2
176,175,173,169,168,166,172,171,169,169,168,166,261,1
161,160,158,169,168,166,170,169,167,169,168,166,634,1
169,168,166,169,168,166,169,168,166,167,166,164,610,1
169,168,166,169,168,166,169,168,166,169,168,166,17,2
169,168,166,169,168,166,169,168,166,169,168,166,479,2
161,160,158,169,168,166,167,166,164,169,168,166,698,2
169,168,166,161,160,158,169,168,166,161,160,158,265,1
161,160,158,169,168,166,175,174,172,169,168,166,934,1
169,168,166,169,168,166,169,168,166,176,175,173,550,2
169,168,166,176,175,173,169,168,166,166,165,163,389,1
176,175,173,169,168,166,163,162,160,169,168,166,717,2
169,168,166,176,175,173,169,168,166,164,163,161,850,1
169,168,166,169,168,166,169,168,166,170,169,167,315,2
169,168,166,161,160,158,169,168,166,164,163,161,861,1
169,168,166,161,160,158,169,168,166,173,172,170,207,2
169,168,166,169,168,166,172,171,169,169,168,166,250,1
161,160,158,169,168,166,163,162,160,169,168,166,860,2
169,168,166,176,175,173,169,168,166,166,165,163,752,1
161,160,158,169,168,166,164,163,161,169,168,166,531,2
169,168,166,169,168,166,169,168,166,161,160,158,276,1
176,175,173,169,168,166,163,162,160,169,168,166,189,2
169,168,166,176,175,173,169,168,166,172,171,169,591,2
169,168,166,176,175,173,169,168,166,170,169,167,821,2
169,168,166,169,168,166,169,168,166,167,166,164,940,1
176,175,173,169,168,166,170,169,167,169,168,166,920,1
176,175,173,169,168,166,164,163,161,169,168,166,553,2
169,168,166,169,168,166,176,175,173,169,168,166,154,1
169,168,166,169,168,166,170,169,167,169,168,166,216,1
169,168,166,176,175,173,169,168,166,164,163,161,916,1
169,168,166,176,175,173,169,168,166,161,160,158,650,1
169,168,166,169,168,166,176,175,173,169,168,166,583,1
176,175,173,169,168,166,170,169,167,169,168,166,491,1
169,168,166,169,168,166,169,168,166,170,169,167,744,2
169,168,166,161,160,158,169,168,166,163,162,160,266,1
169,168,166,169,168,166,169,168,166,163,162,160,904,1
176,175,173,169,168,166,164,163,161,169,168,166,157,2
169,168,166,176,175,173,169,168,166,170,169,167,29,2
169,168,166,169,168,166,169,168,166,172,171,169,778,2
169,168,166,176,175,173,169,168,166,163,162,160,222,1
169,168,166,169,168,166,169,168,166,176,175,173,517,2
169,168,166,176,175,173,169,168,166,167,166,164,93,1
169,168,166,176,175,173,169,168,166,161,160,158,914,1
169,168,166,176,175,173,169,168,166,166,165,163,521,1
169,168,166,161,160,158,169,168,166,176,175,173,935,2
169,168,166,176,175,173,169,168,166,175,174,172,428,2
169,168,166,161,160,158,169,168,166,166,165,163,334,1
176,175,173,169,168,166,166,165,163,169,168,166,224,2
169,168,166,169,168,166,173,172,170,169,168,166,152,1
169,168,166,161,160,158,169,168,166,161,160,158,826,1
169,168,166,169,168,166,161,160,158,169,168,166,738,2
169,168,166,161,160,158,169,168,166,163,162,160,167,1
169,168,166,169,168,166,169,168,166,164,163,161,674,1
169,168,166,169,168,166,169,168,166,164,163,161,377,1
169,168,166,169,168,166,169,168,166,169,168,166,149,2
169,168,166,161,160,158,169,168,166,166,165,163,268,1
169,168,166,161,160,158,169,168,166,166,165,163,169,1
169,168,166,161,160,158,169,168,166,169,168,166,270,2
176,175,173,169,168,166,161,160,158,169,168,166,848,2
176,175,173,169,168,166,166,165,163,169,168,166,191,2
169,168,166,169,168,166,161,160,158,169,168,166,903,2
161,160,158,169,168,166,170,169,167,169,168,166,271,1
169,168,166,161,160,158,169,168,166,163,162,160,695,1
176,175,173,169,168,166,164,163,161,169,168,166,751,2
169,168,166,161,160,158,169,168,166,172,171,169,470,2
169,168,166,161,160,158,169,168,166,161,160,158,166,1
176,175,173,169,168,166,173,172,170,169,168,166,229,1
169,168,166,161,160,158,169,168,166,175,174,172,967,2
169,168,166,161,160,158,169,168,166,166,165,163,928,1
169,168,166,169,168,166,169,168,166,170,169,167,84,2
169,168,166,169,168,166,169,168,166,169,168,166,545,2
161,160,158,169,168,166,166,165,163,169,168,166,763,2
176,175,173,169,168,166,172,171,169,169,168,166,756,1
169,168,166,169,168,166,169,168,166,169,168,166,941,1
169,168,166,169,168,166,173,172,170,169,168,166,581,1
169,168,166,169,168,166,169,168,166,170,169,167,876,2
169,168,166,169,168,166,161,160,158,169,168,166,243,2
176,175,173,169,168,166,166,165,163,169,168,166,257,2
169,168,166,161,160,158,169,168,166,173,172,170,900,2
169,168,166,169,168,166,169,168,166,176,175,173,253,2
169,168,166,169,168,166,170,169,167,169,168,166,579,1
161,160,158,169,168,166,161,160,158,169,168,166,892,2
176,175,173,169,168,166,167,166,164,169,168,166,522,2
169,168,166,176,175,173,169,168,166,161,160,158,947,1
169,168,166,161,160,158,169,168,166,169,168,166,831,2
169,168,166,169,168,166,169,168,166,169,168,166,908,1
176,175,173,169,168,166,172,171,169,169,168,166,723,1
169,168,166,161,160,158,169,168,166,161,160,158,661,1
169,168,166,176,175,173,169,168,166,163,162,160,255,1
161,160,158,169,168,166,175,174,172,169,168,166,76,1
176,175,173,169,168,166,170,169,167,169,168,166,425,1
169,168,166,176,175,173,169,168,166,163,162,160,552,1
169,168,166,176,175,173,169,168,166,169,168,166,292,2
169,168,166,161,160,158,169,168,166,164,163,161,333,1
161,160,158,169,168,166,169,168,166,169,168,166,72,1
169,168,166,161,160,158,169,168,166,172,171,169,965,2
169,168,166,169,168,166,172,171,169,169,168,166,910,1
169,168,166,161,160,158,169,168,166,164,163,161,894,1
161,160,158,169,168,166,161,160,158,169,168,166,67,2
176,175,173,169,168,166,163,162,160,169,168,166,849,2
169,168,166,161,160,158,169,168,166,161,160,158,958,1
161,160,158,169,168,166,161,160,158,169,168,166,364,2
176,175,173,169,168,166,166,165,163,169,168,166,686,2
169,168,166,169,168,166,166,165,163,169,168,166,81,2
169,168,166,169,168,166,170,169,167,169,168,166,117,1
169,168,166,161,160,158,169,168,166,173,172,170,669,2
169,168,166,169,168,166,169,168,166,163,162,160,508,1
169,168,166,176,175,173,169,168,166,166,165,163,620,1
176,175,173,169,168,166,176,175,173,169,168,166,132,1
176,175,173,169,168,166,176,175,173,169,168,166,627,1
169,168,166,176,175,173,169,168,166,176,175,173,957,2
176,175,173,169,168,166,166,165,163,169,168,166,818,2
169,168,166,169,168,166,169,168,166,169,168,166,578,1
176,175,173,169,168,166,163,162,160,169,168,166,750,2
169,168,166,169,168,166,169,168,166,161,160,158,144,1
169,168,166,169,168,166,167,166,164,169,168,166,313,2
