70,70,70,70,70,70,64,64,64,70,70,70,256,2
70,70,70,70,70,70,70,70,70,70,70,70,50,1
70,70,70,70,70,70,70,70,70,70,70,70,303,1
70,70,70,70,70,70,62,62,62,70,70,70,189,2
70,70,70,70,70,70,70,70,70,72,72,72,227,2
70,70,70,70,70,70,70,70,70,74,74,74,261,2
70,70,70,70,70,70,80,80,80,70,70,70,297,1
70,70,70,70,70,70,60,60,60,70,70,70,298,2
70,70,70,70,70,70,70,70,70,76,76,76,185,2
70,70,70,70,70,70,70,70,70,72,72,72,95,2
70,70,70,70,70,70,70,70,70,72,72,72,183,2
70,70,70,70,70,70,64,64,64,70,70,70,3,2
70,70,70,70,70,70,64,64,64,70,70,70,289,2
70,70,70,70,70,70,70,70,70,72,72,72,161,2
70,70,70,70,70,70,70,70,70,62,62,62,2,1
70,70,70,70,70,70,72,72,72,70,70,70,315,1
70,70,70,70,70,70,66,66,66,70,70,70,48,2
70,70,70,70,70,70,70,70,70,78,78,78,98,2
70,70,70,70,70,70,70,70,70,72,72,72,271,2
70,70,70,70,70,70,70,70,70,74,74,74,107,2
70,70,70,70,70,70,70,70,70,74,74,74,305,2
70,70,70,70,70,70,62,62,62,70,70,70,101,2
70,70,70,70,70,70,70,70,70,74,74,74,96,2
70,70,70,70,70,70,80,80,80,70,70,70,319,1
70,70,70,70,70,70,66,66,66,70,70,70,158,2
70,70,70,70,70,70,70,70,70,72,72,72,73,2
70,70,70,70,70,70,76,76,76,70,70,70,306,1
70,70,70,70,70,70,70,70,70,68,68,68,82,1
70,70,70,70,70,70,60,60,60,70,70,70,276,2
70,70,70,70,70,70,60,60,60,70,70,70,221,2
70,70,70,70,70,70,80,80,80,70,70,70,11,1
70,70,70,70,70,70,62,62,62,70,70,70,288,2
70,70,70,70,70,70,70,70,70,64,64,64,14,1
70,70,70,70,70,70,64,64,64,70,70,70,245,2
70,70,70,70,70,70,70,70,70,80,80,80,176,2
70,70,70,70,70,70,70,70,70,74,74,74,283,2
70,70,70,70,70,70,70,70,70,76,76,76,251,2
70,70,70,70,70,70,70,70,70,60,60,60,320,1
70,70,70,70,70,70,72,72,72,70,70,70,40,1
70,70,70,70,70,70,60,60,60,70,70,70,78,2
70,70,70,70,70,70,70,70,70,70,70,70,61,1
70,70,70,70,70,70,70,70,70,70,70,70,237,1
70,70,70,70,70,70,60,60,60,70,70,70,144,2
70,70,70,70,70,70,70,70,70,62,62,62,46,1
70,70,70,70,70,70,70,70,70,68,68,68,60,1
70,70,70,70,70,70,64,64,64,70,70,70,322,2
70,70,70,70,70,70,70,70,70,76,76,76,108,2
70,70,70,70,70,70,70,70,70,78,78,78,274,2
70,70,70,70,70,70,78,78,78,70,70,70,21,1
70,70,70,70,70,70,68,68,68,70,70,70,93,2
70,70,70,70,70,70,70,70,70,76,76,76,218,2
70,70,70,70,70,70,62,62,62,70,70,70,200,2
70,70,70,70,70,70,70,70,70,70,70,70,215,1
70,70,70,70,70,70,70,70,70,62,62,62,222,1
70,70,70,70,70,70,80,80,80,70,70,70,220,1
70,70,70,70,70,70,70,70,70,66,66,66,136,1
70,70,70,70,70,70,60,60,60,70,70,70,243,2
70,70,70,70,70,70,70,70,70,66,66,66,290,1
70,70,70,70,70,70,74,74,74,70,70,70,184,1
70,70,70,70,70,70,78,78,78,70,70,70,230,1
70,70,70,70,70,70,70,70,70,66,66,66,81,1
70,70,70,70,70,70,70,70,70,62,62,62,167,1
70,70,70,70,70,70,68,68,68,70,70,70,159,2
70,70,70,70,70,70,68,68,68,70,70,70,324,2
70,70,70,70,70,70,62,62,62,70,70,70,233,2
70,70,70,70,70,70,70,70,70,64,64,64,47,1
70,70,70,70,70,70,76,76,76,70,70,70,53,1
70,70,70,70,70,70,70,70,70,70,70,70,6,2
70,70,70,70,70,70,80,80,80,70,70,70,99,1
70,70,70,70,70,70,76,76,76,70,70,70,130,1
70,70,70,70,70,70,70,70,70,68,68,68,203,1
70,70,70,70,70,70,70,70,70,68,68,68,71,1
70,70,70,70,70,70,80,80,80,70,70,70,209,1
70,70,70,70,70,70,70,70,70,70,70,70,39,2
70,70,70,70,70,70,66,66,66,70,70,70,213,2
70,70,70,70,70,70,72,72,72,70,70,70,249,1
70,70,70,70,70,70,70,70,70,66,66,66,37,1
70,70,70,70,70,70,70,70,70,70,70,70,292,2
70,70,70,70,70,70,74,74,74,70,70,70,129,1
70,70,70,70,70,70,70,70,70,62,62,62,299,1
70,70,70,70,70,70,78,78,78,70,70,70,153,1
70,70,70,70,70,70,62,62,62,70,70,70,178,2
70,70,70,70,70,70,62,62,62,70,70,70,123,2
70,70,70,70,70,70,68,68,68,70,70,70,258,2
70,70,70,70,70,70,70,70,70,80,80,80,132,2
70,70,70,70,70,70,64,64,64,70,70,70,69,2
70,70,70,70,70,70,64,64,64,70,70,70,58,2
70,70,70,70,70,70,70,70,70,80,80,80,231,2
70,70,70,70,70,70,64,64,64,70,70,70,146,2
70,70,70,70,70,70,74,74,74,70,70,70,74,1
70,70,70,70,70,70,78,78,78,70,70,70,307,1
70,70,70,70,70,70,70,70,70,70,70,70,149,1
70,70,70,70,70,70,70,70,70,64,64,64,91,1
70,70,70,70,70,70,70,70,70,80,80,80,110,2
70,70,70,70,70,70,66,66,66,70,70,70,70,2
70,70,70,70,70,70,70,70,70,74,74,74,140,2
70,70,70,70,70,70,76,76,76,70,70,70,317,1
70,70,70,70,70,70,70,70,70,68,68,68,236,1
70,70,70,70,70,70,62,62,62,70,70,70,211,2
70,70,70,70,70,70,70,70,70,60,60,60,133,1
70,70,70,70,70,70,70,70,70,72,72,72,260,2
70,70,70,70,70,70,80,80,80,70,70,70,66,1
70,70,70,70,70,70,78,78,78,70,70,70,87,1
70,70,70,70,70,70,70,70,70,68,68,68,214,1
70,70,70,70,70,70,60,60,60,70,70,70,188,2
70,70,70,70,70,70,70,70,70,70,70,70,94,2
70,70,70,70,70,70,66,66,66,70,70,70,114,2
70,70,70,70,70,70,70,70,70,70,70,70,83,2
70,70,70,70,70,70,70,70,70,76,76,76,9,2
70,70,70,70,70,70,70,70,70,70,70,70,105,2
70,70,70,70,70,70,70,70,70,74,74,74,316,2
70,70,70,70,70,70,70,70,70,78,78,78,208,2
70,70,70,70,70,70,80,80,80,70,70,70,242,1
70,70,70,70,70,70,62,62,62,70,70,70,57,2
70,70,70,70,70,70,70,70,70,70,70,70,270,2
70,70,70,70,70,70,70,70,70,66,66,66,312,1
70,70,70,70,70,70,70,70,70,60,60,60,199,1
70,70,70,70,70,70,70,70,70,60,60,60,155,1
70,70,70,70,70,70,66,66,66,70,70,70,15,2
70,70,70,70,70,70,76,76,76,70,70,70,273,1
70,70,70,70,70,70,72,72,72,70,70,70,304,1
70,70,70,70,70,70,70,70,70,78,78,78,175,2
70,70,70,70,70,70,68,68,68,70,70,70,137,2
70,70,70,70,70,70,70,70,70,74,74,74,19,2
70,70,70,70,70,70,62,62,62,70,70,70,35,2
70,70,70,70,70,70,70,70,70,72,72,72,150,2
70,70,70,70,70,70,64,64,64,70,70,70,278,2
70,70,70,70,70,70,70,70,70,70,70,70,72,1
70,70,70,70,70,70,70,70,70,60,60,60,12,1
70,70,70,70,70,70,72,72,72,70,70,70,84,1
70,70,70,70,70,70,72,72,72,70,70,70,205,1
70,70,70,70,70,70,62,62,62,70,70,70,145,2
70,70,70,70,70,70,70,70,70,62,62,62,310,1
70,70,70,70,70,70,66,66,66,70,70,70,92,2
70,70,70,70,70,70,62,62,62,70,70,70,112,2
70,70,70,70,70,70,70,70,70,78,78,78,54,2
70,70,70,70,70,70,70,70,70,70,70,70,17,1
70,70,70,70,70,70,70,70,70,72,72,72,18,2
70,70,70,70,70,70,66,66,66,70,70,70,169,2
70,70,70,70,70,70,70,70,70,62,62,62,266,1
70,70,70,70,70,70,70,70,70,66,66,66,103,1
70,70,70,70,70,70,76,76,76,70,70,70,328,1
70,70,70,70,70,70,78,78,78,70,70,70,186,1
70,70,70,70,70,70,70,70,70,64,64,64,135,1
70,70,70,70,70,70,70,70,70,70,70,70,226,2
70,70,70,70,70,70,64,64,64,70,70,70,267,2
70,70,70,70,70,70,70,70,70,80,80,80,286,2
70,70,70,70,70,70,70,70,70,78,78,78,296,2
70,70,70,70,70,70,70,70,70,70,70,70,138,1
70,70,70,70,70,70,70,70,70,80,80,80,165,2
70,70,70,70,70,70,72,72,72,70,70,70,7,1
70,70,70,70,70,70,70,70,70,68,68,68,5,1
70,70,70,70,70,70,70,70,70,64,64,64,36,1
70,70,70,70,70,70,70,70,70,68,68,68,269,1
70,70,70,70,70,70,60,60,60,70,70,70,100,2
70,70,70,70,70,70,70,70,70,80,80,80,33,2
70,70,70,70,70,70,70,70,70,68,68,68,49,1
70,70,70,70,70,70,70,70,70,72,72,72,216,2
70,70,70,70,70,70,64,64,64,70,70,70,201,2
70,70,70,70,70,70,80,80,80,70,70,70,308,1
70,70,70,70,70,70,70,70,70,78,78,78,109,2
70,70,70,70,70,70,70,70,70,74,74,74,52,2
70,70,70,70,70,70,70,70,70,62,62,62,255,1
70,70,70,70,70,70,70,70,70,70,70,70,193,2
70,70,70,70,70,70,70,70,70,80,80,80,187,2
70,70,70,70,70,70,70,70,70,76,76,76,97,2
70,70,70,70,70,70,80,80,80,70,70,70,275,1
70,70,70,70,70,70,62,62,62,70,70,70,156,2
70,70,70,70,70,70,64,64,64,70,70,70,179,2
70,70,70,70,70,70,70,70,70,66,66,66,147,1
70,70,70,70,70,70,60,60,60,70,70,70,177,2
70,70,70,70,70,70,72,72,72,70,70,70,29,1
70,70,70,70,70,70,64,64,64,70,70,70,102,2
70,70,70,70,70,70,70,70,70,62,62,62,24,1
70,70,70,70,70,70,70,70,70,72,72,72,106,2
70,70,70,70,70,70,70,70,70,64,64,64,311,1
70,70,70,70,70,70,70,70,70,72,72,72,282,2
70,70,70,70,70,70,70,70,70,78,78,78,164,2
70,70,70,70,70,70,70,70,70,60,60,60,287,1
70,70,70,70,70,70,70,70,70,64,64,64,234,1
70,70,70,70,70,70,70,70,70,76,76,76,75,2
70,70,70,70,70,70,80,80,80,70,70,70,253,1
70,70,70,70,70,70,70,70,70,76,76,76,152,2
70,70,70,70,70,70,70,70,70,74,74,74,195,2
70,70,70,70,70,70,70,70,70,78,78,78,285,2
70,70,70,70,70,70,74,74,74,70,70,70,173,1
70,70,70,70,70,70,80,80,80,70,70,70,55,1
70,70,70,70,70,70,64,64,64,70,70,70,124,2
70,70,70,70,70,70,70,70,70,76,76,76,86,2
70,70,70,70,70,70,70,70,70,68,68,68,280,1
70,70,70,70,70,70,70,70,70,70,70,70,116,2
70,70,70,70,70,70,80,80,80,70,70,70,198,1
70,70,70,70,70,70,70,70,70,76,76,76,31,2
70,70,70,70,70,70,70,70,70,72,72,72,139,2
70,70,70,70,70,70,68,68,68,70,70,70,27,2
70,70,70,70,70,70,72,72,72,70,70,70,293,1
70,70,70,70,70,70,74,74,74,70,70,70,327,1
70,70,70,70,70,70,70,70,70,72,72,72,326,2
70,70,70,70,70,70,70,70,70,68,68,68,225,1
70,70,70,70,70,70,70,70,70,70,70,70,171,2
70,70,70,70,70,70,70,70,70,80,80,80,22,2
70,70,70,70,70,70,70,70,70,66,66,66,301,1
70,70,70,70,70,70,66,66,66,70,70,70,246,2
70,70,70,70,70,70,80,80,80,70,70,70,143,1
70,70,70,70,70,70,70,70,70,74,74,74,41,2
70,70,70,70,70,70,70,70,70,72,72,72,128,2
70,70,70,70,70,70,70,70,70,68,68,68,115,1
70,70,70,70,70,70,60,60,60,70,70,70,67,2
70,70,70,70,70,70,70,70,70,68,68,68,247,1
70,70,70,70,70,70,60,60,60,70,70,70,210,2
70,70,70,70,70,70,70,70,70,78,78,78,197,2
70,70,70,70,70,70,70,70,70,72,72,72,194,2
70,70,70,70,70,70,70,70,70,72,72,72,238,2
70,70,70,70,70,70,80,80,80,70,70,70,77,1
70,70,70,70,70,70,66,66,66,70,70,70,202,2
70,70,70,70,70,70,68,68,68,70,70,70,126,2
70,70,70,70,70,70,80,80,80,70,70,70,154,1
70,70,70,70,70,70,70,70,70,64,64,64,157,1
70,70,70,70,70,70,70,70,70,74,74,74,294,2
70,70,70,70,70,70,70,70,70,76,76,76,196,2
70,70,70,70,70,70,70,70,70,70,70,70,182,1
70,70,70,70,70,70,70,70,70,66,66,66,268,1
70,70,70,70,70,70,60,60,60,70,70,70,254,2
70,70,70,70,70,70,64,64,64,70,70,70,223,2
70,70,70,70,70,70,70,70,70,68,68,68,291,1
70,70,70,70,70,70,70,70,70,74,74,74,118,2
70,70,70,70,70,70,70,70,70,62,62,62,90,1
70,70,70,70,70,70,60,60,60,70,70,70,56,2
70,70,70,70,70,70,70,70,70,70,70,70,325,2
70,70,70,70,70,70,62,62,62,70,70,70,68,2
70,70,70,70,70,70,62,62,62,70,70,70,244,2
70,70,70,70,70,70,70,70,70,80,80,80,44,2
70,70,70,70,70,70,70,70,70,74,74,74,272,2
70,70,70,70,70,70,62,62,62,70,70,70,321,2
70,70,70,70,70,70,78,78,78,70,70,70,329,1
70,70,70,70,70,70,70,70,70,78,78,78,10,2
70,70,70,70,70,70,70,70,70,76,76,76,229,2
70,70,70,70,70,70,70,70,70,68,68,68,181,1
70,70,70,70,70,70,80,80,80,70,70,70,330,1
70,70,70,70,70,70,70,70,70,70,70,70,281,2
70,70,70,70,70,70,70,70,70,72,72,72,51,2
70,70,70,70,70,70,70,70,70,66,66,66,323,1
70,70,70,70,70,70,68,68,68,70,70,70,313,2
70,70,70,70,70,70,70,70,70,66,66,66,257,1
70,70,70,70,70,70,80,80,80,70,70,70,121,1
70,70,70,70,70,70,64,64,64,70,70,70,212,2
70,70,70,70,70,70,60,60,60,70,70,70,111,2
70,70,70,70,70,70,70,70,70,70,70,70,28,1
70,70,70,70,70,70,70,70,70,74,74,74,250,2
70,70,70,70,70,70,70,70,70,70,70,70,204,1
70,70,70,70,70,70,74,74,74,70,70,70,228,1
70,70,70,70,70,70,70,70,70,66,66,66,279,1
70,70,70,70,70,70,70,70,70,70,70,70,127,2
70,70,70,70,70,70,66,66,66,70,70,70,180,2
70,70,70,70,70,70,70,70,70,78,78,78,65,2
70,70,70,70,70,70,72,72,72,70,70,70,117,1
70,70,70,70,70,70,70,70,70,76,76,76,20,2
70,70,70,70,70,70,70,70,70,60,60,60,89,1
70,70,70,70,70,70,70,70,70,68,68,68,38,1
70,70,70,70,70,70,78,78,78,70,70,70,142,1
70,70,70,70,70,70,70,70,70,78,78,78,241,2
70,70,70,70,70,70,70,70,70,70,70,70,314,2
70,70,70,70,70,70,76,76,76,70,70,70,163,1
70,70,70,70,70,70,70,70,70,70,70,70,160,1
70,70,70,70,70,70,70,70,70,76,76,76,42,2
70,70,70,70,70,70,70,70,70,64,64,64,300,1
70,70,70,70,70,70,60,60,60,70,70,70,232,2
70,70,70,70,70,70,68,68,68,70,70,70,148,2
70,70,70,70,70,70,76,76,76,70,70,70,262,1
70,70,70,70,70,70,60,60,60,70,70,70,166,2
70,70,70,70,70,70,66,66,66,70,70,70,235,2
70,70,70,70,70,70,72,72,72,70,70,70,62,1
70,70,70,70,70,70,60,60,60,70,70,70,122,2
70,70,70,70,70,70,70,70,70,74,74,74,206,2
70,70,70,70,70,70,80,80,80,70,70,70,88,1
70,70,70,70,70,70,76,76,76,70,70,70,119,1
70,70,70,70,70,70,70,70,70,68,68,68,192,1
70,70,70,70,70,70,70,70,70,62,62,62,277,1
70,70,70,70,70,70,70,70,70,64,64,64,190,1
70,70,70,70,70,70,70,70,70,76,76,76,284,2
70,70,70,70,70,70,70,70,70,74,74,74,217,2
70,70,70,70,70,70,70,70,70,72,72,72,172,2
70,70,70,70,70,70,60,60,60,70,70,70,23,2
70,70,70,70,70,70,80,80,80,70,70,70,264,1
70,70,70,70,70,70,70,70,70,66,66,66,59,1
70,70,70,70,70,70,60,60,60,70,70,70,309,2
70,70,70,70,70,70,74,74,74,70,70,70,63,1
70,70,70,70,70,70,70,70,70,78,78,78,318,2
70,70,70,70,70,70,76,76,76,70,70,70,141,1
70,70,70,70,70,70,76,76,76,70,70,70,207,1
70,70,70,70,70,70,70,70,70,64,64,64,113,1
70,70,70,70,70,70,70,70,70,78,78,78,263,2
70,70,70,70,70,70,62,62,62,70,70,70,13,2
70,70,70,70,70,70,70,70,70,60,60,60,34,1
70,70,70,70,70,70,70,70,70,78,78,78,252,2
70,70,70,70,70,70,70,70,70,64,64,64,25,1
70,70,70,70,70,70,60,60,60,70,70,70,1,2
70,70,70,70,70,70,70,70,70,60,60,60,45,1
70,70,70,70,70,70,70,70,70,66,66,66,224,1
70,70,70,70,70,70,70,70,70,66,66,66,4,1
70,70,70,70,70,70,70,70,70,76,76,76,240,2
70,70,70,70,70,70,70,70,70,74,74,74,162,2
70,70,70,70,70,70,70,70,70,78,78,78,120,2
70,70,70,70,70,70,74,74,74,70,70,70,85,1
70,70,70,70,70,70,70,70,70,64,64,64,168,1
70,70,70,70,70,70,70,70,70,74,74,74,30,2
70,70,70,70,70,70,70,70,70,66,66,66,26,1
70,70,70,70,70,70,70,70,70,62,62,62,134,1
70,70,70,70,70,70,70,70,70,68,68,68,170,1
70,70,70,70,70,70,78,78,78,70,70,70,131,1
70,70,70,70,70,70,70,70,70,78,78,78,76,2
70,70,70,70,70,70,70,70,70,68,68,68,302,1
70,70,70,70,70,70,76,76,76,70,70,70,64,1
70,70,70,70,70,70,62,62,62,70,70,70,79,2
70,70,70,70,70,70,78,78,78,70,70,70,43,1
70,70,70,70,70,70,70,70,70,70,70,70,248,2
70,70,70,70,70,70,66,66,66,70,70,70,125,2
70,70,70,70,70,70,78,78,78,70,70,70,32,1
70,70,70,70,70,70,68,68,68,70,70,70,104,2
70,70,70,70,70,70,70,70,70,66,66,66,191,1
70,70,70,70,70,70,70,70,70,74,74,74,151,2
70,70,70,70,70,70,70,70,70,70,70,70,259,1
70,70,70,70,70,70,70,70,70,74,74,74,8,2
70,70,70,70,70,70,76,76,76,70,70,70,174,1
70,70,70,70,70,70,70,70,70,74,74,74,239,2
70,70,70,70,70,70,70,70,70,64,64,64,80,1
70,70,70,70,70,70,70,70,70,68,68,68,16,1
70,70,70,70,70,70,60,60,60,70,70,70,265,2
70,70,70,70,70,70,78,78,78,70,70,70,219,1
70,70,70,70,70,70,70,70,70,76,76,76,295,2
