176,175,173,169,168,166,173,172,170,169,168,166,757,1
169,168,166,169,168,166,169,168,166,167,166,164,907,1
176,175,173,169,168,166,161,160,158,169,168,166,848,2
169,168,166,169,168,166,172,171,169,169,168,166,877,1
161,160,158,169,168,166,173,172,170,169,168,166,405,1
169,168,166,169,168,166,169,168,166,167,166,164,412,1
176,175,173,169,168,166,167,166,164,169,168,166,291,2
169,168,166,176,175,173,169,168,166,173,172,170,163,2
169,168,166,169,168,166,169,168,166,164,163,161,113,1
169,168,166,169,168,166,172,171,169,169,168,166,52,1
169,168,166,161,160,158,169,168,166,175,174,172,604,2
169,168,166,161,160,158,169,168,166,172,171,169,239,2
169,168,166,169,168,166,169,168,166,176,175,173,253,2
169,168,166,161,160,158,169,168,166,163,162,160,365,1
169,168,166,161,160,158,169,168,166,172,171,169,866,2
169,168,166,161,160,158,169,168,166,170,169,167,271,2
176,175,173,169,168,166,176,175,173,169,168,166,858,1
169,168,166,169,168,166,161,160,158,169,168,166,936,2
161,160,158,169,168,166,175,174,172,169,168,166,736,1
169,168,166,169,168,166,167,166,164,169,168,166,247,2
169,168,166,161,160,158,169,168,166,173,172,170,504,2
161,160,158,169,168,166,167,166,164,169,168,166,434,2
169,168,166,176,175,173,169,168,166,172,171,169,96,2
169,168,166,169,168,166,166,165,163,169,168,166,708,2
161,160,158,169,168,166,169,168,166,169,168,166,303,1
176,175,173,169,168,166,164,163,161,169,168,166,586,2
169,168,166,169,168,166,169,168,166,161,160,158,78,1
176,175,173,169,168,166,169,168,166,169,168,166,28,1
161,160,158,169,168,166,166,165,163,169,168,166,367,2
161,160,158,169,168,166,176,175,173,169,168,166,308,1
161,160,158,169,168,166,163,162,160,169,168,166,431,2
161,160,158,169,168,166,170,169,167,169,168,166,931,1
169,168,166,161,160,158,169,168,166,175,174,172,340,2
169,168,166,176,175,173,169,168,166,161,160,158,947,1
169,168,166,169,168,166,166,165,163,169,168,166,543,2
169,168,166,169,168,166,169,168,166,167,166,164,82,1
169,168,166,169,168,166,166,165,163,169,168,166,477,2
176,175,173,169,168,166,167,166,164,169,168,166,390,2
169,168,166,169,168,166,172,171,169,169,168,166,811,1
169,168,166,161,160,158,169,168,166,176,175,173,440,2
169,168,166,169,168,166,164,163,161,169,168,166,278,2
176,175,173,169,168,166,175,174,172,169,168,166,230,1
169,168,166,176,175,173,169,168,166,166,165,163,26,1
169,168,166,169,168,166,163,162,160,169,168,166,871,2
169,168,166,161,160,158,169,168,166,175,174,172,538,2
169,168,166,161,160,158,169,168,166,172,171,169,173,2
176,175,173,169,168,166,172,171,169,169,168,166,426,1
169,168,166,176,175,173,169,168,166,163,162,160,24,1
161,160,158,169,168,166,169,168,166,169,168,166,732,1
161,160,158,169,168,166,176,175,173,169,168,166,11,1
169,168,166,169,168,166,166,165,163,169,168,166,444,2
176,175,173,169,168,166,175,174,172,169,168,166,131,1
169,168,166,169,168,166,169,168,166,161,160,158,474,1
169,168,166,176,175,173,169,168,166,172,171,169,987,2
169,168,166,169,168,166,172,171,169,169,168,166,85,1
176,175,173,169,168,166,161,160,158,169,168,166,287,2
169,168,166,169,168,166,175,174,172,169,168,166,483,1
161,160,158,169,168,166,166,165,163,169,168,166,829,2
169,168,166,169,168,166,169,168,166,176,175,173,583,2
161,160,158,169,168,166,172,171,169,169,168,166,701,1
176,175,173,169,168,166,164,163,161,169,168,166,421,2
169,168,166,176,175,173,169,168,166,166,165,163,719,1
169,168,166,169,168,166,169,168,166,167,166,164,643,1
169,168,166,161,160,158,169,168,166,164,163,161,960,1
169,168,166,169,168,166,164,163,161,169,168,166,575,2
169,168,166,176,175,173,169,168,166,176,175,173,99,2
169,168,166,161,160,158,169,168,166,167,166,164,665,1
169,168,166,161,160,158,169,168,166,175,174,172,373,2
169,168,166,169,168,166,164,163,161,169,168,166,938,2
161,160,158,169,168,166,167,166,164,169,168,166,467,2
169,168,166,169,168,166,169,168,166,173,172,170,812,2
169,168,166,169,168,166,167,166,164,169,168,166,874,2
169,168,166,176,175,173,169,168,166,172,171,169,228,2
161,160,158,169,168,166,175,174,172,169,168,166,802,1
169,168,166,169,168,166,166,165,163,169,168,166,378,2
169,168,166,169,168,166,164,163,161,169,168,166,641,2
169,168,166,161,160,158,169,168,166,161,160,158,364,1
169,168,166,169,168,166,169,168,166,166,165,163,411,1
169,168,166,169,168,166,163,162,160,169,168,166,409,2
176,175,173,169,168,166,175,174,172,169,168,166,329,1
169,168,166,169,168,166,169,168,166,167,166,164,478,1
169,168,166,161,160,158,169,168,166,164,163,161,432,1
169,168,166,176,175,173,169,168,166,172,171,169,129,2
161,160,158,169,168,166,164,163,161,169,168,166,729,2
169,168,166,169,168,166,169,168,166,164,163,161,872,1
169,168,166,169,168,166,169,168,166,169,168,166,248,1
169,168,166,169,168,166,169,168,166,166,165,163,906,1
169,168,166,161,160,158,169,168,166,173,172,170,933,2
161,160,158,169,168,166,176,175,173,169,168,166,704,1
169,168,166,161,160,158,169,168,166,167,166,164,764,1
176,175,173,169,168,166,176,175,173,169,168,166,396,1
169,168,166,161,160,158,169,168,166,169,168,166,600,2
169,168,166,161,160,158,169,168,166,176,175,173,638,2
169,168,166,176,175,173,169,168,166,163,162,160,519,1
169,168,166,169,168,166,170,169,167,169,168,166,513,1
169,168,166,176,175,173,169,168,166,172,171,169,558,2
169,168,166,161,160,158,169,168,166,176,175,173,935,2
169,168,166,176,175,173,169,168,166,170,169,167,656,2
176,175,173,169,168,166,161,160,158,169,168,166,254,2
176,175,173,169,168,166,175,174,172,169,168,166,395,1
169,168,166,161,160,158,169,168,166,161,160,158,199,1
161,160,158,169,168,166,172,171,169,169,168,166,833,1
169,168,166,161,160,158,169,168,166,167,166,164,269,1
169,168,166,176,175,173,169,168,166,169,168,166,754,2
169,168,166,169,168,166,166,165,163,169,168,166,675,2
169,168,166,161,160,158,169,168,166,163,162,160,101,1
169,168,166,176,175,173,169,168,166,172,171,169,195,2
169,168,166,169,168,166,176,175,173,169,168,166,220,1
169,168,166,169,168,166,170,169,167,169,168,166,843,1
169,168,166,169,168,166,169,168,166,169,168,166,578,1
161,160,158,169,168,166,172,171,169,169,168,166,305,1
169,168,166,169,168,166,167,166,164,169,168,166,181,2
169,168,166,176,175,173,169,168,166,175,174,172,32,2
169,168,166,176,175,173,169,168,166,175,174,172,296,2
169,168,166,176,175,173,169,168,166,169,168,166,820,2
169,168,166,169,168,166,161,160,158,169,168,166,870,2
176,175,173,169,168,166,173,172,170,169,168,166,955,1
161,160,158,169,168,166,163,162,160,169,168,166,926,2
169,168,166,169,168,166,172,171,169,169,168,166,547,1
169,168,166,176,175,173,169,168,166,172,171,169,63,2
169,168,166,169,168,166,164,163,161,169,168,166,740,2
176,175,173,169,168,166,170,169,167,169,168,166,458,1
176,175,173,169,168,166,176,175,173,169,168,166,990,1
169,168,166,169,168,166,173,172,170,169,168,166,944,1
169,168,166,169,168,166,172,171,169,169,168,166,118,1
169,168,166,161,160,158,169,168,166,176,175,173,671,2
169,168,166,169,168,166,172,171,169,169,168,166,217,1
161,160,158,169,168,166,175,174,172,169,168,166,868,1
176,175,173,169,168,166,169,168,166,169,168,166,655,1
169,168,166,176,175,173,169,168,166,176,175,173,660,2
161,160,158,169,168,166,172,171,169,169,168,166,437,1
169,168,166,161,160,158,169,168,166,176,175,173,176,2
169,168,166,161,160,158,169,168,166,167,166,164,797,1
169,168,166,176,175,173,169,168,166,172,171,169,756,2
169,168,166,169,168,166,169,168,166,172,171,169,778,2
169,168,166,161,160,158,169,168,166,166,165,163,565,1
169,168,166,161,160,158,169,168,166,164,163,161,564,1
169,168,166,161,160,158,169,168,166,175,174,172,769,2
169,168,166,169,168,166,175,174,172,169,168,166,516,1
161,160,158,169,168,166,175,174,172,169,168,166,637,1
169,168,166,161,160,158,169,168,166,163,162,160,827,1
176,175,173,169,168,166,175,174,172,169,168,166,164,1
169,168,166,169,168,166,169,168,166,169,168,166,941,1
169,168,166,169,168,166,172,171,169,169,168,166,481,1
169,168,166,176,175,173,169,168,166,176,175,173,297,2
169,168,166,169,168,166,169,168,166,172,171,169,184,2
169,168,166,169,168,166,169,168,166,176,175,173,748,2
169,168,166,176,175,173,169,168,166,161,160,158,122,1
161,160,158,169,168,166,161,160,158,169,168,166,67,2
176,175,173,169,168,166,161,160,158,169,168,166,155,2
176,175,173,169,168,166,173,172,170,169,168,166,196,1
169,168,166,176,175,173,169,168,166,175,174,172,956,2
169,168,166,169,168,166,169,168,166,175,174,172,120,2
169,168,166,176,175,173,169,168,166,163,162,160,156,1
169,168,166,176,175,173,169,168,166,163,162,160,783,1
169,168,166,169,168,166,170,169,167,169,168,166,744,1
169,168,166,161,160,158,169,168,166,161,160,158,760,1
161,160,158,169,168,166,170,169,167,169,168,166,898,1
169,168,166,169,168,166,172,171,169,169,168,166,943,1
176,175,173,169,168,166,164,163,161,169,168,166,322,2
176,175,173,169,168,166,172,171,169,169,168,166,822,1
169,168,166,169,168,166,169,168,166,169,168,166,413,1
176,175,173,169,168,166,166,165,163,169,168,166,125,2
169,168,166,161,160,158,169,168,166,166,165,163,103,1
169,168,166,176,175,173,169,168,166,169,168,166,259,2
169,168,166,169,168,166,173,172,170,169,168,166,350,1
169,168,166,169,168,166,169,168,166,161,160,158,837,1
169,168,166,176,175,173,169,168,166,166,165,163,653,1
161,160,158,169,168,166,173,172,170,169,168,166,438,1
169,168,166,161,160,158,169,168,166,164,163,161,135,1
169,168,166,161,160,158,169,168,166,173,172,170,75,2
176,175,173,169,168,166,176,175,173,169,168,166,33,1
169,168,166,169,168,166,169,168,166,169,168,166,776,2
169,168,166,169,168,166,169,168,166,166,165,163,114,1
169,168,166,169,168,166,164,163,161,169,168,166,443,2
169,168,166,161,160,158,169,168,166,161,160,158,34,1
169,168,166,176,175,173,169,168,166,161,160,158,749,1
169,168,166,161,160,158,169,168,166,164,163,161,597,1
169,168,166,169,168,166,169,168,166,163,162,160,607,1
169,168,166,169,168,166,167,166,164,169,168,166,445,2
161,160,158,169,168,166,173,172,170,169,168,166,801,1
169,168,166,169,168,166,176,175,173,169,168,166,880,1
161,160,158,169,168,166,164,163,161,169,168,166,465,2
161,160,158,169,168,166,166,165,163,169,168,166,37,2
169,168,166,161,160,158,169,168,166,170,169,167,370,2
161,160,158,169,168,166,161,160,158,169,168,166,793,2
169,168,166,176,175,173,169,168,166,161,160,158,683,1
169,168,166,169,168,166,169,168,166,163,162,160,376,1
169,168,166,169,168,166,169,168,166,170,169,167,975,2
169,168,166,176,175,173,169,168,166,164,163,161,25,1
169,168,166,161,160,158,169,168,166,163,162,160,596,1
169,168,166,169,168,166,169,168,166,173,172,170,845,2
169,168,166,176,175,173,169,168,166,176,175,173,66,2
169,168,166,169,168,166,169,168,166,169,168,166,842,1
169,168,166,176,175,173,169,168,166,173,172,170,592,2
176,175,173,169,168,166,172,171,169,169,168,166,888,1
169,168,166,161,160,158,169,168,166,161,160,158,661,1
169,168,166,161,160,158,169,168,166,173,172,170,537,2
176,175,173,169,168,166,167,166,164,169,168,166,126,2
176,175,173,169,168,166,176,175,173,169,168,166,561,1
176,175,173,169,168,166,172,171,169,169,168,166,162,1
169,168,166,169,168,166,167,166,164,169,168,166,346,2
169,168,166,161,160,158,169,168,166,172,171,169,635,2
176,175,173,169,168,166,172,171,169,169,168,166,954,1
169,168,166,169,168,166,169,168,166,170,169,167,777,2
176,175,173,169,168,166,172,171,169,169,168,166,393,1
169,168,166,169,168,166,169,168,166,172,171,169,712,2
169,168,166,169,168,166,169,168,166,170,169,167,546,2
169,168,166,169,168,166,170,169,167,169,168,166,414,1
176,175,173,169,168,166,166,165,163,169,168,166,389,2
169,168,166,176,175,173,169,168,166,173,172,170,427,2
169,168,166,169,168,166,176,175,173,169,168,166,385,1
161,160,158,169,168,166,163,162,160,169,168,166,530,2
169,168,166,176,175,173,169,168,166,167,166,164,621,1
169,168,166,169,168,166,169,168,166,167,166,164,973,1
176,175,173,169,168,166,167,166,164,169,168,166,951,2
169,168,166,161,160,158,169,168,166,175,174,172,274,2
169,168,166,169,168,166,169,168,166,173,172,170,86,2
169,168,166,169,168,166,166,165,163,169,168,166,345,2
169,168,166,161,160,158,169,168,166,163,162,160,893,1
169,168,166,176,175,173,169,168,166,166,165,163,158,1
169,168,166,176,175,173,169,168,166,167,166,164,720,1
169,168,166,169,168,166,173,172,170,169,168,166,383,1
169,168,166,176,175,173,169,168,166,172,171,169,723,2
176,175,173,169,168,166,166,165,163,169,168,166,59,2
169,168,166,176,175,173,169,168,166,173,172,170,658,2
176,175,173,169,168,166,164,163,161,169,168,166,982,2
169,168,166,161,160,158,169,168,166,167,166,164,632,1
169,168,166,169,168,166,175,174,172,169,168,166,384,1
169,168,166,169,168,166,170,169,167,169,168,166,315,1
176,175,173,169,168,166,164,163,161,169,168,166,157,2
169,168,166,176,175,173,169,168,166,173,172,170,460,2
169,168,166,161,160,158,169,168,166,161,160,158,166,1
169,168,166,176,175,173,169,168,166,170,169,167,854,2
169,168,166,161,160,158,169,168,166,163,162,160,728,1
169,168,166,176,175,173,169,168,166,170,169,167,524,2
169,168,166,161,160,158,169,168,166,172,171,169,767,2
169,168,166,169,168,166,169,168,166,175,174,172,879,2
161,160,158,169,168,166,164,163,161,169,168,166,828,2
169,168,166,176,175,173,169,168,166,175,174,172,98,2
169,168,166,169,168,166,170,169,167,169,168,166,51,1
169,168,166,169,168,166,169,168,166,164,163,161,839,1
176,175,173,169,168,166,170,169,167,169,168,166,326,1
169,168,166,161,160,158,169,168,166,173,172,170,570,2
169,168,166,176,175,173,169,168,166,176,175,173,165,2
169,168,166,176,175,173,169,168,166,175,174,172,758,2
169,168,166,161,160,158,169,168,166,175,174,172,43,2
176,175,173,169,168,166,169,168,166,169,168,166,292,1
169,168,166,176,175,173,169,168,166,161,160,158,518,1
169,168,166,161,160,158,169,168,166,161,160,158,265,1
161,160,158,169,168,166,173,172,170,169,168,166,42,1
169,168,166,169,168,166,169,168,166,173,172,170,614,2
169,168,166,176,175,173,169,168,166,167,166,164,93,1
169,168,166,169,168,166,169,168,166,166,165,163,81,1
169,168,166,169,168,166,169,168,166,161,160,158,969,1
169,168,166,169,168,166,176,175,173,169,168,166,88,1
176,175,173,169,168,166,170,169,167,169,168,166,260,1
176,175,173,169,168,166,167,166,164,169,168,166,225,2
169,168,166,161,160,158,169,168,166,166,165,163,730,1
169,168,166,176,175,173,169,168,166,166,165,163,521,1
169,168,166,176,175,173,169,168,166,161,160,158,881,1
169,168,166,169,168,166,163,162,160,169,168,166,640,2
169,168,166,161,160,158,169,168,166,163,162,160,299,1
176,175,173,169,168,166,175,174,172,169,168,166,692,1
176,175,173,169,168,166,176,175,173,169,168,166,924,1
169,168,166,176,175,173,169,168,166,172,171,169,525,2
169,168,166,161,160,158,169,168,166,175,174,172,208,2
161,160,158,169,168,166,176,175,173,169,168,166,143,1
169,168,166,169,168,166,169,168,166,166,165,163,840,1
169,168,166,161,160,158,169,168,166,173,172,170,735,2
161,160,158,169,168,166,161,160,158,169,168,166,826,2
161,160,158,169,168,166,169,168,166,169,168,166,930,1
169,168,166,169,168,166,166,165,163,169,168,166,147,2
161,160,158,169,168,166,167,166,164,169,168,166,830,2
169,168,166,169,168,166,169,168,166,169,168,166,875,2
169,168,166,161,160,158,169,168,166,172,171,169,734,2
169,168,166,161,160,158,169,168,166,164,163,161,498,1
169,168,166,161,160,158,169,168,166,169,168,166,171,2
169,168,166,169,168,166,169,168,166,176,175,173,484,2
169,168,166,161,160,158,169,168,166,175,174,172,571,2
161,160,158,169,168,166,167,166,164,169,168,166,104,2
169,168,166,176,175,173,169,168,166,164,163,161,223,1
161,160,158,169,168,166,163,162,160,169,168,166,398,2
176,175,173,169,168,166,166,165,163,169,168,166,356,2
169,168,166,161,160,158,169,168,166,176,175,173,473,2
169,168,166,176,175,173,169,168,166,161,160,158,23,1
169,168,166,169,168,166,164,163,161,169,168,166,542,2
169,168,166,169,168,166,169,168,166,169,168,166,83,2
169,168,166,161,160,158,169,168,166,163,162,160,266,1
176,175,173,169,168,166,163,162,160,169,168,166,354,2
169,168,166,176,175,173,169,168,166,164,163,161,685,1
176,175,173,169,168,166,172,171,169,169,168,166,30,1
169,168,166,161,160,158,169,168,166,166,165,163,169,1
169,168,166,169,168,166,170,169,167,169,168,166,645,1
176,175,173,169,168,166,176,175,173,169,168,166,462,1
169,168,166,169,168,166,161,160,158,169,168,166,243,2
169,168,166,169,168,166,164,163,161,169,168,166,80,2
169,168,166,161,160,158,169,168,166,166,165,163,598,1
169,168,166,176,175,173,169,168,166,173,172,170,262,2
161,160,158,169,168,166,172,171,169,169,168,166,8,1
169,168,166,169,168,166,176,175,173,169,168,166,121,1
176,175,173,169,168,166,172,171,169,169,168,166,492,1
169,168,166,161,160,158,169,168,166,164,163,161,234,1
169,168,166,169,168,166,172,171,169,169,168,166,976,1
161,160,158,169,168,166,176,175,173,169,168,166,341,1
169,168,166,161,160,158,169,168,166,169,168,166,699,2
161,160,158,169,168,166,163,162,160,169,168,166,464,2
176,175,173,169,168,166,173,172,170,169,168,166,559,1
169,168,166,161,160,158,169,168,166,173,172,170,471,2
169,168,166,169,168,166,169,168,166,163,162,160,904,1
169,168,166,169,168,166,175,174,172,169,168,166,54,1
161,160,158,169,168,166,173,172,170,169,168,166,834,1
169,168,166,169,168,166,163,162,160,169,168,166,772,2
176,175,173,169,168,166,164,163,161,169,168,166,124,2
169,168,166,176,175,173,169,168,166,167,166,164,357,1
169,168,166,176,175,173,169,168,166,163,162,160,750,1
169,168,166,169,168,166,163,162,160,169,168,166,541,2
169,168,166,176,175,173,169,168,166,166,165,163,554,1
169,168,166,169,168,166,176,175,173,169,168,166,649,1
176,175,173,169,168,166,176,175,173,169,168,166,792,1
169,168,166,161,160,158,169,168,166,172,171,169,602,2
169,168,166,169,168,166,169,168,166,176,175,173,517,2
169,168,166,169,168,166,169,168,166,176,175,173,847,2
161,160,158,169,168,166,164,163,161,169,168,166,927,2
161,160,158,169,168,166,169,168,166,169,168,166,138,1
176,175,173,169,168,166,169,168,166,169,168,166,127,1
169,168,166,161,160,158,169,168,166,175,174,172,10,2
161,160,158,169,168,166,167,166,164,169,168,166,203,2
161,160,158,169,168,166,163,162,160,169,168,166,233,2
169,168,166,176,175,173,169,168,166,170,169,167,821,2
176,175,173,169,168,166,175,174,172,169,168,166,461,1
169,168,166,169,168,166,161,160,158,169,168,166,903,2
169,168,166,176,175,173,169,168,166,167,166,164,60,1
169,168,166,176,175,173,169,168,166,166,165,163,587,1
169,168,166,176,175,173,169,168,166,175,174,172,494,2
169,168,166,169,168,166,167,166,164,169,168,166,676,2
161,160,158,169,168,166,161,160,158,169,168,166,925,2
169,168,166,169,168,166,175,174,172,169,168,166,615,1
169,168,166,169,168,166,169,168,166,173,172,170,218,2
169,168,166,176,175,173,169,168,166,163,162,160,552,1
176,175,173,169,168,166,164,163,161,169,168,166,190,2
161,160,158,169,168,166,176,175,173,169,168,166,374,1
169,168,166,169,168,166,167,166,164,169,168,166,49,2
176,175,173,169,168,166,164,163,161,169,168,166,388,2
169,168,166,169,168,166,169,168,166,161,160,158,573,1
169,168,166,176,175,173,169,168,166,163,162,160,453,1
169,168,166,176,175,173,169,168,166,176,175,173,198,2
169,168,166,169,168,166,169,168,166,172,171,169,448,2
169,168,166,161,160,158,169,168,166,176,175,173,737,2
161,160,158,169,168,166,167,166,164,169,168,166,401,2
169,168,166,169,168,166,166,165,163,169,168,166,510,2
169,168,166,161,160,158,169,168,166,164,163,161,69,1
169,168,166,169,168,166,167,166,164,169,168,166,544,2
169,168,166,169,168,166,169,168,166,166,165,163,213,1
161,160,158,169,168,166,175,174,172,169,168,166,901,1
169,168,166,169,168,166,167,166,164,169,168,166,16,2
169,168,166,169,168,166,169,168,166,175,174,172,417,2
176,175,173,169,168,166,166,165,163,169,168,166,488,2
176,175,173,169,168,166,173,172,170,169,168,166,394,1
169,168,166,176,175,173,169,168,166,175,174,172,725,2
169,168,166,161,160,158,169,168,166,161,160,158,628,1
176,175,173,169,168,166,166,165,163,169,168,166,983,2
169,168,166,176,175,173,169,168,166,175,174,172,560,2
169,168,166,169,168,166,169,168,166,164,163,161,410,1
169,168,166,169,168,166,169,168,166,169,168,166,644,2
169,168,166,176,175,173,169,168,166,172,171,169,459,2
161,160,158,169,168,166,169,168,166,169,168,166,534,1
169,168,166,161,160,158,169,168,166,172,171,169,272,2
169,168,166,169,168,166,161,160,158,169,168,166,276,2
169,168,166,161,160,158,169,168,166,167,166,164,368,1
169,168,166,169,168,166,169,168,166,163,162,160,277,1
169,168,166,169,168,166,169,168,166,175,174,172,87,2
161,160,158,169,168,166,164,163,161,169,168,166,630,2
161,160,158,169,168,166,167,166,164,169,168,166,731,2
161,160,158,169,168,166,164,163,161,169,168,166,36,2
176,175,173,169,168,166,172,171,169,169,168,166,855,1
161,160,158,169,168,166,163,162,160,169,168,166,332,2
169,168,166,169,168,166,169,168,166,176,175,173,913,2
169,168,166,161,160,158,169,168,166,169,168,166,204,2
169,168,166,176,175,173,169,168,166,176,175,173,132,2
169,168,166,176,175,173,169,168,166,169,168,166,160,2
169,168,166,161,160,158,169,168,166,170,169,167,304,2
169,168,166,176,175,173,169,168,166,173,172,170,361,2
169,168,166,161,160,158,169,168,166,175,174,172,439,2
169,168,166,169,168,166,169,168,166,172,171,169,613,2
169,168,166,169,168,166,169,168,166,173,172,170,713,2
161,160,158,169,168,166,172,171,169,169,168,166,800,1
161,160,158,169,168,166,163,162,160,169,168,166,2,2
176,175,173,169,168,166,169,168,166,169,168,166,193,1
169,168,166,161,160,158,169,168,166,163,162,160,959,1
169,168,166,169,168,166,164,163,161,169,168,166,344,2
176,175,173,169,168,166,169,168,166,169,168,166,358,1
176,175,173,169,168,166,175,174,172,169,168,166,824,1
169,168,166,161,160,158,169,168,166,167,166,164,533,1
169,168,166,161,160,158,169,168,166,176,175,173,572,2
161,160,158,169,168,166,172,171,169,169,168,166,470,1
169,168,166,161,160,158,169,168,166,170,169,167,7,2
169,168,166,176,175,173,169,168,166,173,172,170,790,2
176,175,173,169,168,166,176,175,173,169,168,166,693,1
169,168,166,169,168,166,169,168,166,175,174,172,747,2
176,175,173,169,168,166,164,163,161,169,168,166,652,2
161,160,158,169,168,166,175,174,172,169,168,166,670,1
169,168,166,176,175,173,169,168,166,176,175,173,627,2
169,168,166,169,168,166,169,168,166,167,166,164,577,1
169,168,166,176,175,173,169,168,166,163,162,160,651,1
169,168,166,169,168,166,169,168,166,176,175,173,616,2
176,175,173,169,168,166,161,160,158,169,168,166,386,2
169,168,166,176,175,173,169,168,166,164,163,161,355,1
176,175,173,169,168,166,167,166,164,169,168,166,555,2
176,175,173,169,168,166,163,162,160,169,168,166,816,2
169,168,166,169,168,166,169,168,166,172,171,169,646,2
169,168,166,176,175,173,169,168,166,173,172,170,856,2
176,175,173,169,168,166,163,162,160,169,168,166,981,2
161,160,158,169,168,166,172,171,169,169,168,166,899,1
169,168,166,169,168,166,169,168,166,175,174,172,582,2
176,175,173,169,168,166,161,160,158,169,168,166,617,2
169,168,166,161,160,158,169,168,166,163,162,160,761,1
176,175,173,169,168,166,175,174,172,169,168,166,65,1
169,168,166,169,168,166,169,168,166,173,172,170,482,2
169,168,166,176,175,173,169,168,166,172,171,169,327,2
161,160,158,169,168,166,173,172,170,169,168,166,9,1
176,175,173,169,168,166,167,166,164,169,168,166,885,2
169,168,166,169,168,166,163,162,160,169,168,166,442,2
169,168,166,169,168,166,169,168,166,175,174,172,912,2
169,168,166,161,160,158,169,168,166,170,169,167,172,2
169,168,166,169,168,166,169,168,166,175,174,172,681,2
176,175,173,169,168,166,170,169,167,169,168,166,359,1
161,160,158,169,168,166,173,172,170,169,168,166,339,1
169,168,166,169,168,166,169,168,166,170,169,167,381,2
169,168,166,161,160,158,169,168,166,175,174,172,76,2
169,168,166,169,168,166,163,162,160,169,168,166,970,2
176,175,173,169,168,166,163,162,160,169,168,166,420,2
169,168,166,176,175,173,169,168,166,167,166,164,423,1
161,160,158,169,168,166,169,168,166,169,168,166,567,1
169,168,166,176,175,173,169,168,166,167,166,164,984,1
169,168,166,169,168,166,169,168,166,163,162,160,178,1
169,168,166,169,168,166,166,165,163,169,168,166,939,2
176,175,173,169,168,166,163,162,160,169,168,166,849,2
176,175,173,169,168,166,161,160,158,169,168,166,584,2
169,168,166,169,168,166,176,175,173,169,168,166,682,1
169,168,166,169,168,166,169,168,166,167,166,164,115,1
169,168,166,176,175,173,169,168,166,172,171,169,591,2
169,168,166,169,168,166,166,165,163,169,168,166,48,2
169,168,166,161,160,158,169,168,166,163,162,160,695,1
169,168,166,161,160,158,169,168,166,167,166,164,896,1
169,168,166,169,168,166,169,168,166,164,163,161,806,1
169,168,166,169,168,166,163,162,160,169,168,166,739,2
176,175,173,169,168,166,166,165,163,169,168,166,257,2
169,168,166,161,160,158,169,168,166,173,172,170,966,2
169,168,166,169,168,166,169,168,166,161,160,158,309,1
161,160,158,169,168,166,170,169,167,169,168,166,535,1
169,168,166,169,168,166,169,168,166,170,169,167,183,2
169,168,166,161,160,158,169,168,166,161,160,158,298,1
176,175,173,169,168,166,176,175,173,169,168,166,495,1
176,175,173,169,168,166,170,169,167,169,168,166,293,1
169,168,166,176,175,173,169,168,166,161,160,158,221,1
161,160,158,169,168,166,167,166,164,169,168,166,566,2
169,168,166,161,160,158,169,168,166,173,172,170,636,2
169,168,166,169,168,166,161,160,158,169,168,166,210,2
169,168,166,169,168,166,169,168,166,161,160,158,804,1
176,175,173,169,168,166,176,175,173,169,168,166,429,1
169,168,166,169,168,166,169,168,166,167,166,164,148,1
169,168,166,169,168,166,172,171,169,169,168,166,679,1
176,175,173,169,168,166,172,171,169,169,168,166,690,1
169,168,166,176,175,173,169,168,166,161,160,158,782,1
176,175,173,169,168,166,175,174,172,169,168,166,593,1
169,168,166,176,175,173,169,168,166,169,168,166,226,2
169,168,166,161,160,158,169,168,166,164,163,161,366,1
176,175,173,169,168,166,170,169,167,169,168,166,392,1
169,168,166,161,160,158,169,168,166,175,174,172,406,2
169,168,166,169,168,166,169,168,166,172,171,169,415,2
169,168,166,161,160,158,169,168,166,170,169,167,238,2
176,175,173,169,168,166,166,165,163,169,168,166,950,2
169,168,166,161,160,158,169,168,166,170,169,167,766,2
169,168,166,169,168,166,169,168,166,176,175,173,319,2
176,175,173,169,168,166,170,169,167,169,168,166,590,1
169,168,166,169,168,166,169,168,166,173,172,170,251,2
176,175,173,169,168,166,175,174,172,169,168,166,197,1
176,175,173,169,168,166,170,169,167,169,168,166,887,1
176,175,173,169,168,166,169,168,166,169,168,166,886,1
161,160,158,169,168,166,161,160,158,169,168,166,562,2
169,168,166,176,175,173,169,168,166,166,165,163,191,1
161,160,158,169,168,166,170,169,167,169,168,166,964,1
169,168,166,161,160,158,169,168,166,175,174,172,175,2
161,160,158,169,168,166,172,171,169,169,168,166,569,1
169,168,166,169,168,166,170,169,167,169,168,166,612,1
161,160,158,169,168,166,163,162,160,169,168,166,794,2
176,175,173,169,168,166,176,175,173,169,168,166,594,1
169,168,166,169,168,166,161,160,158,169,168,166,639,2
169,168,166,161,160,158,169,168,166,161,160,158,1,1
161,160,158,169,168,166,170,169,167,169,168,166,337,1
169,168,166,169,168,166,173,172,170,169,168,166,416,1
169,168,166,169,168,166,169,168,166,161,160,158,144,1
169,168,166,161,160,158,169,168,166,161,160,158,100,1
169,168,166,176,175,173,169,168,166,164,163,161,553,1
161,160,158,169,168,166,169,168,166,169,168,166,6,1
169,168,166,161,160,158,169,168,166,163,162,160,860,1
169,168,166,161,160,158,169,168,166,166,165,163,796,1
169,168,166,169,168,166,161,160,158,169,168,166,771,2
169,168,166,161,160,158,169,168,166,175,174,172,109,2
161,160,158,169,168,166,164,163,161,169,168,166,531,2
169,168,166,169,168,166,169,168,166,170,169,167,579,2
169,168,166,161,160,158,169,168,166,161,160,158,595,1
169,168,166,169,168,166,169,168,166,161,160,158,408,1
176,175,173,169,168,166,172,171,169,169,168,166,789,1
161,160,158,169,168,166,170,169,167,169,168,166,865,1
169,168,166,169,168,166,166,165,163,169,168,166,774,2
169,168,166,169,168,166,169,168,166,173,172,170,977,2
161,160,158,169,168,166,163,162,160,169,168,166,68,2
169,168,166,169,168,166,169,168,166,176,175,173,352,2
169,168,166,176,175,173,169,168,166,176,175,173,825,2
169,168,166,169,168,166,167,166,164,169,168,166,280,2
169,168,166,169,168,166,166,165,163,169,168,166,180,2
169,168,166,176,175,173,169,168,166,173,172,170,31,2
169,168,166,176,175,173,169,168,166,173,172,170,889,2
176,175,173,169,168,166,176,175,173,169,168,166,231,1
169,168,166,169,168,166,169,168,166,169,168,166,215,1
161,160,158,169,168,166,175,174,172,169,168,166,835,1
169,168,166,176,175,173,169,168,166,172,171,169,921,2
169,168,166,161,160,158,169,168,166,176,175,173,77,2
169,168,166,176,175,173,169,168,166,169,168,166,985,2
161,160,158,169,168,166,176,175,173,169,168,166,902,1
169,168,166,169,168,166,169,168,166,172,171,169,151,2
176,175,173,169,168,166,166,165,163,169,168,166,686,2
161,160,158,169,168,166,167,166,164,169,168,166,236,2
176,175,173,169,168,166,163,162,160,169,168,166,288,2
169,168,166,169,168,166,169,168,166,169,168,166,149,2
176,175,173,169,168,166,167,166,164,169,168,166,258,2
169,168,166,176,175,173,169,168,166,163,162,160,618,1
169,168,166,169,168,166,164,163,161,169,168,166,971,2
161,160,158,169,168,166,172,171,169,169,168,166,74,1
169,168,166,169,168,166,164,163,161,169,168,166,245,2
169,168,166,161,160,158,169,168,166,173,172,170,273,2
169,168,166,161,160,158,169,168,166,166,165,163,400,1
169,168,166,169,168,166,172,171,169,169,168,166,910,1
161,160,158,169,168,166,176,175,173,169,168,166,506,1
169,168,166,169,168,166,167,166,164,169,168,166,379,2
169,168,166,169,168,166,161,160,158,169,168,166,375,2
169,168,166,169,168,166,169,168,166,164,163,161,377,1
169,168,166,169,168,166,175,174,172,169,168,166,549,1
161,160,158,169,168,166,169,168,166,169,168,166,831,1
169,168,166,169,168,166,173,172,170,169,168,166,746,1
161,160,158,169,168,166,176,175,173,169,168,166,770,1
169,168,166,161,160,158,169,168,166,170,169,167,832,2
169,168,166,161,160,158,169,168,166,173,172,170,702,2
169,168,166,176,175,173,169,168,166,175,174,172,791,2
169,168,166,169,168,166,169,168,166,173,172,170,284,2
169,168,166,176,175,173,169,168,166,163,162,160,486,1
169,168,166,161,160,158,169,168,166,173,172,170,174,2
169,168,166,176,175,173,169,168,166,169,168,166,622,2
176,175,173,169,168,166,169,168,166,169,168,166,325,1
161,160,158,169,168,166,166,165,163,169,168,166,631,2
169,168,166,161,160,158,169,168,166,166,165,163,334,1
169,168,166,169,168,166,163,162,160,169,168,166,508,2
176,175,173,169,168,166,167,166,164,169,168,166,324,2
161,160,158,169,168,166,175,174,172,169,168,166,142,1
161,160,158,169,168,166,166,165,163,169,168,166,928,2
169,168,166,169,168,166,172,171,169,169,168,166,844,1
169,168,166,169,168,166,169,168,166,176,175,173,715,2
169,168,166,169,168,166,169,168,166,163,162,160,673,1
169,168,166,169,168,166,170,169,167,169,168,166,678,1
169,168,166,169,168,166,161,160,158,169,168,166,177,2
169,168,166,176,175,173,169,168,166,167,166,164,852,1
161,160,158,169,168,166,166,165,163,169,168,166,268,2
161,160,158,169,168,166,169,168,166,169,168,166,963,1
169,168,166,169,168,166,173,172,170,169,168,166,581,1
161,160,158,169,168,166,170,169,167,169,168,166,205,1
161,160,158,169,168,166,176,175,173,169,168,166,242,1
169,168,166,169,168,166,169,168,166,161,160,158,342,1
169,168,166,169,168,166,163,162,160,169,168,166,211,2
176,175,173,169,168,166,169,168,166,169,168,166,589,1
176,175,173,169,168,166,161,160,158,169,168,166,716,2
169,168,166,176,175,173,169,168,166,164,163,161,256,1
161,160,158,169,168,166,164,163,161,169,168,166,696,2
176,175,173,169,168,166,164,163,161,169,168,166,751,2
161,160,158,169,168,166,169,168,166,169,168,166,402,1
161,160,158,169,168,166,173,172,170,169,168,166,669,1
169,168,166,169,168,166,169,168,166,169,168,166,380,2
176,175,173,169,168,166,161,160,158,169,168,166,89,2
169,168,166,169,168,166,169,168,166,169,168,166,545,2
161,160,158,169,168,166,170,169,167,169,168,166,106,1
169,168,166,169,168,166,169,168,166,163,162,160,343,1
169,168,166,169,168,166,169,168,166,172,171,169,349,2
176,175,173,169,168,166,164,163,161,169,168,166,784,2
161,160,158,169,168,166,176,175,173,169,168,166,539,1
161,160,158,169,168,166,175,174,172,169,168,166,307,1
176,175,173,169,168,166,169,168,166,169,168,166,391,1
169,168,166,176,175,173,169,168,166,164,163,161,949,1
169,168,166,169,168,166,169,168,166,175,174,172,318,2
176,175,173,169,168,166,176,175,173,169,168,166,528,1
161,160,158,169,168,166,169,168,166,169,168,166,765,1
169,168,166,176,175,173,169,168,166,172,171,169,261,2
176,175,173,169,168,166,170,169,167,169,168,166,194,1
169,168,166,169,168,166,175,174,172,169,168,166,153,1
169,168,166,161,160,158,169,168,166,161,160,158,496,1
169,168,166,169,168,166,169,168,166,169,168,166,908,1
176,175,173,169,168,166,166,165,163,169,168,166,851,2
169,168,166,161,160,158,169,168,166,164,163,161,267,1
176,175,173,169,168,166,163,162,160,169,168,166,585,2
169,168,166,169,168,166,170,169,167,169,168,166,876,1
169,168,166,169,168,166,175,174,172,169,168,166,285,1
169,168,166,161,160,158,169,168,166,172,171,169,41,2
161,160,158,169,168,166,166,165,163,169,168,166,136,2
169,168,166,169,168,166,169,168,166,172,171,169,19,2
176,175,173,169,168,166,170,169,167,169,168,166,788,1
176,175,173,169,168,166,173,172,170,169,168,166,64,1
169,168,166,176,175,173,169,168,166,172,171,169,360,2
169,168,166,161,160,158,169,168,166,173,172,170,900,2
169,168,166,169,168,166,175,174,172,169,168,166,450,1
169,168,166,169,168,166,169,168,166,163,162,160,838,1
169,168,166,176,175,173,169,168,166,170,169,167,95,2
169,168,166,176,175,173,169,168,166,164,163,161,619,1
169,168,166,161,160,158,169,168,166,170,169,167,700,2
169,168,166,169,168,166,169,168,166,170,169,167,117,2
169,168,166,161,160,158,169,168,166,161,160,158,397,1
176,175,173,169,168,166,161,160,158,169,168,166,188,2
161,160,158,169,168,166,163,162,160,169,168,166,563,2
169,168,166,176,175,173,169,168,166,166,165,163,224,1
169,168,166,169,168,166,170,169,167,169,168,166,447,1
169,168,166,169,168,166,164,163,161,169,168,166,905,2
169,168,166,176,175,173,169,168,166,176,175,173,759,2
161,160,158,169,168,166,161,160,158,169,168,166,727,2
169,168,166,169,168,166,164,163,161,169,168,166,608,2
169,168,166,161,160,158,169,168,166,166,165,163,466,1
169,168,166,161,160,158,169,168,166,166,165,163,4,1
169,168,166,169,168,166,163,162,160,169,168,166,310,2
169,168,166,169,168,166,169,168,166,175,174,172,219,2
176,175,173,169,168,166,170,169,167,169,168,166,62,1
169,168,166,169,168,166,169,168,166,163,162,160,145,1
169,168,166,176,175,173,169,168,166,175,174,172,527,2
169,168,166,161,160,158,169,168,166,161,160,158,232,1
169,168,166,176,175,173,169,168,166,161,160,158,914,1
169,168,166,169,168,166,169,168,166,176,175,173,979,2
161,160,158,169,168,166,163,162,160,169,168,166,200,2
161,160,158,169,168,166,164,163,161,169,168,166,102,2
176,175,173,169,168,166,163,162,160,169,168,166,90,2
169,168,166,176,175,173,169,168,166,170,169,167,755,2
169,168,166,169,168,166,169,168,166,175,174,172,846,2
169,168,166,161,160,158,169,168,166,164,163,161,300,1
169,168,166,161,160,158,169,168,166,161,160,158,331,1
161,160,158,169,168,166,167,166,164,169,168,166,38,2
169,168,166,169,168,166,169,168,166,163,162,160,244,1
169,168,166,169,168,166,169,168,166,163,162,160,475,1
169,168,166,161,160,158,169,168,166,164,163,161,861,1
169,168,166,161,160,158,169,168,166,167,166,164,929,1
169,168,166,161,160,158,169,168,166,163,162,160,167,1
169,168,166,176,175,173,169,168,166,161,160,158,980,1
176,175,173,169,168,166,161,160,158,169,168,166,56,2
169,168,166,176,175,173,169,168,166,173,172,170,922,2
169,168,166,169,168,166,169,168,166,173,172,170,515,2
176,175,173,169,168,166,169,168,166,169,168,166,457,1
169,168,166,169,168,166,170,169,167,169,168,166,942,1
169,168,166,161,160,158,169,168,166,167,166,164,5,1
161,160,158,169,168,166,175,174,172,169,168,166,472,1
161,160,158,169,168,166,167,166,164,169,168,166,698,2
169,168,166,176,175,173,169,168,166,173,172,170,823,2
176,175,173,169,168,166,166,165,163,169,168,166,422,2
169,168,166,176,175,173,169,168,166,173,172,170,625,2
169,168,166,169,168,166,169,168,166,169,168,166,446,2
169,168,166,169,168,166,167,166,164,169,168,166,742,2
176,175,173,169,168,166,167,166,164,169,168,166,654,2
169,168,166,176,175,173,169,168,166,167,166,164,522,1
169,168,166,169,168,166,163,162,160,169,168,166,112,2
169,168,166,161,160,158,169,168,166,169,168,166,369,2
169,168,166,176,175,173,169,168,166,166,165,163,620,1
169,168,166,169,168,166,167,166,164,169,168,166,775,2
169,168,166,161,160,158,169,168,166,172,171,169,668,2
176,175,173,169,168,166,170,169,167,169,168,166,128,1
169,168,166,169,168,166,175,174,172,169,168,166,714,1
169,168,166,169,168,166,169,168,166,170,169,167,810,2
169,168,166,161,160,158,169,168,166,164,163,161,333,1
176,175,173,169,168,166,169,168,166,169,168,166,688,1
169,168,166,161,160,158,169,168,166,169,168,166,633,2
169,168,166,169,168,166,169,168,166,164,163,161,311,1
176,175,173,169,168,166,169,168,166,169,168,166,721,1
169,168,166,161,160,158,169,168,166,176,175,173,605,2
169,168,166,169,168,166,169,168,166,167,166,164,940,1
161,160,158,169,168,166,176,175,173,169,168,166,275,1
169,168,166,169,168,166,163,162,160,169,168,166,46,2
169,168,166,176,175,173,169,168,166,169,168,166,556,2
161,160,158,169,168,166,176,175,173,169,168,166,110,1
169,168,166,161,160,158,169,168,166,175,174,172,967,2
169,168,166,161,160,158,169,168,166,173,172,170,141,2
169,168,166,169,168,166,169,168,166,175,174,172,252,2
161,160,158,169,168,166,166,165,163,169,168,166,532,2
169,168,166,169,168,166,164,163,161,169,168,166,509,2
169,168,166,161,160,158,169,168,166,166,165,163,235,1
161,160,158,169,168,166,161,160,158,169,168,166,463,2
169,168,166,169,168,166,164,163,161,169,168,166,773,2
176,175,173,169,168,166,163,162,160,169,168,166,189,2
169,168,166,161,160,158,169,168,166,176,175,173,836,2
169,168,166,161,160,158,169,168,166,161,160,158,958,1
161,160,158,169,168,166,163,162,160,169,168,166,134,2
161,160,158,169,168,166,164,163,161,169,168,166,894,2
169,168,166,176,175,173,169,168,166,164,163,161,718,1
169,168,166,161,160,158,169,168,166,167,166,164,137,1
169,168,166,169,168,166,169,168,166,167,166,164,214,1
176,175,173,169,168,166,161,160,158,169,168,166,650,2
169,168,166,169,168,166,166,165,163,169,168,166,642,2
169,168,166,176,175,173,169,168,166,173,172,170,130,2
169,168,166,169,168,166,169,168,166,170,169,167,18,2
169,168,166,176,175,173,169,168,166,173,172,170,691,2
161,160,158,169,168,166,167,166,164,169,168,166,500,2
161,160,158,169,168,166,175,174,172,169,168,166,703,1
176,175,173,169,168,166,163,162,160,169,168,166,915,2
176,175,173,169,168,166,163,162,160,169,168,166,717,2
169,168,166,161,160,158,169,168,166,170,169,167,73,2
169,168,166,169,168,166,169,168,166,172,171,169,283,2
169,168,166,161,160,158,169,168,166,170,169,167,634,2
169,168,166,169,168,166,169,168,166,173,172,170,185,2
161,160,158,169,168,166,169,168,166,169,168,166,435,1
161,160,158,169,168,166,166,165,163,169,168,166,664,2
169,168,166,169,168,166,166,165,163,169,168,166,246,2
169,168,166,169,168,166,169,168,166,175,174,172,21,2
176,175,173,169,168,166,167,166,164,169,168,166,588,2
176,175,173,169,168,166,163,162,160,169,168,166,57,2
169,168,166,169,168,166,169,168,166,176,175,173,781,2
169,168,166,169,168,166,164,163,161,169,168,166,179,2
176,175,173,169,168,166,176,175,173,169,168,166,330,1
169,168,166,169,168,166,169,168,166,170,169,167,480,2
169,168,166,176,175,173,169,168,166,166,165,163,455,1
169,168,166,161,160,158,169,168,166,166,165,163,895,1
169,168,166,161,160,158,169,168,166,170,169,167,568,2
161,160,158,169,168,166,170,169,167,169,168,166,601,1
169,168,166,176,175,173,169,168,166,169,168,166,94,2
161,160,158,169,168,166,172,171,169,169,168,166,503,1
169,168,166,161,160,158,169,168,166,173,172,170,768,2
169,168,166,169,168,166,173,172,170,169,168,166,152,1
169,168,166,176,175,173,169,168,166,166,165,163,290,1
176,175,173,169,168,166,164,163,161,169,168,166,850,2
169,168,166,169,168,166,173,172,170,169,168,166,647,1
176,175,173,169,168,166,163,162,160,169,168,166,882,2
176,175,173,169,168,166,169,168,166,169,168,166,523,1
169,168,166,169,168,166,167,166,164,169,168,166,709,2
169,168,166,161,160,158,169,168,166,172,171,169,536,2
161,160,158,169,168,166,172,171,169,169,168,166,206,1
169,168,166,176,175,173,169,168,166,169,168,166,853,2
169,168,166,161,160,158,169,168,166,169,168,166,39,2
169,168,166,161,160,158,169,168,166,161,160,158,859,1
169,168,166,169,168,166,170,169,167,169,168,166,216,1
176,175,173,169,168,166,163,162,160,169,168,166,123,2
176,175,173,169,168,166,167,166,164,169,168,166,786,2
169,168,166,169,168,166,167,166,164,169,168,166,808,2
169,168,166,161,160,158,169,168,166,176,175,173,209,2
169,168,166,169,168,166,173,172,170,169,168,166,53,1
169,168,166,169,168,166,176,175,173,169,168,166,814,1
169,168,166,176,175,173,169,168,166,164,163,161,817,1
169,168,166,161,160,158,169,168,166,172,171,169,371,2
169,168,166,161,160,158,169,168,166,172,171,169,404,2
169,168,166,169,168,166,169,168,166,161,160,158,441,1
169,168,166,169,168,166,163,162,160,169,168,166,937,2
176,175,173,169,168,166,161,160,158,169,168,166,551,2
169,168,166,176,175,173,169,168,166,164,163,161,916,1
161,160,158,169,168,166,175,174,172,169,168,166,505,1
169,168,166,169,168,166,176,175,173,169,168,166,55,1
161,160,158,169,168,166,169,168,166,169,168,166,864,1
169,168,166,161,160,158,169,168,166,170,169,167,469,2
176,175,173,169,168,166,169,168,166,169,168,166,490,1
169,168,166,176,175,173,169,168,166,166,165,163,323,1
169,168,166,161,160,158,169,168,166,170,169,167,139,2
169,168,166,169,168,166,169,168,166,169,168,166,974,1
169,168,166,176,175,173,169,168,166,163,162,160,321,1
169,168,166,169,168,166,169,168,166,172,171,169,745,2
169,168,166,169,168,166,169,168,166,175,174,172,813,2
169,168,166,169,168,166,169,168,166,161,160,158,606,1
169,168,166,161,160,158,169,168,166,167,166,164,599,1
169,168,166,161,160,158,169,168,166,166,165,163,433,1
161,160,158,169,168,166,169,168,166,169,168,166,501,1
161,160,158,169,168,166,169,168,166,169,168,166,105,1
176,175,173,169,168,166,167,166,164,169,168,166,192,2
176,175,173,169,168,166,169,168,166,169,168,166,919,1
169,168,166,169,168,166,169,168,166,169,168,166,347,1
169,168,166,169,168,166,166,165,163,169,168,166,279,2
169,168,166,169,168,166,169,168,166,166,165,163,576,1
169,168,166,161,160,158,169,168,166,170,169,167,436,2
169,168,166,169,168,166,169,168,166,161,160,158,507,1
169,168,166,169,168,166,169,168,166,170,169,167,909,2
169,168,166,176,175,173,169,168,166,164,163,161,487,1
169,168,166,161,160,158,169,168,166,167,166,164,170,1
176,175,173,169,168,166,167,166,164,169,168,166,918,2
169,168,166,161,160,158,169,168,166,164,163,161,399,1
169,168,166,161,160,158,169,168,166,173,172,170,207,2
169,168,166,169,168,166,169,168,166,167,166,164,313,1
176,175,173,169,168,166,175,174,172,169,168,166,989,1
161,160,158,169,168,166,173,172,170,169,168,166,108,1
176,175,173,169,168,166,163,162,160,169,168,166,222,2
169,168,166,176,175,173,169,168,166,166,165,163,785,1
176,175,173,169,168,166,161,160,158,169,168,166,815,2
169,168,166,176,175,173,169,168,166,164,163,161,58,1
169,168,166,169,168,166,167,166,164,169,168,166,610,2
169,168,166,176,175,173,169,168,166,170,169,167,623,2
169,168,166,169,168,166,172,171,169,169,168,166,316,1
176,175,173,169,168,166,170,169,167,169,168,166,689,1
169,168,166,169,168,166,169,168,166,161,160,158,111,1
169,168,166,176,175,173,169,168,166,169,168,166,61,2
176,175,173,169,168,166,166,165,163,169,168,166,917,2
169,168,166,169,168,166,169,168,166,169,168,166,50,2
161,160,158,169,168,166,169,168,166,169,168,166,468,1
161,160,158,169,168,166,161,160,158,169,168,166,430,2
169,168,166,169,168,166,175,174,172,169,168,166,945,1
169,168,166,161,160,158,169,168,166,166,165,163,697,1
169,168,166,161,160,158,169,168,166,172,171,169,932,2
169,168,166,169,168,166,169,168,166,173,172,170,20,2
176,175,173,169,168,166,173,172,170,169,168,166,493,1
176,175,173,169,168,166,170,169,167,169,168,166,953,1
169,168,166,169,168,166,164,163,161,169,168,166,212,2
169,168,166,161,160,158,169,168,166,163,162,160,629,1
169,168,166,161,160,158,169,168,166,170,169,167,733,2
169,168,166,169,168,166,173,172,170,169,168,166,911,1
169,168,166,169,168,166,169,168,166,166,165,163,15,1
169,168,166,169,168,166,169,168,166,169,168,166,281,2
169,168,166,161,160,158,169,168,166,169,168,166,237,2
161,160,158,169,168,166,161,160,158,169,168,166,133,2
169,168,166,169,168,166,169,168,166,166,165,163,972,1
169,168,166,176,175,173,169,168,166,166,165,163,818,1
169,168,166,161,160,158,169,168,166,176,175,173,44,2
169,168,166,169,168,166,169,168,166,169,168,166,314,2
169,168,166,176,175,173,169,168,166,175,174,172,857,2
169,168,166,169,168,166,169,168,166,172,171,169,514,2
161,160,158,169,168,166,161,160,158,169,168,166,529,2
169,168,166,169,168,166,169,168,166,169,168,166,17,2
161,160,158,169,168,166,161,160,158,169,168,166,892,2
169,168,166,161,160,158,169,168,166,169,168,166,897,2
176,175,173,169,168,166,169,168,166,169,168,166,424,1
169,168,166,176,175,173,169,168,166,161,160,158,452,1
169,168,166,169,168,166,173,172,170,169,168,166,878,1
161,160,158,169,168,166,164,163,161,169,168,166,168,2
169,168,166,176,175,173,169,168,166,166,165,163,884,1
161,160,158,169,168,166,163,162,160,169,168,166,497,2
176,175,173,169,168,166,173,172,170,169,168,166,295,1
161,160,158,169,168,166,167,166,164,169,168,166,962,2
169,168,166,161,160,158,169,168,166,173,172,170,372,2
169,168,166,169,168,166,169,168,166,172,171,169,580,2
169,168,166,169,168,166,173,172,170,169,168,166,680,1
176,175,173,169,168,166,175,174,172,169,168,166,362,1
169,168,166,169,168,166,169,168,166,169,168,166,677,1
169,168,166,169,168,166,169,168,166,176,175,173,946,2
169,168,166,161,160,158,169,168,166,167,166,164,302,1
169,168,166,161,160,158,169,168,166,167,166,164,335,1
176,175,173,169,168,166,176,175,173,169,168,166,726,1
161,160,158,169,168,166,172,171,169,169,168,166,338,1
169,168,166,169,168,166,176,175,173,169,168,166,187,1
169,168,166,169,168,166,176,175,173,169,168,166,22,1
176,175,173,169,168,166,175,174,172,169,168,166,659,1
176,175,173,169,168,166,169,168,166,169,168,166,787,1
169,168,166,161,160,158,169,168,166,170,169,167,502,2
169,168,166,161,160,158,169,168,166,163,162,160,662,1
169,168,166,176,175,173,169,168,166,163,162,160,684,1
169,168,166,176,175,173,169,168,166,170,169,167,986,2
169,168,166,161,160,158,169,168,166,166,165,163,763,1
169,168,166,169,168,166,169,168,166,164,163,161,476,1
161,160,158,169,168,166,176,175,173,169,168,166,407,1
169,168,166,176,175,173,169,168,166,175,174,172,626,2
176,175,173,169,168,166,161,160,158,169,168,166,419,2
169,168,166,169,168,166,170,169,167,169,168,166,150,1
169,168,166,176,175,173,169,168,166,175,174,172,428,2
169,168,166,176,175,173,169,168,166,170,169,167,491,2
161,160,158,169,168,166,175,174,172,169,168,166,241,1
176,175,173,169,168,166,176,175,173,169,168,166,891,1
169,168,166,169,168,166,166,165,163,169,168,166,609,2
169,168,166,169,168,166,169,168,166,169,168,166,809,1
169,168,166,176,175,173,169,168,166,170,169,167,425,2
176,175,173,169,168,166,172,171,169,169,168,166,294,1
169,168,166,161,160,158,169,168,166,173,172,170,240,2
169,168,166,161,160,158,169,168,166,170,169,167,799,2
169,168,166,169,168,166,169,168,166,167,166,164,511,1
176,175,173,169,168,166,163,162,160,169,168,166,255,2
169,168,166,176,175,173,169,168,166,161,160,158,353,1
176,175,173,169,168,166,164,163,161,169,168,166,91,2
176,175,173,169,168,166,167,166,164,169,168,166,456,2
169,168,166,169,168,166,169,168,166,163,162,160,706,1
169,168,166,169,168,166,166,165,163,169,168,166,807,2
169,168,166,169,168,166,169,168,166,176,175,173,286,2
169,168,166,169,168,166,169,168,166,169,168,166,743,2
169,168,166,169,168,166,169,168,166,166,165,163,312,1
161,160,158,169,168,166,164,163,161,169,168,166,663,2
169,168,166,169,168,166,173,172,170,169,168,166,548,1
176,175,173,169,168,166,175,174,172,169,168,166,263,1
169,168,166,169,168,166,169,168,166,170,169,167,711,2
169,168,166,161,160,158,169,168,166,170,169,167,40,2
169,168,166,169,168,166,166,165,163,169,168,166,873,2
176,175,173,169,168,166,161,160,158,169,168,166,485,2
176,175,173,169,168,166,163,162,160,169,168,166,948,2
169,168,166,169,168,166,169,168,166,169,168,166,182,1
169,168,166,169,168,166,170,169,167,169,168,166,282,1
169,168,166,169,168,166,169,168,166,170,169,167,84,2
176,175,173,169,168,166,170,169,167,169,168,166,29,1
176,175,173,169,168,166,173,172,170,169,168,166,97,1
176,175,173,169,168,166,163,162,160,169,168,166,387,2
161,160,158,169,168,166,164,163,161,169,168,166,795,2
169,168,166,169,168,166,172,171,169,169,168,166,382,1
169,168,166,176,175,173,169,168,166,173,172,170,724,2
169,168,166,169,168,166,169,168,166,169,168,166,479,1
169,168,166,176,175,173,169,168,166,173,172,170,526,2
169,168,166,161,160,158,169,168,166,173,172,170,603,2
176,175,173,169,168,166,173,172,170,169,168,166,328,1
169,168,166,169,168,166,169,168,166,163,162,160,574,1
169,168,166,176,175,173,169,168,166,167,166,164,489,1
169,168,166,169,168,166,169,168,166,173,172,170,449,2
169,168,166,169,168,166,169,168,166,176,175,173,154,2
169,168,166,169,168,166,169,168,166,169,168,166,512,1
169,168,166,169,168,166,169,168,166,176,175,173,451,2
169,168,166,169,168,166,170,169,167,169,168,166,348,1
161,160,158,169,168,166,164,163,161,169,168,166,3,2
169,168,166,169,168,166,175,174,172,169,168,166,351,1
169,168,166,169,168,166,169,168,166,164,163,161,674,1
169,168,166,176,175,173,169,168,166,173,172,170,229,2
169,168,166,169,168,166,169,168,166,173,172,170,317,2
169,168,166,176,175,173,169,168,166,176,175,173,363,2
169,168,166,161,160,158,169,168,166,166,165,163,961,1
176,175,173,169,168,166,164,163,161,169,168,166,520,2
161,160,158,169,168,166,166,165,163,169,168,166,862,2
176,175,173,169,168,166,166,165,163,169,168,166,92,2
169,168,166,169,168,166,169,168,166,170,169,167,249,2
169,168,166,169,168,166,169,168,166,175,174,172,186,2
169,168,166,169,168,166,175,174,172,169,168,166,648,1
161,160,158,169,168,166,161,160,158,169,168,166,694,2
161,160,158,169,168,166,166,165,163,169,168,166,499,2
169,168,166,161,160,158,169,168,166,172,171,169,965,2
169,168,166,176,175,173,169,168,166,172,171,169,657,2
176,175,173,169,168,166,170,169,167,169,168,166,227,1
169,168,166,169,168,166,176,175,173,169,168,166,418,1
161,160,158,169,168,166,169,168,166,169,168,166,666,1
176,175,173,169,168,166,167,166,164,169,168,166,687,2
169,168,166,169,168,166,169,168,166,169,168,166,116,1
169,168,166,176,175,173,169,168,166,167,166,164,753,1
161,160,158,169,168,166,163,162,160,169,168,166,35,2
161,160,158,169,168,166,166,165,163,169,168,166,70,2
169,168,166,161,160,158,169,168,166,172,171,169,107,2
169,168,166,176,175,173,169,168,166,175,174,172,923,2
169,168,166,176,175,173,169,168,166,175,174,172,890,2
169,168,166,161,160,158,169,168,166,176,175,173,869,2
176,175,173,169,168,166,170,169,167,169,168,166,722,1
176,175,173,169,168,166,167,166,164,169,168,166,819,2
169,168,166,169,168,166,169,168,166,169,168,166,611,1
169,168,166,161,160,158,169,168,166,170,169,167,403,2
169,168,166,176,175,173,169,168,166,161,160,158,320,1
169,168,166,169,168,166,169,168,166,163,162,160,13,1
176,175,173,169,168,166,170,169,167,169,168,166,557,1
169,168,166,176,175,173,169,168,166,170,169,167,920,2
169,168,166,169,168,166,164,163,161,169,168,166,47,2
176,175,173,169,168,166,172,171,169,169,168,166,624,1
176,175,173,169,168,166,170,169,167,169,168,166,161,1
169,168,166,169,168,166,167,166,164,169,168,166,841,2
169,168,166,176,175,173,169,168,166,169,168,166,952,2
161,160,158,169,168,166,176,175,173,169,168,166,803,1
169,168,166,169,168,166,164,163,161,169,168,166,14,2
169,168,166,176,175,173,169,168,166,176,175,173,264,2
169,168,166,169,168,166,175,174,172,169,168,166,780,1
169,168,166,161,160,158,169,168,166,164,163,161,201,1
161,160,158,169,168,166,173,172,170,169,168,166,867,1
169,168,166,169,168,166,161,160,158,169,168,166,672,2
161,160,158,169,168,166,169,168,166,169,168,166,72,1
161,160,158,169,168,166,175,174,172,169,168,166,934,1
169,168,166,169,168,166,169,168,166,166,165,163,741,1
169,168,166,169,168,166,176,175,173,169,168,166,550,1
169,168,166,169,168,166,169,168,166,169,168,166,710,1
169,168,166,169,168,166,172,171,169,169,168,166,250,1
161,160,158,169,168,166,164,163,161,169,168,166,762,2
176,175,173,169,168,166,164,163,161,169,168,166,883,2
161,160,158,169,168,166,173,172,170,169,168,166,306,1
169,168,166,169,168,166,161,160,158,169,168,166,540,2
169,168,166,169,168,166,163,162,160,169,168,166,79,2
169,168,166,161,160,158,169,168,166,170,169,167,667,2
169,168,166,161,160,158,169,168,166,167,166,164,71,1
169,168,166,161,160,158,169,168,166,167,166,164,863,1
161,160,158,169,168,166,169,168,166,169,168,166,270,1
169,168,166,169,168,166,163,162,160,169,168,166,805,2
169,168,166,161,160,158,169,168,166,172,171,169,140,2
169,168,166,176,175,173,169,168,166,166,165,163,752,1
169,168,166,176,175,173,169,168,166,167,166,164,27,1
161,160,158,169,168,166,169,168,166,169,168,166,336,1
169,168,166,169,168,166,169,168,166,164,163,161,707,1
169,168,166,169,168,166,169,168,166,173,172,170,779,2
169,168,166,169,168,166,169,168,166,161,160,158,705,1
169,168,166,161,160,158,169,168,166,166,165,163,301,1
169,168,166,176,175,173,169,168,166,173,172,170,988,2
161,160,158,169,168,166,169,168,166,169,168,166,798,1
169,168,166,161,160,158,169,168,166,166,165,163,202,1
176,175,173,169,168,166,176,175,173,169,168,166,957,1
169,168,166,169,168,166,169,168,166,161,160,158,45,1
169,168,166,176,175,173,169,168,166,164,163,161,289,1
169,168,166,169,168,166,164,163,161,169,168,166,146,2
161,160,158,169,168,166,176,175,173,169,168,166,968,1
169,168,166,169,168,166,173,172,170,169,168,166,119,1
169,168,166,169,168,166,169,168,166,161,160,158,12,1
169,168,166,169,168,166,161,160,158,169,168,166,738,2
176,175,173,169,168,166,167,166,164,169,168,166,159,2
169,168,166,176,175,173,169,168,166,164,163,161,454,1
169,168,166,169,168,166,175,174,172,169,168,166,978,1
