110,110,110,100,100,100,106,106,106,100,100,100,757,1
100,100,100,100,100,100,100,100,100,98,98,98,907,1
110,110,110,100,100,100,90,90,90,100,100,100,848,2
100,100,100,100,100,100,104,104,104,100,100,100,877,1
90,90,90,100,100,100,106,106,106,100,100,100,405,1
100,100,100,100,100,100,100,100,100,98,98,98,412,1
110,110,110,100,100,100,98,98,98,100,100,100,291,2
100,100,100,110,110,110,100,100,100,106,106,106,163,2
100,100,100,100,100,100,100,100,100,94,94,94,113,1
100,100,100,100,100,100,104,104,104,100,100,100,52,1
100,100,100,90,90,90,100,100,100,108,108,108,604,2
100,100,100,90,90,90,100,100,100,104,104,104,239,2
100,100,100,100,100,100,100,100,100,110,110,110,253,2
100,100,100,90,90,90,100,100,100,92,92,92,365,1
100,100,100,90,90,90,100,100,100,104,104,104,866,2
100,100,100,90,90,90,100,100,100,102,102,102,271,2
110,110,110,100,100,100,110,110,110,100,100,100,858,1
100,100,100,100,100,100,90,90,90,100,100,100,936,2
90,90,90,100,100,100,108,108,108,100,100,100,736,1
100,100,100,100,100,100,98,98,98,100,100,100,247,2
100,100,100,90,90,90,100,100,100,106,106,106,504,2
90,90,90,100,100,100,98,98,98,100,100,100,434,2
100,100,100,110,110,110,100,100,100,104,104,104,96,2
100,100,100,100,100,100,96,96,96,100,100,100,708,2
90,90,90,100,100,100,100,100,100,100,100,100,303,1
110,110,110,100,100,100,94,94,94,100,100,100,586,2
100,100,100,100,100,100,100,100,100,90,90,90,78,1
110,110,110,100,100,100,100,100,100,100,100,100,28,1
90,90,90,100,100,100,96,96,96,100,100,100,367,2
90,90,90,100,100,100,110,110,110,100,100,100,308,1
90,90,90,100,100,100,92,92,92,100,100,100,431,2
90,90,90,100,100,100,102,102,102,100,100,100,931,1
100,100,100,90,90,90,100,100,100,108,108,108,340,2
100,100,100,110,110,110,100,100,100,90,90,90,947,1
100,100,100,100,100,100,96,96,96,100,100,100,543,2
100,100,100,100,100,100,100,100,100,98,98,98,82,1
100,100,100,100,100,100,96,96,96,100,100,100,477,2
110,110,110,100,100,100,98,98,98,100,100,100,390,2
100,100,100,100,100,100,104,104,104,100,100,100,811,1
100,100,100,90,90,90,100,100,100,110,110,110,440,2
100,100,100,100,100,100,94,94,94,100,100,100,278,2
110,110,110,100,100,100,108,108,108,100,100,100,230,1
100,100,100,110,110,110,100,100,100,96,96,96,26,1
100,100,100,100,100,100,92,92,92,100,100,100,871,2
100,100,100,90,90,90,100,100,100,108,108,108,538,2
100,100,100,90,90,90,100,100,100,104,104,104,173,2
110,110,110,100,100,100,104,104,104,100,100,100,426,1
100,100,100,110,110,110,100,100,100,92,92,92,24,1
90,90,90,100,100,100,100,100,100,100,100,100,732,1
90,90,90,100,100,100,110,110,110,100,100,100,11,1
100,100,100,100,100,100,96,96,96,100,100,100,444,2
110,110,110,100,100,100,108,108,108,100,100,100,131,1
100,100,100,100,100,100,100,100,100,90,90,90,474,1
100,100,100,110,110,110,100,100,100,104,104,104,987,2
100,100,100,100,100,100,104,104,104,100,100,100,85,1
110,110,110,100,100,100,90,90,90,100,100,100,287,2
100,100,100,100,100,100,108,108,108,100,100,100,483,1
90,90,90,100,100,100,96,96,96,100,100,100,829,2
100,100,100,100,100,100,100,100,100,110,110,110,583,2
90,90,90,100,100,100,104,104,104,100,100,100,701,1
110,110,110,100,100,100,94,94,94,100,100,100,421,2
100,100,100,110,110,110,100,100,100,96,96,96,719,1
100,100,100,100,100,100,100,100,100,98,98,98,643,1
100,100,100,90,90,90,100,100,100,94,94,94,960,1
100,100,100,100,100,100,94,94,94,100,100,100,575,2
100,100,100,110,110,110,100,100,100,110,110,110,99,2
100,100,100,90,90,90,100,100,100,98,98,98,665,1
100,100,100,90,90,90,100,100,100,108,108,108,373,2
100,100,100,100,100,100,94,94,94,100,100,100,938,2
90,90,90,100,100,100,98,98,98,100,100,100,467,2
100,100,100,100,100,100,100,100,100,106,106,106,812,2
100,100,100,100,100,100,98,98,98,100,100,100,874,2
100,100,100,110,110,110,100,100,100,104,104,104,228,2
90,90,90,100,100,100,108,108,108,100,100,100,802,1
100,100,100,100,100,100,96,96,96,100,100,100,378,2
100,100,100,100,100,100,94,94,94,100,100,100,641,2
100,100,100,90,90,90,100,100,100,90,90,90,364,1
100,100,100,100,100,100,100,100,100,96,96,96,411,1
100,100,100,100,100,100,92,92,92,100,100,100,409,2
110,110,110,100,100,100,108,108,108,100,100,100,329,1
100,100,100,100,100,100,100,100,100,98,98,98,478,1
100,100,100,90,90,90,100,100,100,94,94,94,432,1
100,100,100,110,110,110,100,100,100,104,104,104,129,2
90,90,90,100,100,100,94,94,94,100,100,100,729,2
100,100,100,100,100,100,100,100,100,94,94,94,872,1
100,100,100,100,100,100,100,100,100,100,100,100,248,1
100,100,100,100,100,100,100,100,100,96,96,96,906,1
100,100,100,90,90,90,100,100,100,106,106,106,933,2
90,90,90,100,100,100,110,110,110,100,100,100,704,1
100,100,100,90,90,90,100,100,100,98,98,98,764,1
110,110,110,100,100,100,110,110,110,100,100,100,396,1
100,100,100,90,90,90,100,100,100,100,100,100,600,2
100,100,100,90,90,90,100,100,100,110,110,110,638,2
100,100,100,110,110,110,100,100,100,92,92,92,519,1
100,100,100,100,100,100,102,102,102,100,100,100,513,1
100,100,100,110,110,110,100,100,100,104,104,104,558,2
100,100,100,90,90,90,100,100,100,110,110,110,935,2
100,100,100,110,110,110,100,100,100,102,102,102,656,2
110,110,110,100,100,100,90,90,90,100,100,100,254,2
110,110,110,100,100,100,108,108,108,100,100,100,395,1
100,100,100,90,90,90,100,100,100,90,90,90,199,1
90,90,90,100,100,100,104,104,104,100,100,100,833,1
100,100,100,90,90,90,100,100,100,98,98,98,269,1
100,100,100,110,110,110,100,100,100,100,100,100,754,2
100,100,100,100,100,100,96,96,96,100,100,100,675,2
100,100,100,90,90,90,100,100,100,92,92,92,101,1
100,100,100,110,110,110,100,100,100,104,104,104,195,2
100,100,100,100,100,100,110,110,110,100,100,100,220,1
100,100,100,100,100,100,102,102,102,100,100,100,843,1
100,100,100,100,100,100,100,100,100,100,100,100,578,1
90,90,90,100,100,100,104,104,104,100,100,100,305,1
100,100,100,100,100,100,98,98,98,100,100,100,181,2
100,100,100,110,110,110,100,100,100,108,108,108,32,2
100,100,100,110,110,110,100,100,100,108,108,108,296,2
100,100,100,110,110,110,100,100,100,100,100,100,820,2
100,100,100,100,100,100,90,90,90,100,100,100,870,2
110,110,110,100,100,100,106,106,106,100,100,100,955,1
90,90,90,100,100,100,92,92,92,100,100,100,926,2
100,100,100,100,100,100,104,104,104,100,100,100,547,1
100,100,100,110,110,110,100,100,100,104,104,104,63,2
100,100,100,100,100,100,94,94,94,100,100,100,740,2
110,110,110,100,100,100,102,102,102,100,100,100,458,1
110,110,110,100,100,100,110,110,110,100,100,100,990,1
100,100,100,100,100,100,106,106,106,100,100,100,944,1
100,100,100,100,100,100,104,104,104,100,100,100,118,1
100,100,100,90,90,90,100,100,100,110,110,110,671,2
100,100,100,100,100,100,104,104,104,100,100,100,217,1
90,90,90,100,100,100,108,108,108,100,100,100,868,1
110,110,110,100,100,100,100,100,100,100,100,100,655,1
100,100,100,110,110,110,100,100,100,110,110,110,660,2
90,90,90,100,100,100,104,104,104,100,100,100,437,1
100,100,100,90,90,90,100,100,100,110,110,110,176,2
100,100,100,90,90,90,100,100,100,98,98,98,797,1
100,100,100,110,110,110,100,100,100,104,104,104,756,2
100,100,100,100,100,100,100,100,100,104,104,104,778,2
100,100,100,90,90,90,100,100,100,96,96,96,565,1
100,100,100,90,90,90,100,100,100,94,94,94,564,1
100,100,100,90,90,90,100,100,100,108,108,108,769,2
100,100,100,100,100,100,108,108,108,100,100,100,516,1
90,90,90,100,100,100,108,108,108,100,100,100,637,1
100,100,100,90,90,90,100,100,100,92,92,92,827,1
110,110,110,100,100,100,108,108,108,100,100,100,164,1
100,100,100,100,100,100,100,100,100,100,100,100,941,1
100,100,100,100,100,100,104,104,104,100,100,100,481,1
100,100,100,110,110,110,100,100,100,110,110,110,297,2
100,100,100,100,100,100,100,100,100,104,104,104,184,2
100,100,100,100,100,100,100,100,100,110,110,110,748,2
100,100,100,110,110,110,100,100,100,90,90,90,122,1
90,90,90,100,100,100,90,90,90,100,100,100,67,2
110,110,110,100,100,100,90,90,90,100,100,100,155,2
110,110,110,100,100,100,106,106,106,100,100,100,196,1
100,100,100,110,110,110,100,100,100,108,108,108,956,2
100,100,100,100,100,100,100,100,100,108,108,108,120,2
100,100,100,110,110,110,100,100,100,92,92,92,156,1
100,100,100,110,110,110,100,100,100,92,92,92,783,1
100,100,100,100,100,100,102,102,102,100,100,100,744,1
100,100,100,90,90,90,100,100,100,90,90,90,760,1
90,90,90,100,100,100,102,102,102,100,100,100,898,1
100,100,100,100,100,100,104,104,104,100,100,100,943,1
110,110,110,100,100,100,94,94,94,100,100,100,322,2
110,110,110,100,100,100,104,104,104,100,100,100,822,1
100,100,100,100,100,100,100,100,100,100,100,100,413,1
110,110,110,100,100,100,96,96,96,100,100,100,125,2
100,100,100,90,90,90,100,100,100,96,96,96,103,1
100,100,100,110,110,110,100,100,100,100,100,100,259,2
100,100,100,100,100,100,106,106,106,100,100,100,350,1
100,100,100,100,100,100,100,100,100,90,90,90,837,1
100,100,100,110,110,110,100,100,100,96,96,96,653,1
90,90,90,100,100,100,106,106,106,100,100,100,438,1
100,100,100,90,90,90,100,100,100,94,94,94,135,1
100,100,100,90,90,90,100,100,100,106,106,106,75,2
110,110,110,100,100,100,110,110,110,100,100,100,33,1
100,100,100,100,100,100,100,100,100,100,100,100,776,2
100,100,100,100,100,100,100,100,100,96,96,96,114,1
100,100,100,100,100,100,94,94,94,100,100,100,443,2
100,100,100,90,90,90,100,100,100,90,90,90,34,1
100,100,100,110,110,110,100,100,100,90,90,90,749,1
100,100,100,90,90,90,100,100,100,94,94,94,597,1
100,100,100,100,100,100,100,100,100,92,92,92,607,1
100,100,100,100,100,100,98,98,98,100,100,100,445,2
90,90,90,100,100,100,106,106,106,100,100,100,801,1
100,100,100,100,100,100,110,110,110,100,100,100,880,1
90,90,90,100,100,100,94,94,94,100,100,100,465,2
90,90,90,100,100,100,96,96,96,100,100,100,37,2
100,100,100,90,90,90,100,100,100,102,102,102,370,2
90,90,90,100,100,100,90,90,90,100,100,100,793,2
100,100,100,110,110,110,100,100,100,90,90,90,683,1
100,100,100,100,100,100,100,100,100,92,92,92,376,1
100,100,100,100,100,100,100,100,100,102,102,102,975,2
100,100,100,110,110,110,100,100,100,94,94,94,25,1
100,100,100,90,90,90,100,100,100,92,92,92,596,1
100,100,100,100,100,100,100,100,100,106,106,106,845,2
100,100,100,110,110,110,100,100,100,110,110,110,66,2
100,100,100,100,100,100,100,100,100,100,100,100,842,1
100,100,100,110,110,110,100,100,100,106,106,106,592,2
110,110,110,100,100,100,104,104,104,100,100,100,888,1
100,100,100,90,90,90,100,100,100,90,90,90,661,1
100,100,100,90,90,90,100,100,100,106,106,106,537,2
110,110,110,100,100,100,98,98,98,100,100,100,126,2
110,110,110,100,100,100,110,110,110,100,100,100,561,1
110,110,110,100,100,100,104,104,104,100,100,100,162,1
100,100,100,100,100,100,98,98,98,100,100,100,346,2
100,100,100,90,90,90,100,100,100,104,104,104,635,2
110,110,110,100,100,100,104,104,104,100,100,100,954,1
100,100,100,100,100,100,100,100,100,102,102,102,777,2
110,110,110,100,100,100,104,104,104,100,100,100,393,1
100,100,100,100,100,100,100,100,100,104,104,104,712,2
100,100,100,100,100,100,100,100,100,102,102,102,546,2
100,100,100,100,100,100,102,102,102,100,100,100,414,1
110,110,110,100,100,100,96,96,96,100,100,100,389,2
100,100,100,110,110,110,100,100,100,106,106,106,427,2
100,100,100,100,100,100,110,110,110,100,100,100,385,1
90,90,90,100,100,100,92,92,92,100,100,100,530,2
100,100,100,110,110,110,100,100,100,98,98,98,621,1
100,100,100,100,100,100,100,100,100,98,98,98,973,1
110,110,110,100,100,100,98,98,98,100,100,100,951,2
100,100,100,90,90,90,100,100,100,108,108,108,274,2
100,100,100,100,100,100,100,100,100,106,106,106,86,2
100,100,100,100,100,100,96,96,96,100,100,100,345,2
100,100,100,90,90,90,100,100,100,92,92,92,893,1
100,100,100,110,110,110,100,100,100,96,96,96,158,1
100,100,100,110,110,110,100,100,100,98,98,98,720,1
100,100,100,100,100,100,106,106,106,100,100,100,383,1
100,100,100,110,110,110,100,100,100,104,104,104,723,2
110,110,110,100,100,100,96,96,96,100,100,100,59,2
100,100,100,110,110,110,100,100,100,106,106,106,658,2
110,110,110,100,100,100,94,94,94,100,100,100,982,2
100,100,100,90,90,90,100,100,100,98,98,98,632,1
100,100,100,100,100,100,108,108,108,100,100,100,384,1
100,100,100,100,100,100,102,102,102,100,100,100,315,1
110,110,110,100,100,100,94,94,94,100,100,100,157,2
100,100,100,110,110,110,100,100,100,106,106,106,460,2
100,100,100,90,90,90,100,100,100,90,90,90,166,1
100,100,100,110,110,110,100,100,100,102,102,102,854,2
100,100,100,90,90,90,100,100,100,92,92,92,728,1
100,100,100,110,110,110,100,100,100,102,102,102,524,2
100,100,100,90,90,90,100,100,100,104,104,104,767,2
100,100,100,100,100,100,100,100,100,108,108,108,879,2
90,90,90,100,100,100,94,94,94,100,100,100,828,2
100,100,100,110,110,110,100,100,100,108,108,108,98,2
100,100,100,100,100,100,102,102,102,100,100,100,51,1
100,100,100,100,100,100,100,100,100,94,94,94,839,1
110,110,110,100,100,100,102,102,102,100,100,100,326,1
100,100,100,90,90,90,100,100,100,106,106,106,570,2
100,100,100,110,110,110,100,100,100,110,110,110,165,2
100,100,100,110,110,110,100,100,100,108,108,108,758,2
100,100,100,90,90,90,100,100,100,108,108,108,43,2
110,110,110,100,100,100,100,100,100,100,100,100,292,1
100,100,100,110,110,110,100,100,100,90,90,90,518,1
100,100,100,90,90,90,100,100,100,90,90,90,265,1
90,90,90,100,100,100,106,106,106,100,100,100,42,1
100,100,100,100,100,100,100,100,100,106,106,106,614,2
100,100,100,110,110,110,100,100,100,98,98,98,93,1
100,100,100,100,100,100,100,100,100,96,96,96,81,1
100,100,100,100,100,100,100,100,100,90,90,90,969,1
100,100,100,100,100,100,110,110,110,100,100,100,88,1
110,110,110,100,100,100,102,102,102,100,100,100,260,1
110,110,110,100,100,100,98,98,98,100,100,100,225,2
100,100,100,90,90,90,100,100,100,96,96,96,730,1
100,100,100,110,110,110,100,100,100,96,96,96,521,1
100,100,100,110,110,110,100,100,100,90,90,90,881,1
100,100,100,100,100,100,92,92,92,100,100,100,640,2
100,100,100,90,90,90,100,100,100,92,92,92,299,1
110,110,110,100,100,100,108,108,108,100,100,100,692,1
110,110,110,100,100,100,110,110,110,100,100,100,924,1
100,100,100,110,110,110,100,100,100,104,104,104,525,2
100,100,100,90,90,90,100,100,100,108,108,108,208,2
90,90,90,100,100,100,110,110,110,100,100,100,143,1
100,100,100,100,100,100,100,100,100,96,96,96,840,1
100,100,100,90,90,90,100,100,100,106,106,106,735,2
90,90,90,100,100,100,90,90,90,100,100,100,826,2
90,90,90,100,100,100,100,100,100,100,100,100,930,1
100,100,100,100,100,100,96,96,96,100,100,100,147,2
90,90,90,100,100,100,98,98,98,100,100,100,830,2
100,100,100,100,100,100,100,100,100,100,100,100,875,2
100,100,100,90,90,90,100,100,100,104,104,104,734,2
100,100,100,90,90,90,100,100,100,94,94,94,498,1
100,100,100,90,90,90,100,100,100,100,100,100,171,2
100,100,100,100,100,100,100,100,100,110,110,110,484,2
100,100,100,90,90,90,100,100,100,108,108,108,571,2
90,90,90,100,100,100,98,98,98,100,100,100,104,2
100,100,100,110,110,110,100,100,100,94,94,94,223,1
90,90,90,100,100,100,92,92,92,100,100,100,398,2
110,110,110,100,100,100,96,96,96,100,100,100,356,2
100,100,100,90,90,90,100,100,100,110,110,110,473,2
100,100,100,110,110,110,100,100,100,90,90,90,23,1
100,100,100,100,100,100,94,94,94,100,100,100,542,2
100,100,100,100,100,100,100,100,100,100,100,100,83,2
100,100,100,90,90,90,100,100,100,92,92,92,266,1
110,110,110,100,100,100,92,92,92,100,100,100,354,2
100,100,100,110,110,110,100,100,100,94,94,94,685,1
110,110,110,100,100,100,104,104,104,100,100,100,30,1
100,100,100,90,90,90,100,100,100,96,96,96,169,1
100,100,100,100,100,100,102,102,102,100,100,100,645,1
110,110,110,100,100,100,110,110,110,100,100,100,462,1
100,100,100,100,100,100,90,90,90,100,100,100,243,2
100,100,100,100,100,100,94,94,94,100,100,100,80,2
100,100,100,90,90,90,100,100,100,96,96,96,598,1
100,100,100,110,110,110,100,100,100,106,106,106,262,2
90,90,90,100,100,100,104,104,104,100,100,100,8,1
100,100,100,100,100,100,110,110,110,100,100,100,121,1
110,110,110,100,100,100,104,104,104,100,100,100,492,1
100,100,100,90,90,90,100,100,100,94,94,94,234,1
100,100,100,100,100,100,104,104,104,100,100,100,976,1
90,90,90,100,100,100,110,110,110,100,100,100,341,1
100,100,100,90,90,90,100,100,100,100,100,100,699,2
90,90,90,100,100,100,92,92,92,100,100,100,464,2
110,110,110,100,100,100,106,106,106,100,100,100,559,1
100,100,100,90,90,90,100,100,100,106,106,106,471,2
100,100,100,100,100,100,100,100,100,92,92,92,904,1
100,100,100,100,100,100,108,108,108,100,100,100,54,1
90,90,90,100,100,100,106,106,106,100,100,100,834,1
100,100,100,100,100,100,92,92,92,100,100,100,772,2
110,110,110,100,100,100,94,94,94,100,100,100,124,2
100,100,100,110,110,110,100,100,100,98,98,98,357,1
100,100,100,110,110,110,100,100,100,92,92,92,750,1
100,100,100,100,100,100,92,92,92,100,100,100,541,2
100,100,100,110,110,110,100,100,100,96,96,96,554,1
100,100,100,100,100,100,110,110,110,100,100,100,649,1
110,110,110,100,100,100,110,110,110,100,100,100,792,1
100,100,100,90,90,90,100,100,100,104,104,104,602,2
100,100,100,100,100,100,100,100,100,110,110,110,517,2
100,100,100,100,100,100,100,100,100,110,110,110,847,2
90,90,90,100,100,100,94,94,94,100,100,100,927,2
90,90,90,100,100,100,100,100,100,100,100,100,138,1
110,110,110,100,100,100,100,100,100,100,100,100,127,1
100,100,100,90,90,90,100,100,100,108,108,108,10,2
90,90,90,100,100,100,98,98,98,100,100,100,203,2
90,90,90,100,100,100,92,92,92,100,100,100,233,2
100,100,100,110,110,110,100,100,100,102,102,102,821,2
110,110,110,100,100,100,108,108,108,100,100,100,461,1
100,100,100,100,100,100,90,90,90,100,100,100,903,2
100,100,100,110,110,110,100,100,100,98,98,98,60,1
100,100,100,110,110,110,100,100,100,96,96,96,587,1
100,100,100,110,110,110,100,100,100,108,108,108,494,2
100,100,100,100,100,100,98,98,98,100,100,100,676,2
90,90,90,100,100,100,90,90,90,100,100,100,925,2
100,100,100,100,100,100,108,108,108,100,100,100,615,1
100,100,100,100,100,100,100,100,100,106,106,106,218,2
100,100,100,110,110,110,100,100,100,92,92,92,552,1
110,110,110,100,100,100,94,94,94,100,100,100,190,2
90,90,90,100,100,100,110,110,110,100,100,100,374,1
100,100,100,100,100,100,98,98,98,100,100,100,49,2
110,110,110,100,100,100,94,94,94,100,100,100,388,2
100,100,100,100,100,100,100,100,100,90,90,90,573,1
100,100,100,110,110,110,100,100,100,92,92,92,453,1
100,100,100,110,110,110,100,100,100,110,110,110,198,2
100,100,100,100,100,100,100,100,100,104,104,104,448,2
100,100,100,90,90,90,100,100,100,110,110,110,737,2
90,90,90,100,100,100,98,98,98,100,100,100,401,2
100,100,100,100,100,100,96,96,96,100,100,100,510,2
100,100,100,90,90,90,100,100,100,94,94,94,69,1
100,100,100,100,100,100,98,98,98,100,100,100,544,2
100,100,100,100,100,100,100,100,100,96,96,96,213,1
90,90,90,100,100,100,108,108,108,100,100,100,901,1
100,100,100,100,100,100,98,98,98,100,100,100,16,2
100,100,100,100,100,100,100,100,100,108,108,108,417,2
110,110,110,100,100,100,96,96,96,100,100,100,488,2
110,110,110,100,100,100,106,106,106,100,100,100,394,1
100,100,100,110,110,110,100,100,100,108,108,108,725,2
100,100,100,90,90,90,100,100,100,90,90,90,628,1
110,110,110,100,100,100,96,96,96,100,100,100,983,2
100,100,100,110,110,110,100,100,100,108,108,108,560,2
100,100,100,100,100,100,100,100,100,94,94,94,410,1
100,100,100,100,100,100,100,100,100,100,100,100,644,2
100,100,100,110,110,110,100,100,100,104,104,104,459,2
90,90,90,100,100,100,100,100,100,100,100,100,534,1
100,100,100,90,90,90,100,100,100,104,104,104,272,2
100,100,100,100,100,100,90,90,90,100,100,100,276,2
100,100,100,90,90,90,100,100,100,98,98,98,368,1
100,100,100,100,100,100,100,100,100,92,92,92,277,1
100,100,100,100,100,100,100,100,100,108,108,108,87,2
90,90,90,100,100,100,94,94,94,100,100,100,630,2
90,90,90,100,100,100,98,98,98,100,100,100,731,2
90,90,90,100,100,100,94,94,94,100,100,100,36,2
110,110,110,100,100,100,104,104,104,100,100,100,855,1
90,90,90,100,100,100,92,92,92,100,100,100,332,2
100,100,100,100,100,100,100,100,100,110,110,110,913,2
100,100,100,90,90,90,100,100,100,100,100,100,204,2
100,100,100,110,110,110,100,100,100,110,110,110,132,2
100,100,100,110,110,110,100,100,100,100,100,100,160,2
100,100,100,90,90,90,100,100,100,102,102,102,304,2
100,100,100,110,110,110,100,100,100,106,106,106,361,2
100,100,100,90,90,90,100,100,100,108,108,108,439,2
100,100,100,100,100,100,100,100,100,104,104,104,613,2
100,100,100,100,100,100,100,100,100,106,106,106,713,2
90,90,90,100,100,100,104,104,104,100,100,100,800,1
90,90,90,100,100,100,92,92,92,100,100,100,2,2
110,110,110,100,100,100,100,100,100,100,100,100,193,1
100,100,100,90,90,90,100,100,100,92,92,92,959,1
100,100,100,100,100,100,94,94,94,100,100,100,344,2
110,110,110,100,100,100,100,100,100,100,100,100,358,1
110,110,110,100,100,100,108,108,108,100,100,100,824,1
100,100,100,90,90,90,100,100,100,98,98,98,533,1
100,100,100,90,90,90,100,100,100,110,110,110,572,2
90,90,90,100,100,100,104,104,104,100,100,100,470,1
100,100,100,90,90,90,100,100,100,102,102,102,7,2
100,100,100,110,110,110,100,100,100,106,106,106,790,2
110,110,110,100,100,100,110,110,110,100,100,100,693,1
100,100,100,100,100,100,100,100,100,108,108,108,747,2
110,110,110,100,100,100,94,94,94,100,100,100,652,2
90,90,90,100,100,100,108,108,108,100,100,100,670,1
100,100,100,110,110,110,100,100,100,110,110,110,627,2
100,100,100,100,100,100,100,100,100,98,98,98,577,1
100,100,100,110,110,110,100,100,100,92,92,92,651,1
100,100,100,100,100,100,100,100,100,110,110,110,616,2
110,110,110,100,100,100,90,90,90,100,100,100,386,2
100,100,100,110,110,110,100,100,100,94,94,94,355,1
110,110,110,100,100,100,98,98,98,100,100,100,555,2
110,110,110,100,100,100,92,92,92,100,100,100,816,2
100,100,100,100,100,100,100,100,100,104,104,104,646,2
100,100,100,110,110,110,100,100,100,106,106,106,856,2
110,110,110,100,100,100,92,92,92,100,100,100,981,2
90,90,90,100,100,100,104,104,104,100,100,100,899,1
100,100,100,100,100,100,100,100,100,108,108,108,582,2
110,110,110,100,100,100,90,90,90,100,100,100,617,2
100,100,100,90,90,90,100,100,100,92,92,92,761,1
110,110,110,100,100,100,108,108,108,100,100,100,65,1
100,100,100,100,100,100,100,100,100,106,106,106,482,2
100,100,100,110,110,110,100,100,100,104,104,104,327,2
90,90,90,100,100,100,106,106,106,100,100,100,9,1
110,110,110,100,100,100,98,98,98,100,100,100,885,2
100,100,100,100,100,100,92,92,92,100,100,100,442,2
100,100,100,100,100,100,100,100,100,108,108,108,912,2
100,100,100,90,90,90,100,100,100,102,102,102,172,2
100,100,100,100,100,100,100,100,100,108,108,108,681,2
110,110,110,100,100,100,102,102,102,100,100,100,359,1
90,90,90,100,100,100,106,106,106,100,100,100,339,1
100,100,100,100,100,100,100,100,100,102,102,102,381,2
100,100,100,90,90,90,100,100,100,108,108,108,76,2
100,100,100,100,100,100,92,92,92,100,100,100,970,2
110,110,110,100,100,100,92,92,92,100,100,100,420,2
100,100,100,110,110,110,100,100,100,98,98,98,423,1
90,90,90,100,100,100,100,100,100,100,100,100,567,1
100,100,100,110,110,110,100,100,100,98,98,98,984,1
100,100,100,100,100,100,100,100,100,92,92,92,178,1
100,100,100,100,100,100,96,96,96,100,100,100,939,2
110,110,110,100,100,100,92,92,92,100,100,100,849,2
110,110,110,100,100,100,90,90,90,100,100,100,584,2
100,100,100,100,100,100,110,110,110,100,100,100,682,1
100,100,100,100,100,100,100,100,100,98,98,98,115,1
100,100,100,110,110,110,100,100,100,104,104,104,591,2
100,100,100,100,100,100,96,96,96,100,100,100,48,2
100,100,100,90,90,90,100,100,100,92,92,92,695,1
100,100,100,90,90,90,100,100,100,98,98,98,896,1
100,100,100,100,100,100,100,100,100,94,94,94,806,1
100,100,100,100,100,100,92,92,92,100,100,100,739,2
110,110,110,100,100,100,96,96,96,100,100,100,257,2
100,100,100,90,90,90,100,100,100,106,106,106,966,2
100,100,100,100,100,100,100,100,100,90,90,90,309,1
90,90,90,100,100,100,102,102,102,100,100,100,535,1
100,100,100,100,100,100,100,100,100,102,102,102,183,2
100,100,100,90,90,90,100,100,100,90,90,90,298,1
110,110,110,100,100,100,110,110,110,100,100,100,495,1
110,110,110,100,100,100,102,102,102,100,100,100,293,1
100,100,100,110,110,110,100,100,100,90,90,90,221,1
90,90,90,100,100,100,98,98,98,100,100,100,566,2
100,100,100,90,90,90,100,100,100,106,106,106,636,2
100,100,100,100,100,100,90,90,90,100,100,100,210,2
100,100,100,100,100,100,100,100,100,90,90,90,804,1
110,110,110,100,100,100,110,110,110,100,100,100,429,1
100,100,100,100,100,100,100,100,100,98,98,98,148,1
100,100,100,100,100,100,104,104,104,100,100,100,679,1
110,110,110,100,100,100,104,104,104,100,100,100,690,1
100,100,100,110,110,110,100,100,100,90,90,90,782,1
110,110,110,100,100,100,108,108,108,100,100,100,593,1
100,100,100,110,110,110,100,100,100,100,100,100,226,2
100,100,100,90,90,90,100,100,100,94,94,94,366,1
110,110,110,100,100,100,102,102,102,100,100,100,392,1
100,100,100,90,90,90,100,100,100,108,108,108,406,2
100,100,100,100,100,100,100,100,100,104,104,104,415,2
100,100,100,90,90,90,100,100,100,102,102,102,238,2
110,110,110,100,100,100,96,96,96,100,100,100,950,2
100,100,100,90,90,90,100,100,100,102,102,102,766,2
100,100,100,100,100,100,100,100,100,110,110,110,319,2
110,110,110,100,100,100,102,102,102,100,100,100,590,1
100,100,100,100,100,100,100,100,100,106,106,106,251,2
110,110,110,100,100,100,108,108,108,100,100,100,197,1
110,110,110,100,100,100,102,102,102,100,100,100,887,1
110,110,110,100,100,100,100,100,100,100,100,100,886,1
90,90,90,100,100,100,90,90,90,100,100,100,562,2
100,100,100,110,110,110,100,100,100,96,96,96,191,1
90,90,90,100,100,100,102,102,102,100,100,100,964,1
100,100,100,90,90,90,100,100,100,108,108,108,175,2
90,90,90,100,100,100,104,104,104,100,100,100,569,1
100,100,100,100,100,100,102,102,102,100,100,100,612,1
90,90,90,100,100,100,92,92,92,100,100,100,794,2
110,110,110,100,100,100,110,110,110,100,100,100,594,1
100,100,100,100,100,100,90,90,90,100,100,100,639,2
100,100,100,90,90,90,100,100,100,90,90,90,1,1
90,90,90,100,100,100,102,102,102,100,100,100,337,1
100,100,100,100,100,100,106,106,106,100,100,100,416,1
100,100,100,100,100,100,100,100,100,90,90,90,144,1
100,100,100,90,90,90,100,100,100,90,90,90,100,1
100,100,100,110,110,110,100,100,100,94,94,94,553,1
90,90,90,100,100,100,100,100,100,100,100,100,6,1
100,100,100,90,90,90,100,100,100,92,92,92,860,1
100,100,100,90,90,90,100,100,100,96,96,96,796,1
100,100,100,100,100,100,90,90,90,100,100,100,771,2
100,100,100,90,90,90,100,100,100,108,108,108,109,2
90,90,90,100,100,100,94,94,94,100,100,100,531,2
100,100,100,100,100,100,100,100,100,102,102,102,579,2
100,100,100,90,90,90,100,100,100,90,90,90,595,1
100,100,100,100,100,100,100,100,100,90,90,90,408,1
110,110,110,100,100,100,104,104,104,100,100,100,789,1
90,90,90,100,100,100,102,102,102,100,100,100,865,1
100,100,100,100,100,100,96,96,96,100,100,100,774,2
100,100,100,100,100,100,100,100,100,106,106,106,977,2
90,90,90,100,100,100,92,92,92,100,100,100,68,2
100,100,100,100,100,100,100,100,100,110,110,110,352,2
100,100,100,110,110,110,100,100,100,110,110,110,825,2
100,100,100,100,100,100,98,98,98,100,100,100,280,2
100,100,100,100,100,100,96,96,96,100,100,100,180,2
100,100,100,110,110,110,100,100,100,106,106,106,31,2
100,100,100,110,110,110,100,100,100,106,106,106,889,2
110,110,110,100,100,100,110,110,110,100,100,100,231,1
100,100,100,100,100,100,100,100,100,100,100,100,215,1
90,90,90,100,100,100,108,108,108,100,100,100,835,1
100,100,100,110,110,110,100,100,100,104,104,104,921,2
100,100,100,90,90,90,100,100,100,110,110,110,77,2
100,100,100,110,110,110,100,100,100,100,100,100,985,2
90,90,90,100,100,100,110,110,110,100,100,100,902,1
100,100,100,100,100,100,100,100,100,104,104,104,151,2
110,110,110,100,100,100,96,96,96,100,100,100,686,2
90,90,90,100,100,100,98,98,98,100,100,100,236,2
110,110,110,100,100,100,92,92,92,100,100,100,288,2
100,100,100,100,100,100,100,100,100,100,100,100,149,2
110,110,110,100,100,100,98,98,98,100,100,100,258,2
100,100,100,110,110,110,100,100,100,92,92,92,618,1
100,100,100,100,100,100,94,94,94,100,100,100,971,2
90,90,90,100,100,100,104,104,104,100,100,100,74,1
100,100,100,100,100,100,94,94,94,100,100,100,245,2
100,100,100,90,90,90,100,100,100,106,106,106,273,2
100,100,100,90,90,90,100,100,100,96,96,96,400,1
100,100,100,100,100,100,104,104,104,100,100,100,910,1
90,90,90,100,100,100,110,110,110,100,100,100,506,1
100,100,100,100,100,100,98,98,98,100,100,100,379,2
100,100,100,100,100,100,90,90,90,100,100,100,375,2
100,100,100,100,100,100,100,100,100,94,94,94,377,1
100,100,100,100,100,100,108,108,108,100,100,100,549,1
90,90,90,100,100,100,100,100,100,100,100,100,831,1
100,100,100,100,100,100,106,106,106,100,100,100,746,1
90,90,90,100,100,100,110,110,110,100,100,100,770,1
100,100,100,90,90,90,100,100,100,102,102,102,832,2
100,100,100,90,90,90,100,100,100,106,106,106,702,2
100,100,100,110,110,110,100,100,100,108,108,108,791,2
100,100,100,100,100,100,100,100,100,106,106,106,284,2
100,100,100,110,110,110,100,100,100,92,92,92,486,1
100,100,100,90,90,90,100,100,100,106,106,106,174,2
100,100,100,110,110,110,100,100,100,100,100,100,622,2
110,110,110,100,100,100,100,100,100,100,100,100,325,1
90,90,90,100,100,100,96,96,96,100,100,100,631,2
100,100,100,90,90,90,100,100,100,96,96,96,334,1
100,100,100,100,100,100,92,92,92,100,100,100,508,2
110,110,110,100,100,100,98,98,98,100,100,100,324,2
90,90,90,100,100,100,108,108,108,100,100,100,142,1
90,90,90,100,100,100,96,96,96,100,100,100,928,2
100,100,100,100,100,100,104,104,104,100,100,100,844,1
100,100,100,100,100,100,100,100,100,110,110,110,715,2
100,100,100,100,100,100,100,100,100,92,92,92,673,1
100,100,100,100,100,100,102,102,102,100,100,100,678,1
100,100,100,100,100,100,90,90,90,100,100,100,177,2
100,100,100,110,110,110,100,100,100,98,98,98,852,1
90,90,90,100,100,100,96,96,96,100,100,100,268,2
90,90,90,100,100,100,100,100,100,100,100,100,963,1
100,100,100,100,100,100,106,106,106,100,100,100,581,1
90,90,90,100,100,100,102,102,102,100,100,100,205,1
90,90,90,100,100,100,110,110,110,100,100,100,242,1
100,100,100,100,100,100,100,100,100,90,90,90,342,1
100,100,100,100,100,100,92,92,92,100,100,100,211,2
110,110,110,100,100,100,100,100,100,100,100,100,589,1
110,110,110,100,100,100,90,90,90,100,100,100,716,2
100,100,100,110,110,110,100,100,100,94,94,94,256,1
90,90,90,100,100,100,94,94,94,100,100,100,696,2
110,110,110,100,100,100,94,94,94,100,100,100,751,2
90,90,90,100,100,100,100,100,100,100,100,100,402,1
90,90,90,100,100,100,106,106,106,100,100,100,669,1
100,100,100,100,100,100,100,100,100,100,100,100,380,2
110,110,110,100,100,100,90,90,90,100,100,100,89,2
100,100,100,100,100,100,100,100,100,100,100,100,545,2
90,90,90,100,100,100,102,102,102,100,100,100,106,1
100,100,100,100,100,100,100,100,100,92,92,92,343,1
100,100,100,100,100,100,100,100,100,104,104,104,349,2
110,110,110,100,100,100,94,94,94,100,100,100,784,2
90,90,90,100,100,100,110,110,110,100,100,100,539,1
90,90,90,100,100,100,108,108,108,100,100,100,307,1
110,110,110,100,100,100,100,100,100,100,100,100,391,1
100,100,100,110,110,110,100,100,100,94,94,94,949,1
100,100,100,100,100,100,100,100,100,108,108,108,318,2
110,110,110,100,100,100,110,110,110,100,100,100,528,1
90,90,90,100,100,100,100,100,100,100,100,100,765,1
100,100,100,110,110,110,100,100,100,104,104,104,261,2
110,110,110,100,100,100,102,102,102,100,100,100,194,1
100,100,100,100,100,100,108,108,108,100,100,100,153,1
100,100,100,90,90,90,100,100,100,90,90,90,496,1
100,100,100,100,100,100,100,100,100,100,100,100,908,1
110,110,110,100,100,100,96,96,96,100,100,100,851,2
100,100,100,90,90,90,100,100,100,94,94,94,267,1
110,110,110,100,100,100,92,92,92,100,100,100,585,2
100,100,100,100,100,100,102,102,102,100,100,100,876,1
100,100,100,100,100,100,108,108,108,100,100,100,285,1
100,100,100,90,90,90,100,100,100,104,104,104,41,2
90,90,90,100,100,100,96,96,96,100,100,100,136,2
100,100,100,100,100,100,100,100,100,104,104,104,19,2
110,110,110,100,100,100,102,102,102,100,100,100,788,1
110,110,110,100,100,100,106,106,106,100,100,100,64,1
100,100,100,110,110,110,100,100,100,104,104,104,360,2
100,100,100,90,90,90,100,100,100,106,106,106,900,2
100,100,100,100,100,100,108,108,108,100,100,100,450,1
100,100,100,100,100,100,100,100,100,92,92,92,838,1
100,100,100,110,110,110,100,100,100,102,102,102,95,2
100,100,100,110,110,110,100,100,100,94,94,94,619,1
100,100,100,90,90,90,100,100,100,102,102,102,700,2
100,100,100,100,100,100,100,100,100,102,102,102,117,2
100,100,100,90,90,90,100,100,100,90,90,90,397,1
110,110,110,100,100,100,90,90,90,100,100,100,188,2
90,90,90,100,100,100,92,92,92,100,100,100,563,2
100,100,100,110,110,110,100,100,100,96,96,96,224,1
100,100,100,100,100,100,102,102,102,100,100,100,447,1
100,100,100,100,100,100,94,94,94,100,100,100,905,2
100,100,100,110,110,110,100,100,100,110,110,110,759,2
90,90,90,100,100,100,90,90,90,100,100,100,727,2
100,100,100,100,100,100,94,94,94,100,100,100,608,2
100,100,100,90,90,90,100,100,100,96,96,96,466,1
100,100,100,90,90,90,100,100,100,96,96,96,4,1
100,100,100,100,100,100,92,92,92,100,100,100,310,2
100,100,100,100,100,100,100,100,100,108,108,108,219,2
110,110,110,100,100,100,102,102,102,100,100,100,62,1
100,100,100,100,100,100,100,100,100,92,92,92,145,1
100,100,100,110,110,110,100,100,100,108,108,108,527,2
100,100,100,90,90,90,100,100,100,90,90,90,232,1
100,100,100,110,110,110,100,100,100,90,90,90,914,1
100,100,100,100,100,100,100,100,100,110,110,110,979,2
90,90,90,100,100,100,92,92,92,100,100,100,200,2
90,90,90,100,100,100,94,94,94,100,100,100,102,2
110,110,110,100,100,100,92,92,92,100,100,100,90,2
100,100,100,110,110,110,100,100,100,102,102,102,755,2
100,100,100,100,100,100,100,100,100,108,108,108,846,2
100,100,100,90,90,90,100,100,100,94,94,94,300,1
100,100,100,90,90,90,100,100,100,90,90,90,331,1
90,90,90,100,100,100,98,98,98,100,100,100,38,2
100,100,100,100,100,100,100,100,100,92,92,92,244,1
100,100,100,100,100,100,100,100,100,92,92,92,475,1
100,100,100,90,90,90,100,100,100,94,94,94,861,1
100,100,100,90,90,90,100,100,100,98,98,98,929,1
100,100,100,90,90,90,100,100,100,92,92,92,167,1
100,100,100,110,110,110,100,100,100,90,90,90,980,1
110,110,110,100,100,100,90,90,90,100,100,100,56,2
100,100,100,110,110,110,100,100,100,106,106,106,922,2
100,100,100,100,100,100,100,100,100,106,106,106,515,2
110,110,110,100,100,100,100,100,100,100,100,100,457,1
100,100,100,100,100,100,102,102,102,100,100,100,942,1
100,100,100,90,90,90,100,100,100,98,98,98,5,1
90,90,90,100,100,100,108,108,108,100,100,100,472,1
90,90,90,100,100,100,98,98,98,100,100,100,698,2
100,100,100,110,110,110,100,100,100,106,106,106,823,2
110,110,110,100,100,100,96,96,96,100,100,100,422,2
100,100,100,110,110,110,100,100,100,106,106,106,625,2
100,100,100,100,100,100,100,100,100,100,100,100,446,2
100,100,100,100,100,100,98,98,98,100,100,100,742,2
110,110,110,100,100,100,98,98,98,100,100,100,654,2
100,100,100,110,110,110,100,100,100,98,98,98,522,1
100,100,100,100,100,100,92,92,92,100,100,100,112,2
100,100,100,90,90,90,100,100,100,100,100,100,369,2
100,100,100,110,110,110,100,100,100,96,96,96,620,1
100,100,100,100,100,100,98,98,98,100,100,100,775,2
100,100,100,90,90,90,100,100,100,104,104,104,668,2
110,110,110,100,100,100,102,102,102,100,100,100,128,1
100,100,100,100,100,100,108,108,108,100,100,100,714,1
100,100,100,100,100,100,100,100,100,102,102,102,810,2
100,100,100,90,90,90,100,100,100,94,94,94,333,1
110,110,110,100,100,100,100,100,100,100,100,100,688,1
100,100,100,90,90,90,100,100,100,100,100,100,633,2
100,100,100,100,100,100,100,100,100,94,94,94,311,1
110,110,110,100,100,100,100,100,100,100,100,100,721,1
100,100,100,90,90,90,100,100,100,110,110,110,605,2
100,100,100,100,100,100,100,100,100,98,98,98,940,1
90,90,90,100,100,100,110,110,110,100,100,100,275,1
100,100,100,100,100,100,92,92,92,100,100,100,46,2
100,100,100,110,110,110,100,100,100,100,100,100,556,2
90,90,90,100,100,100,110,110,110,100,100,100,110,1
100,100,100,90,90,90,100,100,100,108,108,108,967,2
100,100,100,90,90,90,100,100,100,106,106,106,141,2
100,100,100,100,100,100,100,100,100,108,108,108,252,2
90,90,90,100,100,100,96,96,96,100,100,100,532,2
100,100,100,100,100,100,94,94,94,100,100,100,509,2
100,100,100,90,90,90,100,100,100,96,96,96,235,1
90,90,90,100,100,100,90,90,90,100,100,100,463,2
100,100,100,100,100,100,94,94,94,100,100,100,773,2
110,110,110,100,100,100,92,92,92,100,100,100,189,2
100,100,100,90,90,90,100,100,100,110,110,110,836,2
100,100,100,90,90,90,100,100,100,90,90,90,958,1
90,90,90,100,100,100,92,92,92,100,100,100,134,2
90,90,90,100,100,100,94,94,94,100,100,100,894,2
100,100,100,110,110,110,100,100,100,94,94,94,718,1
100,100,100,90,90,90,100,100,100,98,98,98,137,1
100,100,100,100,100,100,100,100,100,98,98,98,214,1
110,110,110,100,100,100,90,90,90,100,100,100,650,2
100,100,100,100,100,100,96,96,96,100,100,100,642,2
100,100,100,110,110,110,100,100,100,106,106,106,130,2
100,100,100,100,100,100,100,100,100,102,102,102,18,2
100,100,100,110,110,110,100,100,100,106,106,106,691,2
90,90,90,100,100,100,98,98,98,100,100,100,500,2
90,90,90,100,100,100,108,108,108,100,100,100,703,1
110,110,110,100,100,100,92,92,92,100,100,100,915,2
110,110,110,100,100,100,92,92,92,100,100,100,717,2
100,100,100,90,90,90,100,100,100,102,102,102,73,2
100,100,100,100,100,100,100,100,100,104,104,104,283,2
100,100,100,90,90,90,100,100,100,102,102,102,634,2
100,100,100,100,100,100,100,100,100,106,106,106,185,2
90,90,90,100,100,100,100,100,100,100,100,100,435,1
90,90,90,100,100,100,96,96,96,100,100,100,664,2
100,100,100,100,100,100,96,96,96,100,100,100,246,2
100,100,100,100,100,100,100,100,100,108,108,108,21,2
110,110,110,100,100,100,98,98,98,100,100,100,588,2
110,110,110,100,100,100,92,92,92,100,100,100,57,2
100,100,100,100,100,100,100,100,100,110,110,110,781,2
100,100,100,100,100,100,94,94,94,100,100,100,179,2
110,110,110,100,100,100,110,110,110,100,100,100,330,1
100,100,100,100,100,100,100,100,100,102,102,102,480,2
100,100,100,110,110,110,100,100,100,96,96,96,455,1
100,100,100,90,90,90,100,100,100,96,96,96,895,1
100,100,100,90,90,90,100,100,100,102,102,102,568,2
90,90,90,100,100,100,102,102,102,100,100,100,601,1
100,100,100,110,110,110,100,100,100,100,100,100,94,2
90,90,90,100,100,100,104,104,104,100,100,100,503,1
100,100,100,90,90,90,100,100,100,106,106,106,768,2
100,100,100,100,100,100,106,106,106,100,100,100,152,1
100,100,100,110,110,110,100,100,100,96,96,96,290,1
110,110,110,100,100,100,94,94,94,100,100,100,850,2
100,100,100,100,100,100,106,106,106,100,100,100,647,1
110,110,110,100,100,100,92,92,92,100,100,100,882,2
110,110,110,100,100,100,100,100,100,100,100,100,523,1
100,100,100,100,100,100,98,98,98,100,100,100,709,2
100,100,100,90,90,90,100,100,100,104,104,104,536,2
90,90,90,100,100,100,104,104,104,100,100,100,206,1
100,100,100,110,110,110,100,100,100,100,100,100,853,2
100,100,100,90,90,90,100,100,100,100,100,100,39,2
100,100,100,90,90,90,100,100,100,90,90,90,859,1
100,100,100,100,100,100,102,102,102,100,100,100,216,1
110,110,110,100,100,100,92,92,92,100,100,100,123,2
110,110,110,100,100,100,98,98,98,100,100,100,786,2
100,100,100,100,100,100,98,98,98,100,100,100,808,2
100,100,100,90,90,90,100,100,100,110,110,110,209,2
100,100,100,100,100,100,106,106,106,100,100,100,53,1
100,100,100,100,100,100,110,110,110,100,100,100,814,1
100,100,100,110,110,110,100,100,100,94,94,94,817,1
100,100,100,90,90,90,100,100,100,104,104,104,371,2
100,100,100,90,90,90,100,100,100,104,104,104,404,2
100,100,100,100,100,100,100,100,100,90,90,90,441,1
100,100,100,100,100,100,92,92,92,100,100,100,937,2
110,110,110,100,100,100,90,90,90,100,100,100,551,2
100,100,100,110,110,110,100,100,100,94,94,94,916,1
90,90,90,100,100,100,108,108,108,100,100,100,505,1
100,100,100,100,100,100,110,110,110,100,100,100,55,1
90,90,90,100,100,100,100,100,100,100,100,100,864,1
100,100,100,90,90,90,100,100,100,102,102,102,469,2
110,110,110,100,100,100,100,100,100,100,100,100,490,1
100,100,100,110,110,110,100,100,100,96,96,96,323,1
100,100,100,90,90,90,100,100,100,102,102,102,139,2
100,100,100,100,100,100,100,100,100,100,100,100,974,1
100,100,100,110,110,110,100,100,100,92,92,92,321,1
100,100,100,100,100,100,100,100,100,104,104,104,745,2
100,100,100,100,100,100,100,100,100,108,108,108,813,2
100,100,100,100,100,100,100,100,100,90,90,90,606,1
100,100,100,90,90,90,100,100,100,98,98,98,599,1
100,100,100,90,90,90,100,100,100,96,96,96,433,1
90,90,90,100,100,100,100,100,100,100,100,100,501,1
90,90,90,100,100,100,100,100,100,100,100,100,105,1
110,110,110,100,100,100,98,98,98,100,100,100,192,2
110,110,110,100,100,100,100,100,100,100,100,100,919,1
100,100,100,100,100,100,100,100,100,100,100,100,347,1
100,100,100,100,100,100,96,96,96,100,100,100,279,2
100,100,100,100,100,100,100,100,100,96,96,96,576,1
100,100,100,90,90,90,100,100,100,102,102,102,436,2
100,100,100,100,100,100,100,100,100,90,90,90,507,1
100,100,100,100,100,100,100,100,100,102,102,102,909,2
100,100,100,110,110,110,100,100,100,94,94,94,487,1
100,100,100,90,90,90,100,100,100,98,98,98,170,1
110,110,110,100,100,100,98,98,98,100,100,100,918,2
100,100,100,90,90,90,100,100,100,94,94,94,399,1
100,100,100,90,90,90,100,100,100,106,106,106,207,2
100,100,100,100,100,100,100,100,100,98,98,98,313,1
110,110,110,100,100,100,108,108,108,100,100,100,989,1
90,90,90,100,100,100,106,106,106,100,100,100,108,1
110,110,110,100,100,100,92,92,92,100,100,100,222,2
100,100,100,110,110,110,100,100,100,96,96,96,785,1
110,110,110,100,100,100,90,90,90,100,100,100,815,2
100,100,100,110,110,110,100,100,100,94,94,94,58,1
100,100,100,100,100,100,98,98,98,100,100,100,610,2
100,100,100,110,110,110,100,100,100,102,102,102,623,2
100,100,100,100,100,100,104,104,104,100,100,100,316,1
110,110,110,100,100,100,102,102,102,100,100,100,689,1
100,100,100,100,100,100,100,100,100,90,90,90,111,1
100,100,100,110,110,110,100,100,100,100,100,100,61,2
110,110,110,100,100,100,96,96,96,100,100,100,917,2
100,100,100,100,100,100,100,100,100,100,100,100,50,2
90,90,90,100,100,100,100,100,100,100,100,100,468,1
90,90,90,100,100,100,90,90,90,100,100,100,430,2
100,100,100,100,100,100,108,108,108,100,100,100,945,1
100,100,100,90,90,90,100,100,100,96,96,96,697,1
100,100,100,90,90,90,100,100,100,104,104,104,932,2
100,100,100,100,100,100,100,100,100,106,106,106,20,2
110,110,110,100,100,100,106,106,106,100,100,100,493,1
110,110,110,100,100,100,102,102,102,100,100,100,953,1
100,100,100,100,100,100,94,94,94,100,100,100,212,2
100,100,100,90,90,90,100,100,100,92,92,92,629,1
100,100,100,90,90,90,100,100,100,102,102,102,733,2
100,100,100,100,100,100,106,106,106,100,100,100,911,1
100,100,100,100,100,100,100,100,100,96,96,96,15,1
100,100,100,100,100,100,100,100,100,100,100,100,281,2
100,100,100,90,90,90,100,100,100,100,100,100,237,2
90,90,90,100,100,100,90,90,90,100,100,100,133,2
100,100,100,100,100,100,100,100,100,96,96,96,972,1
100,100,100,110,110,110,100,100,100,96,96,96,818,1
100,100,100,90,90,90,100,100,100,110,110,110,44,2
100,100,100,100,100,100,100,100,100,100,100,100,314,2
100,100,100,110,110,110,100,100,100,108,108,108,857,2
100,100,100,100,100,100,100,100,100,104,104,104,514,2
90,90,90,100,100,100,90,90,90,100,100,100,529,2
100,100,100,100,100,100,100,100,100,100,100,100,17,2
90,90,90,100,100,100,90,90,90,100,100,100,892,2
100,100,100,90,90,90,100,100,100,100,100,100,897,2
110,110,110,100,100,100,100,100,100,100,100,100,424,1
100,100,100,110,110,110,100,100,100,90,90,90,452,1
100,100,100,100,100,100,106,106,106,100,100,100,878,1
90,90,90,100,100,100,94,94,94,100,100,100,168,2
100,100,100,110,110,110,100,100,100,96,96,96,884,1
90,90,90,100,100,100,92,92,92,100,100,100,497,2
110,110,110,100,100,100,106,106,106,100,100,100,295,1
90,90,90,100,100,100,98,98,98,100,100,100,962,2
100,100,100,90,90,90,100,100,100,106,106,106,372,2
100,100,100,100,100,100,100,100,100,104,104,104,580,2
100,100,100,100,100,100,106,106,106,100,100,100,680,1
110,110,110,100,100,100,108,108,108,100,100,100,362,1
100,100,100,100,100,100,100,100,100,100,100,100,677,1
100,100,100,100,100,100,100,100,100,110,110,110,946,2
100,100,100,90,90,90,100,100,100,98,98,98,302,1
100,100,100,90,90,90,100,100,100,98,98,98,335,1
110,110,110,100,100,100,110,110,110,100,100,100,726,1
90,90,90,100,100,100,104,104,104,100,100,100,338,1
100,100,100,100,100,100,110,110,110,100,100,100,187,1
100,100,100,100,100,100,110,110,110,100,100,100,22,1
110,110,110,100,100,100,108,108,108,100,100,100,659,1
110,110,110,100,100,100,100,100,100,100,100,100,787,1
100,100,100,90,90,90,100,100,100,102,102,102,502,2
100,100,100,90,90,90,100,100,100,92,92,92,662,1
100,100,100,110,110,110,100,100,100,92,92,92,684,1
100,100,100,110,110,110,100,100,100,102,102,102,986,2
100,100,100,90,90,90,100,100,100,96,96,96,763,1
100,100,100,100,100,100,100,100,100,94,94,94,476,1
90,90,90,100,100,100,110,110,110,100,100,100,407,1
100,100,100,110,110,110,100,100,100,108,108,108,626,2
110,110,110,100,100,100,90,90,90,100,100,100,419,2
100,100,100,100,100,100,102,102,102,100,100,100,150,1
100,100,100,110,110,110,100,100,100,108,108,108,428,2
100,100,100,110,110,110,100,100,100,102,102,102,491,2
90,90,90,100,100,100,108,108,108,100,100,100,241,1
110,110,110,100,100,100,110,110,110,100,100,100,891,1
100,100,100,100,100,100,96,96,96,100,100,100,609,2
100,100,100,100,100,100,100,100,100,100,100,100,809,1
100,100,100,110,110,110,100,100,100,102,102,102,425,2
110,110,110,100,100,100,104,104,104,100,100,100,294,1
100,100,100,90,90,90,100,100,100,106,106,106,240,2
100,100,100,90,90,90,100,100,100,102,102,102,799,2
100,100,100,100,100,100,100,100,100,98,98,98,511,1
110,110,110,100,100,100,92,92,92,100,100,100,255,2
100,100,100,110,110,110,100,100,100,90,90,90,353,1
110,110,110,100,100,100,94,94,94,100,100,100,91,2
110,110,110,100,100,100,98,98,98,100,100,100,456,2
100,100,100,100,100,100,100,100,100,92,92,92,706,1
100,100,100,100,100,100,96,96,96,100,100,100,807,2
100,100,100,100,100,100,100,100,100,110,110,110,286,2
100,100,100,100,100,100,100,100,100,100,100,100,743,2
100,100,100,100,100,100,100,100,100,96,96,96,312,1
90,90,90,100,100,100,94,94,94,100,100,100,663,2
100,100,100,100,100,100,106,106,106,100,100,100,548,1
110,110,110,100,100,100,108,108,108,100,100,100,263,1
100,100,100,100,100,100,100,100,100,102,102,102,711,2
100,100,100,90,90,90,100,100,100,102,102,102,40,2
100,100,100,100,100,100,96,96,96,100,100,100,873,2
110,110,110,100,100,100,90,90,90,100,100,100,485,2
110,110,110,100,100,100,92,92,92,100,100,100,948,2
100,100,100,100,100,100,100,100,100,100,100,100,182,1
100,100,100,100,100,100,102,102,102,100,100,100,282,1
100,100,100,100,100,100,100,100,100,102,102,102,84,2
110,110,110,100,100,100,102,102,102,100,100,100,29,1
110,110,110,100,100,100,106,106,106,100,100,100,97,1
110,110,110,100,100,100,92,92,92,100,100,100,387,2
90,90,90,100,100,100,94,94,94,100,100,100,795,2
100,100,100,100,100,100,104,104,104,100,100,100,382,1
100,100,100,110,110,110,100,100,100,106,106,106,724,2
100,100,100,100,100,100,100,100,100,100,100,100,479,1
100,100,100,110,110,110,100,100,100,106,106,106,526,2
100,100,100,90,90,90,100,100,100,106,106,106,603,2
110,110,110,100,100,100,106,106,106,100,100,100,328,1
100,100,100,100,100,100,100,100,100,92,92,92,574,1
100,100,100,110,110,110,100,100,100,98,98,98,489,1
100,100,100,100,100,100,100,100,100,106,106,106,449,2
100,100,100,100,100,100,100,100,100,110,110,110,154,2
100,100,100,100,100,100,100,100,100,100,100,100,512,1
100,100,100,100,100,100,100,100,100,110,110,110,451,2
100,100,100,100,100,100,102,102,102,100,100,100,348,1
90,90,90,100,100,100,94,94,94,100,100,100,3,2
100,100,100,100,100,100,108,108,108,100,100,100,351,1
100,100,100,100,100,100,100,100,100,94,94,94,674,1
100,100,100,110,110,110,100,100,100,106,106,106,229,2
100,100,100,100,100,100,100,100,100,106,106,106,317,2
100,100,100,110,110,110,100,100,100,110,110,110,363,2
100,100,100,90,90,90,100,100,100,96,96,96,961,1
110,110,110,100,100,100,94,94,94,100,100,100,520,2
90,90,90,100,100,100,96,96,96,100,100,100,862,2
110,110,110,100,100,100,96,96,96,100,100,100,92,2
100,100,100,100,100,100,100,100,100,102,102,102,249,2
100,100,100,100,100,100,100,100,100,108,108,108,186,2
100,100,100,100,100,100,108,108,108,100,100,100,648,1
90,90,90,100,100,100,90,90,90,100,100,100,694,2
90,90,90,100,100,100,96,96,96,100,100,100,499,2
100,100,100,90,90,90,100,100,100,104,104,104,965,2
100,100,100,110,110,110,100,100,100,104,104,104,657,2
110,110,110,100,100,100,102,102,102,100,100,100,227,1
100,100,100,100,100,100,110,110,110,100,100,100,418,1
90,90,90,100,100,100,100,100,100,100,100,100,666,1
110,110,110,100,100,100,98,98,98,100,100,100,687,2
100,100,100,100,100,100,100,100,100,100,100,100,116,1
100,100,100,110,110,110,100,100,100,98,98,98,753,1
90,90,90,100,100,100,92,92,92,100,100,100,35,2
90,90,90,100,100,100,96,96,96,100,100,100,70,2
100,100,100,90,90,90,100,100,100,104,104,104,107,2
100,100,100,110,110,110,100,100,100,108,108,108,923,2
100,100,100,110,110,110,100,100,100,108,108,108,890,2
100,100,100,90,90,90,100,100,100,110,110,110,869,2
110,110,110,100,100,100,102,102,102,100,100,100,722,1
110,110,110,100,100,100,98,98,98,100,100,100,819,2
100,100,100,100,100,100,100,100,100,100,100,100,611,1
100,100,100,90,90,90,100,100,100,102,102,102,403,2
100,100,100,110,110,110,100,100,100,90,90,90,320,1
100,100,100,100,100,100,100,100,100,92,92,92,13,1
110,110,110,100,100,100,102,102,102,100,100,100,557,1
100,100,100,110,110,110,100,100,100,102,102,102,920,2
100,100,100,100,100,100,94,94,94,100,100,100,47,2
110,110,110,100,100,100,104,104,104,100,100,100,624,1
110,110,110,100,100,100,102,102,102,100,100,100,161,1
100,100,100,100,100,100,98,98,98,100,100,100,841,2
100,100,100,110,110,110,100,100,100,100,100,100,952,2
90,90,90,100,100,100,110,110,110,100,100,100,803,1
100,100,100,100,100,100,94,94,94,100,100,100,14,2
100,100,100,110,110,110,100,100,100,110,110,110,264,2
100,100,100,100,100,100,108,108,108,100,100,100,780,1
100,100,100,90,90,90,100,100,100,94,94,94,201,1
90,90,90,100,100,100,106,106,106,100,100,100,867,1
100,100,100,100,100,100,90,90,90,100,100,100,672,2
90,90,90,100,100,100,100,100,100,100,100,100,72,1
90,90,90,100,100,100,108,108,108,100,100,100,934,1
100,100,100,100,100,100,100,100,100,96,96,96,741,1
100,100,100,100,100,100,110,110,110,100,100,100,550,1
100,100,100,100,100,100,100,100,100,100,100,100,710,1
100,100,100,100,100,100,104,104,104,100,100,100,250,1
90,90,90,100,100,100,94,94,94,100,100,100,762,2
110,110,110,100,100,100,94,94,94,100,100,100,883,2
90,90,90,100,100,100,106,106,106,100,100,100,306,1
100,100,100,100,100,100,90,90,90,100,100,100,540,2
100,100,100,100,100,100,92,92,92,100,100,100,79,2
100,100,100,90,90,90,100,100,100,102,102,102,667,2
100,100,100,90,90,90,100,100,100,98,98,98,71,1
100,100,100,90,90,90,100,100,100,98,98,98,863,1
90,90,90,100,100,100,100,100,100,100,100,100,270,1
100,100,100,100,100,100,92,92,92,100,100,100,805,2
100,100,100,90,90,90,100,100,100,104,104,104,140,2
100,100,100,110,110,110,100,100,100,96,96,96,752,1
100,100,100,110,110,110,100,100,100,98,98,98,27,1
90,90,90,100,100,100,100,100,100,100,100,100,336,1
100,100,100,100,100,100,100,100,100,94,94,94,707,1
100,100,100,100,100,100,100,100,100,106,106,106,779,2
100,100,100,100,100,100,100,100,100,90,90,90,705,1
100,100,100,90,90,90,100,100,100,96,96,96,301,1
100,100,100,110,110,110,100,100,100,106,106,106,988,2
90,90,90,100,100,100,100,100,100,100,100,100,798,1
100,100,100,90,90,90,100,100,100,96,96,96,202,1
110,110,110,100,100,100,110,110,110,100,100,100,957,1
100,100,100,100,100,100,100,100,100,90,90,90,45,1
100,100,100,110,110,110,100,100,100,94,94,94,289,1
100,100,100,100,100,100,94,94,94,100,100,100,146,2
90,90,90,100,100,100,110,110,110,100,100,100,968,1
100,100,100,100,100,100,106,106,106,100,100,100,119,1
100,100,100,100,100,100,100,100,100,90,90,90,12,1
100,100,100,100,100,100,90,90,90,100,100,100,738,2
110,110,110,100,100,100,98,98,98,100,100,100,159,2
100,100,100,110,110,110,100,100,100,94,94,94,454,1
100,100,100,100,100,100,108,108,108,100,100,100,978,1
