151, 2, 1, RGBA(70, 70, 70, 255), RGBA(70, 70, 70, 160), RGBA(74, 74, 74, 255), RGBA(70, 70, 70, 160)
41, 1, 1, RGBA(74, 74, 74, 255), RGBA(70, 70, 70, 160), RGBA(70, 70, 70, 255), RGBA(70, 70, 70, 160)
139, 1, 2, RGBA(72, 72, 72, 255), RGBA(70, 70, 70, 160), RGBA(70, 70, 70, 255), RGBA(70, 70, 70, 160)
87, 2, 2, RGBA(70, 70, 70, 255), RGBA(70, 70, 70, 160), RGBA(78, 78, 78, 255), RGBA(70, 70, 70, 160)
171, 2, 1, RGBA(70, 70, 70, 255), RGBA(70, 70, 70, 160), RGBA(70, 70, 70, 255), RGBA(70, 70, 70, 160)
204, 2, 2, RGBA(70, 70, 70, 255), RGBA(70, 70, 70, 160), RGBA(70, 70, 70, 255), RGBA(70, 70, 70, 160)
213, 1, 2, RGBA(70, 70, 70, 255), RGBA(70, 70, 70, 160), RGBA(66, 66, 66, 255), RGBA(70, 70, 70, 160)
303, 2, 2, RGBA(70, 70, 70, 255), RGBA(70, 70, 70, 160), RGBA(70, 70, 70, 255), RGBA(70, 70, 70, 160)
306, 1, 1, RGBA(76, 76, 76, 255), RGBA(70, 70, 70, 160), RGBA(70, 70, 70, 255), RGBA(70, 70, 70, 160)
321, 2, 2, RGBA(62, 62, 62, 255), RGBA(70, 70, 70, 160), RGBA(70, 70, 70, 255), RGBA(70, 70, 70, 160)
156, 1, 1, RGBA(70, 70, 70, 255), RGBA(70, 70, 70, 160), RGBA(62, 62, 62, 255), RGBA(70, 70, 70, 160)
279, 1, 1, RGBA(70, 70, 70, 255), RGBA(70, 70, 70, 160), RGBA(66, 66, 66, 255), RGBA(70, 70, 70, 160)
174, 2, 1, RGBA(70, 70, 70, 255), RGBA(70, 70, 70, 160), RGBA(76, 76, 76, 255), RGBA(70, 70, 70, 160)
237, 1, 2, RGBA(70, 70, 70, 255), RGBA(70, 70, 70, 160), RGBA(70, 70, 70, 255), RGBA(70, 70, 70, 160)
21, 2, 2, RGBA(70, 70, 70, 255), RGBA(70, 70, 70, 160), RGBA(78, 78, 78, 255), RGBA(70, 70, 70, 160)
131, 2, 2, RGBA(70, 70, 70, 255), RGBA(70, 70, 70, 160), RGBA(78, 78, 78, 255), RGBA(70, 70, 70, 160)
71, 1, 1, RGBA(70, 70, 70, 255), RGBA(70, 70, 70, 160), RGBA(68, 68, 68, 255), RGBA(70, 70, 70, 160)
154, 2, 2, RGBA(70, 70, 70, 255), RGBA(70, 70, 70, 160), RGBA(80, 80, 80, 255), RGBA(70, 70, 70, 160)
90, 2, 2, RGBA(62, 62, 62, 255), RGBA(70, 70, 70, 160), RGBA(70, 70, 70, 255), RGBA(70, 70, 70, 160)
83, 2, 2, RGBA(70, 70, 70, 255), RGBA(70, 70, 70, 160), RGBA(70, 70, 70, 255), RGBA(70, 70, 70, 160)
243, 2, 2, RGBA(60, 60, 60, 255), RGBA(70, 70, 70, 160), RGBA(70, 70, 70, 255), RGBA(70, 70, 70, 160)
58, 2, 2, RGBA(64, 64, 64, 255), RGBA(70, 70, 70, 160), RGBA(70, 70, 70, 255), RGBA(70, 70, 70, 160)
68, 2, 2, RGBA(62, 62, 62, 255), RGBA(70, 70, 70, 160), RGBA(70, 70, 70, 255), RGBA(70, 70, 70, 160)
267, 2, 1, RGBA(64, 64, 64, 255), RGBA(70, 70, 70, 160), RGBA(70, 70, 70, 255), RGBA(70, 70, 70, 160)
66, 1, 2, RGBA(80, 80, 80, 255), RGBA(70, 70, 70, 160), RGBA(70, 70, 70, 255), RGBA(70, 70, 70, 160)
64, 2, 2, RGBA(70, 70, 70, 255), RGBA(70, 70, 70, 160), RGBA(76, 76, 76, 255), RGBA(70, 70, 70, 160)
93, 2, 2, RGBA(68, 68, 68, 255), RGBA(70, 70, 70, 160), RGBA(70, 70, 70, 255), RGBA(70, 70, 70, 160)
38, 1, 1, RGBA(70, 70, 70, 255), RGBA(70, 70, 70, 160), RGBA(68, 68, 68, 255), RGBA(70, 70, 70, 160)
180, 2, 2, RGBA(66, 66, 66, 255), RGBA(70, 70, 70, 160), RGBA(70, 70, 70, 255), RGBA(70, 70, 70, 160)
268, 2, 2, RGBA(66, 66, 66, 255), RGBA(70, 70, 70, 160), RGBA(70, 70, 70, 255), RGBA(70, 70, 70, 160)
231, 2, 2, RGBA(70, 70, 70, 255), RGBA(70, 70, 70, 160), RGBA(80, 80, 80, 255), RGBA(70, 70, 70, 160)
228, 2, 1, RGBA(70, 70, 70, 255), RGBA(70, 70, 70, 160), RGBA(74, 74, 74, 255), RGBA(70, 70, 70, 160)
152, 1, 1, RGBA(76, 76, 76, 255), RGBA(70, 70, 70, 160), RGBA(70, 70, 70, 255), RGBA(70, 70, 70, 160)
102, 1, 1, RGBA(70, 70, 70, 255), RGBA(70, 70, 70, 160), RGBA(64, 64, 64, 255), RGBA(70, 70, 70, 160)
74, 1, 1, RGBA(74, 74, 74, 255), RGBA(70, 70, 70, 160), RGBA(70, 70, 70, 255), RGBA(70, 70, 70, 160)
99, 2, 2, RGBA(70, 70, 70, 255), RGBA(70, 70, 70, 160), RGBA(80, 80, 80, 255), RGBA(70, 70, 70, 160)
59, 2, 2, RGBA(66, 66, 66, 255), RGBA(70, 70, 70, 160), RGBA(70, 70, 70, 255), RGBA(70, 70, 70, 160)
230, 1, 1, RGBA(78, 78, 78, 255), RGBA(70, 70, 70, 160), RGBA(70, 70, 70, 255), RGBA(70, 70, 70, 160)
136, 1, 1, RGBA(70, 70, 70, 255), RGBA(70, 70, 70, 160), RGBA(66, 66, 66, 255), RGBA(70, 70, 70, 160)
14, 2, 2, RGBA(64, 64, 64, 255), RGBA(70, 70, 70, 160), RGBA(70, 70, 70, 255), RGBA(70, 70, 70, 160)
123, 1, 2, RGBA(70, 70, 70, 255), RGBA(70, 70, 70, 160), RGBA(62, 62, 62, 255), RGBA(70, 70, 70, 160)
8, 1, 1, RGBA(74, 74, 74, 255), RGBA(70, 70, 70, 160), RGBA(70, 70, 70, 255), RGBA(70, 70, 70, 160)
26, 2, 2, RGBA(66, 66, 66, 255), RGBA(70, 70, 70, 160), RGBA(70, 70, 70, 255), RGBA(70, 70, 70, 160)
97, 1, 1, RGBA(76, 76, 76, 255), RGBA(70, 70, 70, 160), RGBA(70, 70, 70, 255), RGBA(70, 70, 70, 160)
119, 2, 2, RGBA(70, 70, 70, 255), RGBA(70, 70, 70, 160), RGBA(76, 76, 76, 255), RGBA(70, 70, 70, 160)
186, 2, 1, RGBA(70, 70, 70, 255), RGBA(70, 70, 70, 160), RGBA(78, 78, 78, 255), RGBA(70, 70, 70, 160)
104, 2, 2, RGBA(68, 68, 68, 255), RGBA(70, 70, 70, 160), RGBA(70, 70, 70, 255), RGBA(70, 70, 70, 160)
110, 2, 2, RGBA(70, 70, 70, 255), RGBA(70, 70, 70, 160), RGBA(80, 80, 80, 255), RGBA(70, 70, 70, 160)
70, 1, 1, RGBA(70, 70, 70, 255), RGBA(70, 70, 70, 160), RGBA(66, 66, 66, 255), RGBA(70, 70, 70, 160)
181, 1, 1, RGBA(70, 70, 70, 255), RGBA(70, 70, 70, 160), RGBA(68, 68, 68, 255), RGBA(70, 70, 70, 160)
297, 1, 1, RGBA(80, 80, 80, 255), RGBA(70, 70, 70, 160), RGBA(70, 70, 70, 255), RGBA(70, 70, 70, 160)
205, 1, 2, RGBA(72, 72, 72, 255), RGBA(70, 70, 70, 160), RGBA(70, 70, 70, 255), RGBA(70, 70, 70, 160)
169, 1, 1, RGBA(70, 70, 70, 255), RGBA(70, 70, 70, 160), RGBA(66, 66, 66, 255), RGBA(70, 70, 70, 160)
92, 2, 2, RGBA(66, 66, 66, 255), RGBA(70, 70, 70, 160), RGBA(70, 70, 70, 255), RGBA(70, 70, 70, 160)
103, 2, 2, RGBA(66, 66, 66, 255), RGBA(70, 70, 70, 160), RGBA(70, 70, 70, 255), RGBA(70, 70, 70, 160)
277, 1, 1, RGBA(70, 70, 70, 255), RGBA(70, 70, 70, 160), RGBA(62, 62, 62, 255), RGBA(70, 70, 70, 160)
199, 2, 2, RGBA(60, 60, 60, 255), RGBA(70, 70, 70, 160), RGBA(70, 70, 70, 255), RGBA(70, 70, 70, 160)
28, 2, 2, RGBA(70, 70, 70, 255), RGBA(70, 70, 70, 160), RGBA(70, 70, 70, 255), RGBA(70, 70, 70, 160)
175, 1, 1, RGBA(78, 78, 78, 255), RGBA(70, 70, 70, 160), RGBA(70, 70, 70, 255), RGBA(70, 70, 70, 160)
200, 1, 1, RGBA(70, 70, 70, 255), RGBA(70, 70, 70, 160), RGBA(62, 62, 62, 255), RGBA(70, 70, 70, 160)
263, 1, 1, RGBA(78, 78, 78, 255), RGBA(70, 70, 70, 160), RGBA(70, 70, 70, 255), RGBA(70, 70, 70, 160)
318, 1, 1, RGBA(78, 78, 78, 255), RGBA(70, 70, 70, 160), RGBA(70, 70, 70, 255), RGBA(70, 70, 70, 160)
50, 1, 2, RGBA(70, 70, 70, 255), RGBA(70, 70, 70, 160), RGBA(70, 70, 70, 255), RGBA(70, 70, 70, 160)
201, 2, 1, RGBA(64, 64, 64, 255), RGBA(70, 70, 70, 160), RGBA(70, 70, 70, 255), RGBA(70, 70, 70, 160)
184, 1, 2, RGBA(74, 74, 74, 255), RGBA(70, 70, 70, 160), RGBA(70, 70, 70, 255), RGBA(70, 70, 70, 160)
249, 1, 1, RGBA(72, 72, 72, 255), RGBA(70, 70, 70, 160), RGBA(70, 70, 70, 255), RGBA(70, 70, 70, 160)
170, 2, 2, RGBA(68, 68, 68, 255), RGBA(70, 70, 70, 160), RGBA(70, 70, 70, 255), RGBA(70, 70, 70, 160)
44, 1, 2, RGBA(80, 80, 80, 255), RGBA(70, 70, 70, 160), RGBA(70, 70, 70, 255), RGBA(70, 70, 70, 160)
126, 2, 2, RGBA(68, 68, 68, 255), RGBA(70, 70, 70, 160), RGBA(70, 70, 70, 255), RGBA(70, 70, 70, 160)
251, 1, 1, RGBA(76, 76, 76, 255), RGBA(70, 70, 70, 160), RGBA(70, 70, 70, 255), RGBA(70, 70, 70, 160)
118, 1, 1, RGBA(74, 74, 74, 255), RGBA(70, 70, 70, 160), RGBA(70, 70, 70, 255), RGBA(70, 70, 70, 160)
308, 2, 2, RGBA(70, 70, 70, 255), RGBA(70, 70, 70, 160), RGBA(80, 80, 80, 255), RGBA(70, 70, 70, 160)
48, 1, 1, RGBA(70, 70, 70, 255), RGBA(70, 70, 70, 160), RGBA(66, 66, 66, 255), RGBA(70, 70, 70, 160)
31, 1, 1, RGBA(76, 76, 76, 255), RGBA(70, 70, 70, 160), RGBA(70, 70, 70, 255), RGBA(70, 70, 70, 160)
224, 2, 1, RGBA(66, 66, 66, 255), RGBA(70, 70, 70, 160), RGBA(70, 70, 70, 255), RGBA(70, 70, 70, 160)
3, 1, 1, RGBA(70, 70, 70, 255), RGBA(70, 70, 70, 160), RGBA(64, 64, 64, 255), RGBA(70, 70, 70, 160)
94, 2, 2, RGBA(70, 70, 70, 255), RGBA(70, 70, 70, 160), RGBA(70, 70, 70, 255), RGBA(70, 70, 70, 160)
167, 1, 1, RGBA(70, 70, 70, 255), RGBA(70, 70, 70, 160), RGBA(62, 62, 62, 255), RGBA(70, 70, 70, 160)
193, 1, 1, RGBA(70, 70, 70, 255), RGBA(70, 70, 70, 160), RGBA(70, 70, 70, 255), RGBA(70, 70, 70, 160)
9, 1, 1, RGBA(76, 76, 76, 255), RGBA(70, 70, 70, 160), RGBA(70, 70, 70, 255), RGBA(70, 70, 70, 160)
286, 2, 2, RGBA(70, 70, 70, 255), RGBA(70, 70, 70, 160), RGBA(80, 80, 80, 255), RGBA(70, 70, 70, 160)
191, 2, 2, RGBA(66, 66, 66, 255), RGBA(70, 70, 70, 160), RGBA(70, 70, 70, 255), RGBA(70, 70, 70, 160)
63, 1, 1, RGBA(74, 74, 74, 255), RGBA(70, 70, 70, 160), RGBA(70, 70, 70, 255), RGBA(70, 70, 70, 160)
155, 1, 1, RGBA(70, 70, 70, 255), RGBA(70, 70, 70, 160), RGBA(60, 60, 60, 255), RGBA(70, 70, 70, 160)
124, 2, 2, RGBA(64, 64, 64, 255), RGBA(70, 70, 70, 160), RGBA(70, 70, 70, 255), RGBA(70, 70, 70, 160)
235, 2, 1, RGBA(66, 66, 66, 255), RGBA(70, 70, 70, 160), RGBA(70, 70, 70, 255), RGBA(70, 70, 70, 160)
111, 1, 1, RGBA(70, 70, 70, 255), RGBA(70, 70, 70, 160), RGBA(60, 60, 60, 255), RGBA(70, 70, 70, 160)
220, 1, 1, RGBA(80, 80, 80, 255), RGBA(70, 70, 70, 160), RGBA(70, 70, 70, 255), RGBA(70, 70, 70, 160)
244, 1, 1, RGBA(70, 70, 70, 255), RGBA(70, 70, 70, 160), RGBA(62, 62, 62, 255), RGBA(70, 70, 70, 160)
328, 1, 1, RGBA(76, 76, 76, 255), RGBA(70, 70, 70, 160), RGBA(70, 70, 70, 255), RGBA(70, 70, 70, 160)
198, 2, 2, RGBA(70, 70, 70, 255), RGBA(70, 70, 70, 160), RGBA(80, 80, 80, 255), RGBA(70, 70, 70, 160)
208, 2, 2, RGBA(70, 70, 70, 255), RGBA(70, 70, 70, 160), RGBA(78, 78, 78, 255), RGBA(70, 70, 70, 160)
217, 1, 1, RGBA(74, 74, 74, 255), RGBA(70, 70, 70, 160), RGBA(70, 70, 70, 255), RGBA(70, 70, 70, 160)
34, 2, 2, RGBA(60, 60, 60, 255), RGBA(70, 70, 70, 160), RGBA(70, 70, 70, 255), RGBA(70, 70, 70, 160)
24, 2, 1, RGBA(62, 62, 62, 255), RGBA(70, 70, 70, 160), RGBA(70, 70, 70, 255), RGBA(70, 70, 70, 160)
168, 1, 1, RGBA(70, 70, 70, 255), RGBA(70, 70, 70, 160), RGBA(64, 64, 64, 255), RGBA(70, 70, 70, 160)
86, 1, 1, RGBA(76, 76, 76, 255), RGBA(70, 70, 70, 160), RGBA(70, 70, 70, 255), RGBA(70, 70, 70, 160)
162, 2, 1, RGBA(70, 70, 70, 255), RGBA(70, 70, 70, 160), RGBA(74, 74, 74, 255), RGBA(70, 70, 70, 160)
311, 1, 1, RGBA(70, 70, 70, 255), RGBA(70, 70, 70, 160), RGBA(64, 64, 64, 255), RGBA(70, 70, 70, 160)
145, 1, 1, RGBA(70, 70, 70, 255), RGBA(70, 70, 70, 160), RGBA(62, 62, 62, 255), RGBA(70, 70, 70, 160)
88, 2, 2, RGBA(70, 70, 70, 255), RGBA(70, 70, 70, 160), RGBA(80, 80, 80, 255), RGBA(70, 70, 70, 160)
160, 1, 2, RGBA(70, 70, 70, 255), RGBA(70, 70, 70, 160), RGBA(70, 70, 70, 255), RGBA(70, 70, 70, 160)
116, 1, 1, RGBA(70, 70, 70, 255), RGBA(70, 70, 70, 160), RGBA(70, 70, 70, 255), RGBA(70, 70, 70, 160)
278, 2, 2, RGBA(64, 64, 64, 255), RGBA(70, 70, 70, 160), RGBA(70, 70, 70, 255), RGBA(70, 70, 70, 160)
78, 1, 1, RGBA(70, 70, 70, 255), RGBA(70, 70, 70, 160), RGBA(60, 60, 60, 255), RGBA(70, 70, 70, 160)
67, 1, 1, RGBA(70, 70, 70, 255), RGBA(70, 70, 70, 160), RGBA(60, 60, 60, 255), RGBA(70, 70, 70, 160)
163, 2, 2, RGBA(70, 70, 70, 255), RGBA(70, 70, 70, 160), RGBA(76, 76, 76, 255), RGBA(70, 70, 70, 160)
254, 2, 2, RGBA(60, 60, 60, 255), RGBA(70, 70, 70, 160), RGBA(70, 70, 70, 255), RGBA(70, 70, 70, 160)
91, 2, 2, RGBA(64, 64, 64, 255), RGBA(70, 70, 70, 160), RGBA(70, 70, 70, 255), RGBA(70, 70, 70, 160)
322, 1, 1, RGBA(70, 70, 70, 255), RGBA(70, 70, 70, 160), RGBA(64, 64, 64, 255), RGBA(70, 70, 70, 160)
248, 2, 2, RGBA(70, 70, 70, 255), RGBA(70, 70, 70, 160), RGBA(70, 70, 70, 255), RGBA(70, 70, 70, 160)
241, 1, 1, RGBA(78, 78, 78, 255), RGBA(70, 70, 70, 160), RGBA(70, 70, 70, 255), RGBA(70, 70, 70, 160)
319, 1, 1, RGBA(80, 80, 80, 255), RGBA(70, 70, 70, 160), RGBA(70, 70, 70, 255), RGBA(70, 70, 70, 160)
37, 2, 2, RGBA(66, 66, 66, 255), RGBA(70, 70, 70, 160), RGBA(70, 70, 70, 255), RGBA(70, 70, 70, 160)
49, 1, 1, RGBA(70, 70, 70, 255), RGBA(70, 70, 70, 160), RGBA(68, 68, 68, 255), RGBA(70, 70, 70, 160)
197, 2, 2, RGBA(70, 70, 70, 255), RGBA(70, 70, 70, 160), RGBA(78, 78, 78, 255), RGBA(70, 70, 70, 160)
327, 1, 2, RGBA(74, 74, 74, 255), RGBA(70, 70, 70, 160), RGBA(70, 70, 70, 255), RGBA(70, 70, 70, 160)
69, 1, 1, RGBA(70, 70, 70, 255), RGBA(70, 70, 70, 160), RGBA(64, 64, 64, 255), RGBA(70, 70, 70, 160)
260, 1, 1, RGBA(72, 72, 72, 255), RGBA(70, 70, 70, 160), RGBA(70, 70, 70, 255), RGBA(70, 70, 70, 160)
330, 2, 2, RGBA(70, 70, 70, 255), RGBA(70, 70, 70, 160), RGBA(80, 80, 80, 255), RGBA(70, 70, 70, 160)
259, 1, 2, RGBA(70, 70, 70, 255), RGBA(70, 70, 70, 160), RGBA(70, 70, 70, 255), RGBA(70, 70, 70, 160)
18, 2, 2, RGBA(70, 70, 70, 255), RGBA(70, 70, 70, 160), RGBA(72, 72, 72, 255), RGBA(70, 70, 70, 160)
271, 2, 1, RGBA(70, 70, 70, 255), RGBA(70, 70, 70, 160), RGBA(72, 72, 72, 255), RGBA(70, 70, 70, 160)
223, 2, 2, RGBA(64, 64, 64, 255), RGBA(70, 70, 70, 160), RGBA(70, 70, 70, 255), RGBA(70, 70, 70, 160)
128, 2, 1, RGBA(70, 70, 70, 255), RGBA(70, 70, 70, 160), RGBA(72, 72, 72, 255), RGBA(70, 70, 70, 160)
23, 1, 1, RGBA(70, 70, 70, 255), RGBA(70, 70, 70, 160), RGBA(60, 60, 60, 255), RGBA(70, 70, 70, 160)
196, 2, 2, RGBA(70, 70, 70, 255), RGBA(70, 70, 70, 160), RGBA(76, 76, 76, 255), RGBA(70, 70, 70, 160)
290, 2, 2, RGBA(66, 66, 66, 255), RGBA(70, 70, 70, 160), RGBA(70, 70, 70, 255), RGBA(70, 70, 70, 160)
82, 1, 1, RGBA(70, 70, 70, 255), RGBA(70, 70, 70, 160), RGBA(68, 68, 68, 255), RGBA(70, 70, 70, 160)
114, 2, 2, RGBA(66, 66, 66, 255), RGBA(70, 70, 70, 160), RGBA(70, 70, 70, 255), RGBA(70, 70, 70, 160)
264, 2, 2, RGBA(70, 70, 70, 255), RGBA(70, 70, 70, 160), RGBA(80, 80, 80, 255), RGBA(70, 70, 70, 160)
164, 1, 1, RGBA(78, 78, 78, 255), RGBA(70, 70, 70, 160), RGBA(70, 70, 70, 255), RGBA(70, 70, 70, 160)
255, 1, 2, RGBA(70, 70, 70, 255), RGBA(70, 70, 70, 160), RGBA(62, 62, 62, 255), RGBA(70, 70, 70, 160)
47, 1, 2, RGBA(70, 70, 70, 255), RGBA(70, 70, 70, 160), RGBA(64, 64, 64, 255), RGBA(70, 70, 70, 160)
95, 2, 1, RGBA(70, 70, 70, 255), RGBA(70, 70, 70, 160), RGBA(72, 72, 72, 255), RGBA(70, 70, 70, 160)
133, 2, 2, RGBA(60, 60, 60, 255), RGBA(70, 70, 70, 160), RGBA(70, 70, 70, 255), RGBA(70, 70, 70, 160)
304, 1, 2, RGBA(72, 72, 72, 255), RGBA(70, 70, 70, 160), RGBA(70, 70, 70, 255), RGBA(70, 70, 70, 160)
132, 2, 2, RGBA(70, 70, 70, 255), RGBA(70, 70, 70, 160), RGBA(80, 80, 80, 255), RGBA(70, 70, 70, 160)
307, 1, 1, RGBA(78, 78, 78, 255), RGBA(70, 70, 70, 160), RGBA(70, 70, 70, 255), RGBA(70, 70, 70, 160)
125, 1, 2, RGBA(70, 70, 70, 255), RGBA(70, 70, 70, 160), RGBA(66, 66, 66, 255), RGBA(70, 70, 70, 160)
165, 1, 1, RGBA(80, 80, 80, 255), RGBA(70, 70, 70, 160), RGBA(70, 70, 70, 255), RGBA(70, 70, 70, 160)
313, 1, 2, RGBA(70, 70, 70, 255), RGBA(70, 70, 70, 160), RGBA(68, 68, 68, 255), RGBA(70, 70, 70, 160)
172, 2, 2, RGBA(70, 70, 70, 255), RGBA(70, 70, 70, 160), RGBA(72, 72, 72, 255), RGBA(70, 70, 70, 160)
112, 2, 2, RGBA(62, 62, 62, 255), RGBA(70, 70, 70, 160), RGBA(70, 70, 70, 255), RGBA(70, 70, 70, 160)
215, 1, 2, RGBA(70, 70, 70, 255), RGBA(70, 70, 70, 160), RGBA(70, 70, 70, 255), RGBA(70, 70, 70, 160)
100, 1, 1, RGBA(70, 70, 70, 255), RGBA(70, 70, 70, 160), RGBA(60, 60, 60, 255), RGBA(70, 70, 70, 160)
60, 1, 1, RGBA(70, 70, 70, 255), RGBA(70, 70, 70, 160), RGBA(68, 68, 68, 255), RGBA(70, 70, 70, 160)
51, 1, 1, RGBA(72, 72, 72, 255), RGBA(70, 70, 70, 160), RGBA(70, 70, 70, 255), RGBA(70, 70, 70, 160)
17, 1, 1, RGBA(70, 70, 70, 255), RGBA(70, 70, 70, 160), RGBA(70, 70, 70, 255), RGBA(70, 70, 70, 160)
203, 1, 2, RGBA(70, 70, 70, 255), RGBA(70, 70, 70, 160), RGBA(68, 68, 68, 255), RGBA(70, 70, 70, 160)
96, 2, 2, RGBA(70, 70, 70, 255), RGBA(70, 70, 70, 160), RGBA(74, 74, 74, 255), RGBA(70, 70, 70, 160)
80, 2, 2, RGBA(64, 64, 64, 255), RGBA(70, 70, 70, 160), RGBA(70, 70, 70, 255), RGBA(70, 70, 70, 160)
61, 2, 1, RGBA(70, 70, 70, 255), RGBA(70, 70, 70, 160), RGBA(70, 70, 70, 255), RGBA(70, 70, 70, 160)
106, 2, 2, RGBA(70, 70, 70, 255), RGBA(70, 70, 70, 160), RGBA(72, 72, 72, 255), RGBA(70, 70, 70, 160)
300, 2, 2, RGBA(64, 64, 64, 255), RGBA(70, 70, 70, 160), RGBA(70, 70, 70, 255), RGBA(70, 70, 70, 160)
240, 2, 2, RGBA(70, 70, 70, 255), RGBA(70, 70, 70, 160), RGBA(76, 76, 76, 255), RGBA(70, 70, 70, 160)
2, 1, 1, RGBA(70, 70, 70, 255), RGBA(70, 70, 70, 160), RGBA(62, 62, 62, 255), RGBA(70, 70, 70, 160)
4, 2, 2, RGBA(66, 66, 66, 255), RGBA(70, 70, 70, 160), RGBA(70, 70, 70, 255), RGBA(70, 70, 70, 160)
72, 2, 1, RGBA(70, 70, 70, 255), RGBA(70, 70, 70, 160), RGBA(70, 70, 70, 255), RGBA(70, 70, 70, 160)
89, 1, 1, RGBA(70, 70, 70, 255), RGBA(70, 70, 70, 160), RGBA(60, 60, 60, 255), RGBA(70, 70, 70, 160)
84, 1, 1, RGBA(72, 72, 72, 255), RGBA(70, 70, 70, 160), RGBA(70, 70, 70, 255), RGBA(70, 70, 70, 160)
194, 1, 2, RGBA(72, 72, 72, 255), RGBA(70, 70, 70, 160), RGBA(70, 70, 70, 255), RGBA(70, 70, 70, 160)
157, 1, 1, RGBA(70, 70, 70, 255), RGBA(70, 70, 70, 160), RGBA(64, 64, 64, 255), RGBA(70, 70, 70, 160)
291, 1, 2, RGBA(70, 70, 70, 255), RGBA(70, 70, 70, 160), RGBA(68, 68, 68, 255), RGBA(70, 70, 70, 160)
177, 1, 1, RGBA(70, 70, 70, 255), RGBA(70, 70, 70, 160), RGBA(60, 60, 60, 255), RGBA(70, 70, 70, 160)
140, 1, 1, RGBA(74, 74, 74, 255), RGBA(70, 70, 70, 160), RGBA(70, 70, 70, 255), RGBA(70, 70, 70, 160)
98, 1, 1, RGBA(78, 78, 78, 255), RGBA(70, 70, 70, 160), RGBA(70, 70, 70, 255), RGBA(70, 70, 70, 160)
209, 2, 2, RGBA(70, 70, 70, 255), RGBA(70, 70, 70, 160), RGBA(80, 80, 80, 255), RGBA(70, 70, 70, 160)
29, 2, 2, RGBA(70, 70, 70, 255), RGBA(70, 70, 70, 160), RGBA(72, 72, 72, 255), RGBA(70, 70, 70, 160)
294, 1, 1, RGBA(74, 74, 74, 255), RGBA(70, 70, 70, 160), RGBA(70, 70, 70, 255), RGBA(70, 70, 70, 160)
7, 2, 2, RGBA(70, 70, 70, 255), RGBA(70, 70, 70, 160), RGBA(72, 72, 72, 255), RGBA(70, 70, 70, 160)
166, 2, 2, RGBA(60, 60, 60, 255), RGBA(70, 70, 70, 160), RGBA(70, 70, 70, 255), RGBA(70, 70, 70, 160)
115, 2, 2, RGBA(68, 68, 68, 255), RGBA(70, 70, 70, 160), RGBA(70, 70, 70, 255), RGBA(70, 70, 70, 160)
189, 2, 2, RGBA(62, 62, 62, 255), RGBA(70, 70, 70, 160), RGBA(70, 70, 70, 255), RGBA(70, 70, 70, 160)
42, 2, 2, RGBA(70, 70, 70, 255), RGBA(70, 70, 70, 160), RGBA(76, 76, 76, 255), RGBA(70, 70, 70, 160)
147, 1, 1, RGBA(70, 70, 70, 255), RGBA(70, 70, 70, 160), RGBA(66, 66, 66, 255), RGBA(70, 70, 70, 160)
20, 1, 1, RGBA(76, 76, 76, 255), RGBA(70, 70, 70, 160), RGBA(70, 70, 70, 255), RGBA(70, 70, 70, 160)
183, 2, 1, RGBA(70, 70, 70, 255), RGBA(70, 70, 70, 160), RGBA(72, 72, 72, 255), RGBA(70, 70, 70, 160)
218, 1, 2, RGBA(76, 76, 76, 255), RGBA(70, 70, 70, 160), RGBA(70, 70, 70, 255), RGBA(70, 70, 70, 160)
246, 1, 1, RGBA(70, 70, 70, 255), RGBA(70, 70, 70, 160), RGBA(66, 66, 66, 255), RGBA(70, 70, 70, 160)
239, 1, 1, RGBA(74, 74, 74, 255), RGBA(70, 70, 70, 160), RGBA(70, 70, 70, 255), RGBA(70, 70, 70, 160)
275, 1, 2, RGBA(80, 80, 80, 255), RGBA(70, 70, 70, 160), RGBA(70, 70, 70, 255), RGBA(70, 70, 70, 160)
283, 1, 1, RGBA(74, 74, 74, 255), RGBA(70, 70, 70, 160), RGBA(70, 70, 70, 255), RGBA(70, 70, 70, 160)
45, 2, 2, RGBA(60, 60, 60, 255), RGBA(70, 70, 70, 160), RGBA(70, 70, 70, 255), RGBA(70, 70, 70, 160)
16, 1, 1, RGBA(70, 70, 70, 255), RGBA(70, 70, 70, 160), RGBA(68, 68, 68, 255), RGBA(70, 70, 70, 160)
22, 2, 2, RGBA(70, 70, 70, 255), RGBA(70, 70, 70, 160), RGBA(80, 80, 80, 255), RGBA(70, 70, 70, 160)
182, 2, 1, RGBA(70, 70, 70, 255), RGBA(70, 70, 70, 160), RGBA(70, 70, 70, 255), RGBA(70, 70, 70, 160)
55, 1, 1, RGBA(80, 80, 80, 255), RGBA(70, 70, 70, 160), RGBA(70, 70, 70, 255), RGBA(70, 70, 70, 160)
77, 1, 1, RGBA(80, 80, 80, 255), RGBA(70, 70, 70, 160), RGBA(70, 70, 70, 255), RGBA(70, 70, 70, 160)
109, 1, 1, RGBA(78, 78, 78, 255), RGBA(70, 70, 70, 160), RGBA(70, 70, 70, 255), RGBA(70, 70, 70, 160)
10, 2, 2, RGBA(70, 70, 70, 255), RGBA(70, 70, 70, 160), RGBA(78, 78, 78, 255), RGBA(70, 70, 70, 160)
270, 2, 2, RGBA(70, 70, 70, 255), RGBA(70, 70, 70, 160), RGBA(70, 70, 70, 255), RGBA(70, 70, 70, 160)
206, 1, 2, RGBA(74, 74, 74, 255), RGBA(70, 70, 70, 160), RGBA(70, 70, 70, 255), RGBA(70, 70, 70, 160)
56, 2, 2, RGBA(60, 60, 60, 255), RGBA(70, 70, 70, 160), RGBA(70, 70, 70, 255), RGBA(70, 70, 70, 160)
105, 1, 2, RGBA(70, 70, 70, 255), RGBA(70, 70, 70, 160), RGBA(70, 70, 70, 255), RGBA(70, 70, 70, 160)
11, 1, 1, RGBA(80, 80, 80, 255), RGBA(70, 70, 70, 160), RGBA(70, 70, 70, 255), RGBA(70, 70, 70, 160)
85, 2, 2, RGBA(70, 70, 70, 255), RGBA(70, 70, 70, 160), RGBA(74, 74, 74, 255), RGBA(70, 70, 70, 160)
207, 1, 1, RGBA(76, 76, 76, 255), RGBA(70, 70, 70, 160), RGBA(70, 70, 70, 255), RGBA(70, 70, 70, 160)
127, 1, 2, RGBA(70, 70, 70, 255), RGBA(70, 70, 70, 160), RGBA(70, 70, 70, 255), RGBA(70, 70, 70, 160)
312, 1, 1, RGBA(70, 70, 70, 255), RGBA(70, 70, 70, 160), RGBA(66, 66, 66, 255), RGBA(70, 70, 70, 160)
212, 1, 1, RGBA(70, 70, 70, 255), RGBA(70, 70, 70, 160), RGBA(64, 64, 64, 255), RGBA(70, 70, 70, 160)
234, 1, 1, RGBA(70, 70, 70, 255), RGBA(70, 70, 70, 160), RGBA(64, 64, 64, 255), RGBA(70, 70, 70, 160)
13, 2, 2, RGBA(62, 62, 62, 255), RGBA(70, 70, 70, 160), RGBA(70, 70, 70, 255), RGBA(70, 70, 70, 160)
295, 1, 1, RGBA(76, 76, 76, 255), RGBA(70, 70, 70, 160), RGBA(70, 70, 70, 255), RGBA(70, 70, 70, 160)
122, 1, 1, RGBA(70, 70, 70, 255), RGBA(70, 70, 70, 160), RGBA(60, 60, 60, 255), RGBA(70, 70, 70, 160)
6, 2, 1, RGBA(70, 70, 70, 255), RGBA(70, 70, 70, 160), RGBA(70, 70, 70, 255), RGBA(70, 70, 70, 160)
233, 1, 1, RGBA(70, 70, 70, 255), RGBA(70, 70, 70, 160), RGBA(62, 62, 62, 255), RGBA(70, 70, 70, 160)
148, 2, 2, RGBA(68, 68, 68, 255), RGBA(70, 70, 70, 160), RGBA(70, 70, 70, 255), RGBA(70, 70, 70, 160)
219, 2, 2, RGBA(70, 70, 70, 255), RGBA(70, 70, 70, 160), RGBA(78, 78, 78, 255), RGBA(70, 70, 70, 160)
146, 1, 1, RGBA(70, 70, 70, 255), RGBA(70, 70, 70, 160), RGBA(64, 64, 64, 255), RGBA(70, 70, 70, 160)
179, 1, 1, RGBA(70, 70, 70, 255), RGBA(70, 70, 70, 160), RGBA(64, 64, 64, 255), RGBA(70, 70, 70, 160)
247, 2, 2, RGBA(68, 68, 68, 255), RGBA(70, 70, 70, 160), RGBA(70, 70, 70, 255), RGBA(70, 70, 70, 160)
225, 1, 2, RGBA(70, 70, 70, 255), RGBA(70, 70, 70, 160), RGBA(68, 68, 68, 255), RGBA(70, 70, 70, 160)
30, 2, 2, RGBA(70, 70, 70, 255), RGBA(70, 70, 70, 160), RGBA(74, 74, 74, 255), RGBA(70, 70, 70, 160)
261, 1, 1, RGBA(74, 74, 74, 255), RGBA(70, 70, 70, 160), RGBA(70, 70, 70, 255), RGBA(70, 70, 70, 160)
53, 1, 1, RGBA(76, 76, 76, 255), RGBA(70, 70, 70, 160), RGBA(70, 70, 70, 255), RGBA(70, 70, 70, 160)
287, 2, 2, RGBA(60, 60, 60, 255), RGBA(70, 70, 70, 160), RGBA(70, 70, 70, 255), RGBA(70, 70, 70, 160)
214, 1, 1, RGBA(70, 70, 70, 255), RGBA(70, 70, 70, 160), RGBA(68, 68, 68, 255), RGBA(70, 70, 70, 160)
188, 1, 1, RGBA(70, 70, 70, 255), RGBA(70, 70, 70, 160), RGBA(60, 60, 60, 255), RGBA(70, 70, 70, 160)
329, 2, 2, RGBA(70, 70, 70, 255), RGBA(70, 70, 70, 160), RGBA(78, 78, 78, 255), RGBA(70, 70, 70, 160)
252, 2, 2, RGBA(70, 70, 70, 255), RGBA(70, 70, 70, 160), RGBA(78, 78, 78, 255), RGBA(70, 70, 70, 160)
142, 1, 1, RGBA(78, 78, 78, 255), RGBA(70, 70, 70, 160), RGBA(70, 70, 70, 255), RGBA(70, 70, 70, 160)
320, 1, 1, RGBA(70, 70, 70, 255), RGBA(70, 70, 70, 160), RGBA(60, 60, 60, 255), RGBA(70, 70, 70, 160)
326, 2, 1, RGBA(70, 70, 70, 255), RGBA(70, 70, 70, 160), RGBA(72, 72, 72, 255), RGBA(70, 70, 70, 160)
274, 2, 2, RGBA(70, 70, 70, 255), RGBA(70, 70, 70, 160), RGBA(78, 78, 78, 255), RGBA(70, 70, 70, 160)
19, 1, 2, RGBA(74, 74, 74, 255), RGBA(70, 70, 70, 160), RGBA(70, 70, 70, 255), RGBA(70, 70, 70, 160)
185, 1, 1, RGBA(76, 76, 76, 255), RGBA(70, 70, 70, 160), RGBA(70, 70, 70, 255), RGBA(70, 70, 70, 160)
285, 2, 2, RGBA(70, 70, 70, 255), RGBA(70, 70, 70, 160), RGBA(78, 78, 78, 255), RGBA(70, 70, 70, 160)
211, 2, 2, RGBA(62, 62, 62, 255), RGBA(70, 70, 70, 160), RGBA(70, 70, 70, 255), RGBA(70, 70, 70, 160)
314, 2, 1, RGBA(70, 70, 70, 255), RGBA(70, 70, 70, 160), RGBA(70, 70, 70, 255), RGBA(70, 70, 70, 160)
292, 2, 2, RGBA(70, 70, 70, 255), RGBA(70, 70, 70, 160), RGBA(70, 70, 70, 255), RGBA(70, 70, 70, 160)
176, 2, 2, RGBA(70, 70, 70, 255), RGBA(70, 70, 70, 160), RGBA(80, 80, 80, 255), RGBA(70, 70, 70, 160)
265, 2, 2, RGBA(60, 60, 60, 255), RGBA(70, 70, 70, 160), RGBA(70, 70, 70, 255), RGBA(70, 70, 70, 160)
32, 2, 2, RGBA(70, 70, 70, 255), RGBA(70, 70, 70, 160), RGBA(78, 78, 78, 255), RGBA(70, 70, 70, 160)
281, 1, 1, RGBA(70, 70, 70, 255), RGBA(70, 70, 70, 160), RGBA(70, 70, 70, 255), RGBA(70, 70, 70, 160)
302, 1, 1, RGBA(70, 70, 70, 255), RGBA(70, 70, 70, 160), RGBA(68, 68, 68, 255), RGBA(70, 70, 70, 160)
227, 1, 2, RGBA(72, 72, 72, 255), RGBA(70, 70, 70, 160), RGBA(70, 70, 70, 255), RGBA(70, 70, 70, 160)
178, 2, 2, RGBA(62, 62, 62, 255), RGBA(70, 70, 70, 160), RGBA(70, 70, 70, 255), RGBA(70, 70, 70, 160)
73, 1, 2, RGBA(72, 72, 72, 255), RGBA(70, 70, 70, 160), RGBA(70, 70, 70, 255), RGBA(70, 70, 70, 160)
293, 2, 1, RGBA(70, 70, 70, 255), RGBA(70, 70, 70, 160), RGBA(72, 72, 72, 255), RGBA(70, 70, 70, 160)
27, 2, 2, RGBA(68, 68, 68, 255), RGBA(70, 70, 70, 160), RGBA(70, 70, 70, 255), RGBA(70, 70, 70, 160)
298, 1, 1, RGBA(70, 70, 70, 255), RGBA(70, 70, 70, 160), RGBA(60, 60, 60, 255), RGBA(70, 70, 70, 160)
101, 1, 1, RGBA(70, 70, 70, 255), RGBA(70, 70, 70, 160), RGBA(62, 62, 62, 255), RGBA(70, 70, 70, 160)
141, 1, 1, RGBA(76, 76, 76, 255), RGBA(70, 70, 70, 160), RGBA(70, 70, 70, 255), RGBA(70, 70, 70, 160)
36, 2, 2, RGBA(64, 64, 64, 255), RGBA(70, 70, 70, 160), RGBA(70, 70, 70, 255), RGBA(70, 70, 70, 160)
282, 2, 2, RGBA(70, 70, 70, 255), RGBA(70, 70, 70, 160), RGBA(72, 72, 72, 255), RGBA(70, 70, 70, 160)
12, 1, 1, RGBA(70, 70, 70, 255), RGBA(70, 70, 70, 160), RGBA(60, 60, 60, 255), RGBA(70, 70, 70, 160)
324, 2, 1, RGBA(68, 68, 68, 255), RGBA(70, 70, 70, 160), RGBA(70, 70, 70, 255), RGBA(70, 70, 70, 160)
190, 2, 2, RGBA(64, 64, 64, 255), RGBA(70, 70, 70, 160), RGBA(70, 70, 70, 255), RGBA(70, 70, 70, 160)
149, 1, 2, RGBA(70, 70, 70, 255), RGBA(70, 70, 70, 160), RGBA(70, 70, 70, 255), RGBA(70, 70, 70, 160)
250, 1, 1, RGBA(74, 74, 74, 255), RGBA(70, 70, 70, 160), RGBA(70, 70, 70, 255), RGBA(70, 70, 70, 160)
210, 1, 1, RGBA(70, 70, 70, 255), RGBA(70, 70, 70, 160), RGBA(60, 60, 60, 255), RGBA(70, 70, 70, 160)
222, 2, 2, RGBA(62, 62, 62, 255), RGBA(70, 70, 70, 160), RGBA(70, 70, 70, 255), RGBA(70, 70, 70, 160)
158, 1, 1, RGBA(70, 70, 70, 255), RGBA(70, 70, 70, 160), RGBA(66, 66, 66, 255), RGBA(70, 70, 70, 160)
76, 2, 2, RGBA(70, 70, 70, 255), RGBA(70, 70, 70, 160), RGBA(78, 78, 78, 255), RGBA(70, 70, 70, 160)
143, 2, 2, RGBA(70, 70, 70, 255), RGBA(70, 70, 70, 160), RGBA(80, 80, 80, 255), RGBA(70, 70, 70, 160)
120, 2, 2, RGBA(70, 70, 70, 255), RGBA(70, 70, 70, 160), RGBA(78, 78, 78, 255), RGBA(70, 70, 70, 160)
315, 2, 1, RGBA(70, 70, 70, 255), RGBA(70, 70, 70, 160), RGBA(72, 72, 72, 255), RGBA(70, 70, 70, 160)
256, 1, 1, RGBA(70, 70, 70, 255), RGBA(70, 70, 70, 160), RGBA(64, 64, 64, 255), RGBA(70, 70, 70, 160)
288, 1, 1, RGBA(70, 70, 70, 255), RGBA(70, 70, 70, 160), RGBA(62, 62, 62, 255), RGBA(70, 70, 70, 160)
54, 1, 1, RGBA(78, 78, 78, 255), RGBA(70, 70, 70, 160), RGBA(70, 70, 70, 255), RGBA(70, 70, 70, 160)
257, 1, 1, RGBA(70, 70, 70, 255), RGBA(70, 70, 70, 160), RGBA(66, 66, 66, 255), RGBA(70, 70, 70, 160)
276, 1, 1, RGBA(70, 70, 70, 255), RGBA(70, 70, 70, 160), RGBA(60, 60, 60, 255), RGBA(70, 70, 70, 160)
62, 1, 1, RGBA(72, 72, 72, 255), RGBA(70, 70, 70, 160), RGBA(70, 70, 70, 255), RGBA(70, 70, 70, 160)
35, 1, 1, RGBA(70, 70, 70, 255), RGBA(70, 70, 70, 160), RGBA(62, 62, 62, 255), RGBA(70, 70, 70, 160)
117, 1, 1, RGBA(72, 72, 72, 255), RGBA(70, 70, 70, 160), RGBA(70, 70, 70, 255), RGBA(70, 70, 70, 160)
272, 2, 2, RGBA(70, 70, 70, 255), RGBA(70, 70, 70, 160), RGBA(74, 74, 74, 255), RGBA(70, 70, 70, 160)
130, 2, 2, RGBA(70, 70, 70, 255), RGBA(70, 70, 70, 160), RGBA(76, 76, 76, 255), RGBA(70, 70, 70, 160)
159, 2, 2, RGBA(68, 68, 68, 255), RGBA(70, 70, 70, 160), RGBA(70, 70, 70, 255), RGBA(70, 70, 70, 160)
258, 2, 2, RGBA(68, 68, 68, 255), RGBA(70, 70, 70, 160), RGBA(70, 70, 70, 255), RGBA(70, 70, 70, 160)
317, 1, 1, RGBA(76, 76, 76, 255), RGBA(70, 70, 70, 160), RGBA(70, 70, 70, 255), RGBA(70, 70, 70, 160)
46, 1, 1, RGBA(70, 70, 70, 255), RGBA(70, 70, 70, 160), RGBA(62, 62, 62, 255), RGBA(70, 70, 70, 160)
153, 2, 2, RGBA(70, 70, 70, 255), RGBA(70, 70, 70, 160), RGBA(78, 78, 78, 255), RGBA(70, 70, 70, 160)
121, 1, 1, RGBA(80, 80, 80, 255), RGBA(70, 70, 70, 160), RGBA(70, 70, 70, 255), RGBA(70, 70, 70, 160)
161, 1, 2, RGBA(72, 72, 72, 255), RGBA(70, 70, 70, 160), RGBA(70, 70, 70, 255), RGBA(70, 70, 70, 160)
129, 1, 2, RGBA(74, 74, 74, 255), RGBA(70, 70, 70, 160), RGBA(70, 70, 70, 255), RGBA(70, 70, 70, 160)
273, 2, 2, RGBA(70, 70, 70, 255), RGBA(70, 70, 70, 160), RGBA(76, 76, 76, 255), RGBA(70, 70, 70, 160)
301, 1, 1, RGBA(70, 70, 70, 255), RGBA(70, 70, 70, 160), RGBA(66, 66, 66, 255), RGBA(70, 70, 70, 160)
226, 1, 2, RGBA(70, 70, 70, 255), RGBA(70, 70, 70, 160), RGBA(70, 70, 70, 255), RGBA(70, 70, 70, 160)
173, 2, 1, RGBA(70, 70, 70, 255), RGBA(70, 70, 70, 160), RGBA(74, 74, 74, 255), RGBA(70, 70, 70, 160)
236, 1, 1, RGBA(70, 70, 70, 255), RGBA(70, 70, 70, 160), RGBA(68, 68, 68, 255), RGBA(70, 70, 70, 160)
316, 1, 1, RGBA(74, 74, 74, 255), RGBA(70, 70, 70, 160), RGBA(70, 70, 70, 255), RGBA(70, 70, 70, 160)
33, 2, 2, RGBA(70, 70, 70, 255), RGBA(70, 70, 70, 160), RGBA(80, 80, 80, 255), RGBA(70, 70, 70, 160)
138, 1, 2, RGBA(70, 70, 70, 255), RGBA(70, 70, 70, 160), RGBA(70, 70, 70, 255), RGBA(70, 70, 70, 160)
1, 1, 1, RGBA(70, 70, 70, 255), RGBA(70, 70, 70, 160), RGBA(60, 60, 60, 255), RGBA(70, 70, 70, 160)
323, 2, 2, RGBA(66, 66, 66, 255), RGBA(70, 70, 70, 160), RGBA(70, 70, 70, 255), RGBA(70, 70, 70, 160)
284, 2, 2, RGBA(70, 70, 70, 255), RGBA(70, 70, 70, 160), RGBA(76, 76, 76, 255), RGBA(70, 70, 70, 160)
43, 2, 2, RGBA(70, 70, 70, 255), RGBA(70, 70, 70, 160), RGBA(78, 78, 78, 255), RGBA(70, 70, 70, 160)
262, 2, 1, RGBA(70, 70, 70, 255), RGBA(70, 70, 70, 160), RGBA(76, 76, 76, 255), RGBA(70, 70, 70, 160)
107, 2, 2, RGBA(70, 70, 70, 255), RGBA(70, 70, 70, 160), RGBA(74, 74, 74, 255), RGBA(70, 70, 70, 160)
25, 2, 2, RGBA(64, 64, 64, 255), RGBA(70, 70, 70, 160), RGBA(70, 70, 70, 255), RGBA(70, 70, 70, 160)
39, 2, 2, RGBA(70, 70, 70, 255), RGBA(70, 70, 70, 160), RGBA(70, 70, 70, 255), RGBA(70, 70, 70, 160)
187, 1, 1, RGBA(80, 80, 80, 255), RGBA(70, 70, 70, 160), RGBA(70, 70, 70, 255), RGBA(70, 70, 70, 160)
280, 2, 2, RGBA(68, 68, 68, 255), RGBA(70, 70, 70, 160), RGBA(70, 70, 70, 255), RGBA(70, 70, 70, 160)
296, 2, 2, RGBA(70, 70, 70, 255), RGBA(70, 70, 70, 160), RGBA(78, 78, 78, 255), RGBA(70, 70, 70, 160)
79, 2, 2, RGBA(62, 62, 62, 255), RGBA(70, 70, 70, 160), RGBA(70, 70, 70, 255), RGBA(70, 70, 70, 160)
309, 2, 2, RGBA(60, 60, 60, 255), RGBA(70, 70, 70, 160), RGBA(70, 70, 70, 255), RGBA(70, 70, 70, 160)
75, 2, 2, RGBA(70, 70, 70, 255), RGBA(70, 70, 70, 160), RGBA(76, 76, 76, 255), RGBA(70, 70, 70, 160)
135, 2, 2, RGBA(64, 64, 64, 255), RGBA(70, 70, 70, 160), RGBA(70, 70, 70, 255), RGBA(70, 70, 70, 160)
216, 2, 2, RGBA(70, 70, 70, 255), RGBA(70, 70, 70, 160), RGBA(72, 72, 72, 255), RGBA(70, 70, 70, 160)
242, 1, 1, RGBA(80, 80, 80, 255), RGBA(70, 70, 70, 160), RGBA(70, 70, 70, 255), RGBA(70, 70, 70, 160)
144, 1, 1, RGBA(70, 70, 70, 255), RGBA(70, 70, 70, 160), RGBA(60, 60, 60, 255), RGBA(70, 70, 70, 160)
289, 1, 1, RGBA(70, 70, 70, 255), RGBA(70, 70, 70, 160), RGBA(64, 64, 64, 255), RGBA(70, 70, 70, 160)
232, 2, 2, RGBA(60, 60, 60, 255), RGBA(70, 70, 70, 160), RGBA(70, 70, 70, 255), RGBA(70, 70, 70, 160)
310, 1, 1, RGBA(70, 70, 70, 255), RGBA(70, 70, 70, 160), RGBA(62, 62, 62, 255), RGBA(70, 70, 70, 160)
192, 2, 2, RGBA(68, 68, 68, 255), RGBA(70, 70, 70, 160), RGBA(70, 70, 70, 255), RGBA(70, 70, 70, 160)
325, 2, 2, RGBA(70, 70, 70, 255), RGBA(70, 70, 70, 160), RGBA(70, 70, 70, 255), RGBA(70, 70, 70, 160)
266, 2, 2, RGBA(62, 62, 62, 255), RGBA(70, 70, 70, 160), RGBA(70, 70, 70, 255), RGBA(70, 70, 70, 160)
253, 2, 1, RGBA(70, 70, 70, 255), RGBA(70, 70, 70, 160), RGBA(80, 80, 80, 255), RGBA(70, 70, 70, 160)
238, 1, 2, RGBA(72, 72, 72, 255), RGBA(70, 70, 70, 160), RGBA(70, 70, 70, 255), RGBA(70, 70, 70, 160)
202, 1, 1, RGBA(70, 70, 70, 255), RGBA(70, 70, 70, 160), RGBA(66, 66, 66, 255), RGBA(70, 70, 70, 160)
5, 2, 2, RGBA(68, 68, 68, 255), RGBA(70, 70, 70, 160), RGBA(70, 70, 70, 255), RGBA(70, 70, 70, 160)
52, 2, 2, RGBA(70, 70, 70, 255), RGBA(70, 70, 70, 160), RGBA(74, 74, 74, 255), RGBA(70, 70, 70, 160)
108, 2, 2, RGBA(70, 70, 70, 255), RGBA(70, 70, 70, 160), RGBA(76, 76, 76, 255), RGBA(70, 70, 70, 160)
137, 2, 2, RGBA(68, 68, 68, 255), RGBA(70, 70, 70, 160), RGBA(70, 70, 70, 255), RGBA(70, 70, 70, 160)
113, 1, 1, RGBA(70, 70, 70, 255), RGBA(70, 70, 70, 160), RGBA(64, 64, 64, 255), RGBA(70, 70, 70, 160)
81, 1, 2, RGBA(70, 70, 70, 255), RGBA(70, 70, 70, 160), RGBA(66, 66, 66, 255), RGBA(70, 70, 70, 160)
229, 1, 1, RGBA(76, 76, 76, 255), RGBA(70, 70, 70, 160), RGBA(70, 70, 70, 255), RGBA(70, 70, 70, 160)
305, 2, 2, RGBA(70, 70, 70, 255), RGBA(70, 70, 70, 160), RGBA(74, 74, 74, 255), RGBA(70, 70, 70, 160)
40, 2, 2, RGBA(70, 70, 70, 255), RGBA(70, 70, 70, 160), RGBA(72, 72, 72, 255), RGBA(70, 70, 70, 160)
57, 2, 2, RGBA(62, 62, 62, 255), RGBA(70, 70, 70, 160), RGBA(70, 70, 70, 255), RGBA(70, 70, 70, 160)
150, 2, 1, RGBA(70, 70, 70, 255), RGBA(70, 70, 70, 160), RGBA(72, 72, 72, 255), RGBA(70, 70, 70, 160)
245, 2, 2, RGBA(64, 64, 64, 255), RGBA(70, 70, 70, 160), RGBA(70, 70, 70, 255), RGBA(70, 70, 70, 160)
134, 1, 1, RGBA(70, 70, 70, 255), RGBA(70, 70, 70, 160), RGBA(62, 62, 62, 255), RGBA(70, 70, 70, 160)
15, 2, 1, RGBA(66, 66, 66, 255), RGBA(70, 70, 70, 160), RGBA(70, 70, 70, 255), RGBA(70, 70, 70, 160)
221, 1, 1, RGBA(70, 70, 70, 255), RGBA(70, 70, 70, 160), RGBA(60, 60, 60, 255), RGBA(70, 70, 70, 160)
269, 2, 2, RGBA(68, 68, 68, 255), RGBA(70, 70, 70, 160), RGBA(70, 70, 70, 255), RGBA(70, 70, 70, 160)
195, 1, 1, RGBA(74, 74, 74, 255), RGBA(70, 70, 70, 160), RGBA(70, 70, 70, 255), RGBA(70, 70, 70, 160)
65, 1, 1, RGBA(78, 78, 78, 255), RGBA(70, 70, 70, 160), RGBA(70, 70, 70, 255), RGBA(70, 70, 70, 160)
299, 2, 2, RGBA(62, 62, 62, 255), RGBA(70, 70, 70, 160), RGBA(70, 70, 70, 255), RGBA(70, 70, 70, 160)
