70,70,70,70,70,70,76,76,76,70,70,70,218,1
60,60,60,70,70,70,62,62,62,70,70,70,695,2
70,70,70,70,70,70,70,70,70,68,68,68,379,1
70,70,70,70,70,70,66,66,66,70,70,70,609,2
70,70,70,70,70,70,74,74,74,70,70,70,745,1
70,70,70,70,70,70,74,74,74,70,70,70,118,1
70,70,70,70,70,70,62,62,62,70,70,70,211,2
70,70,70,80,80,80,70,70,70,70,70,70,61,2
70,70,70,70,70,70,70,70,70,70,70,70,710,1
70,70,70,60,60,60,70,70,70,66,66,66,466,1
70,70,70,70,70,70,70,70,70,64,64,64,443,1
70,70,70,60,60,60,70,70,70,60,60,60,397,1
70,70,70,60,60,60,70,70,70,68,68,68,896,1
70,70,70,70,70,70,74,74,74,70,70,70,481,1
80,80,80,70,70,70,62,62,62,70,70,70,552,2
70,70,70,60,60,60,70,70,70,68,68,68,368,1
80,80,80,70,70,70,62,62,62,70,70,70,387,2
70,70,70,60,60,60,70,70,70,74,74,74,767,2
70,70,70,70,70,70,78,78,78,70,70,70,714,1
70,70,70,70,70,70,70,70,70,66,66,66,378,1
70,70,70,60,60,60,70,70,70,68,68,68,764,1
70,70,70,60,60,60,70,70,70,62,62,62,794,1
70,70,70,70,70,70,70,70,70,64,64,64,278,1
70,70,70,60,60,60,70,70,70,60,60,60,1,1
70,70,70,80,80,80,70,70,70,60,60,60,23,1
70,70,70,80,80,80,70,70,70,70,70,70,28,2
70,70,70,70,70,70,72,72,72,70,70,70,249,1
80,80,80,70,70,70,78,78,78,70,70,70,890,1
70,70,70,80,80,80,70,70,70,64,64,64,883,1
70,70,70,80,80,80,70,70,70,66,66,66,719,1
80,80,80,70,70,70,62,62,62,70,70,70,585,2
70,70,70,60,60,60,70,70,70,76,76,76,933,2
70,70,70,80,80,80,70,70,70,78,78,78,560,2
70,70,70,70,70,70,76,76,76,70,70,70,812,1
70,70,70,70,70,70,78,78,78,70,70,70,219,1
70,70,70,70,70,70,68,68,68,70,70,70,742,2
70,70,70,80,80,80,70,70,70,68,68,68,324,1
70,70,70,70,70,70,74,74,74,70,70,70,877,1
70,70,70,60,60,60,70,70,70,66,66,66,862,1
70,70,70,70,70,70,60,60,60,70,70,70,837,2
70,70,70,70,70,70,80,80,80,70,70,70,220,1
70,70,70,70,70,70,70,70,70,76,76,76,713,2
70,70,70,70,70,70,70,70,70,76,76,76,911,2
70,70,70,70,70,70,70,70,70,62,62,62,838,1
70,70,70,70,70,70,70,70,70,60,60,60,903,1
70,70,70,70,70,70,70,70,70,60,60,60,45,1
60,60,60,70,70,70,62,62,62,70,70,70,332,2
60,60,60,70,70,70,70,70,70,70,70,70,435,1
70,70,70,80,80,80,70,70,70,70,70,70,754,2
70,70,70,70,70,70,64,64,64,70,70,70,740,2
60,60,60,70,70,70,72,72,72,70,70,70,172,1
70,70,70,70,70,70,72,72,72,70,70,70,117,1
70,70,70,60,60,60,70,70,70,68,68,68,104,1
70,70,70,60,60,60,70,70,70,78,78,78,307,2
70,70,70,60,60,60,70,70,70,62,62,62,2,1
70,70,70,70,70,70,70,70,70,66,66,66,576,1
70,70,70,70,70,70,64,64,64,70,70,70,47,2
60,60,60,70,70,70,80,80,80,70,70,70,407,1
60,60,60,70,70,70,74,74,74,70,70,70,569,1
70,70,70,80,80,80,70,70,70,62,62,62,849,1
70,70,70,70,70,70,70,70,70,64,64,64,212,1
70,70,70,70,70,70,72,72,72,70,70,70,711,1
60,60,60,70,70,70,72,72,72,70,70,70,7,1
70,70,70,70,70,70,70,70,70,70,70,70,941,1
60,60,60,70,70,70,62,62,62,70,70,70,563,2
70,70,70,60,60,60,70,70,70,70,70,70,732,2
70,70,70,80,80,80,70,70,70,68,68,68,951,1
70,70,70,70,70,70,70,70,70,64,64,64,344,1
60,60,60,70,70,70,76,76,76,70,70,70,537,1
70,70,70,80,80,80,70,70,70,68,68,68,786,1
70,70,70,70,70,70,70,70,70,80,80,80,583,2
80,80,80,70,70,70,78,78,78,70,70,70,263,1
70,70,70,70,70,70,68,68,68,70,70,70,16,2
70,70,70,80,80,80,70,70,70,66,66,66,653,1
80,80,80,70,70,70,74,74,74,70,70,70,789,1
70,70,70,60,60,60,70,70,70,72,72,72,205,2
70,70,70,70,70,70,70,70,70,70,70,70,875,2
70,70,70,70,70,70,72,72,72,70,70,70,645,1
80,80,80,70,70,70,80,80,80,70,70,70,33,1
70,70,70,70,70,70,70,70,70,70,70,70,281,1
70,70,70,80,80,80,70,70,70,60,60,60,881,1
60,60,60,70,70,70,66,66,66,70,70,70,103,2
80,80,80,70,70,70,64,64,64,70,70,70,256,2
70,70,70,60,60,60,70,70,70,80,80,80,836,2
70,70,70,70,70,70,76,76,76,70,70,70,515,1
80,80,80,70,70,70,64,64,64,70,70,70,916,2
70,70,70,70,70,70,70,70,70,78,78,78,351,2
60,60,60,70,70,70,68,68,68,70,70,70,599,2
70,70,70,80,80,80,70,70,70,78,78,78,659,2
80,80,80,70,70,70,70,70,70,70,70,70,787,1
70,70,70,60,60,60,70,70,70,78,78,78,406,2
60,60,60,70,70,70,80,80,80,70,70,70,110,1
80,80,80,70,70,70,80,80,80,70,70,70,660,1
70,70,70,70,70,70,74,74,74,70,70,70,844,1
80,80,80,70,70,70,64,64,64,70,70,70,157,2
60,60,60,70,70,70,66,66,66,70,70,70,829,2
70,70,70,70,70,70,76,76,76,70,70,70,779,1
80,80,80,70,70,70,70,70,70,70,70,70,985,1
60,60,60,70,70,70,62,62,62,70,70,70,200,2
70,70,70,70,70,70,74,74,74,70,70,70,646,1
80,80,80,70,70,70,68,68,68,70,70,70,390,2
70,70,70,80,80,80,70,70,70,72,72,72,788,2
70,70,70,70,70,70,70,70,70,62,62,62,508,1
80,80,80,70,70,70,68,68,68,70,70,70,720,2
80,80,80,70,70,70,72,72,72,70,70,70,920,1
70,70,70,60,60,60,70,70,70,74,74,74,140,2
70,70,70,70,70,70,70,70,70,80,80,80,55,2
60,60,60,70,70,70,80,80,80,70,70,70,308,1
80,80,80,70,70,70,80,80,80,70,70,70,891,1
70,70,70,80,80,80,70,70,70,62,62,62,981,1
60,60,60,70,70,70,60,60,60,70,70,70,958,2
70,70,70,60,60,60,70,70,70,60,60,60,892,1
80,80,80,70,70,70,68,68,68,70,70,70,159,2
60,60,60,70,70,70,70,70,70,70,70,70,864,1
60,60,60,70,70,70,70,70,70,70,70,70,765,1
70,70,70,80,80,80,70,70,70,68,68,68,225,1
70,70,70,70,70,70,70,70,70,74,74,74,250,2
60,60,60,70,70,70,70,70,70,70,70,70,831,1
80,80,80,70,70,70,70,70,70,70,70,70,391,1
60,60,60,70,70,70,70,70,70,70,70,70,270,1
70,70,70,70,70,70,78,78,78,70,70,70,21,1
70,70,70,70,70,70,72,72,72,70,70,70,843,1
60,60,60,70,70,70,72,72,72,70,70,70,964,1
60,60,60,70,70,70,66,66,66,70,70,70,433,2
60,60,60,70,70,70,64,64,64,70,70,70,960,2
70,70,70,80,80,80,70,70,70,74,74,74,657,2
60,60,60,70,70,70,80,80,80,70,70,70,341,1
70,70,70,60,60,60,70,70,70,66,66,66,961,1
70,70,70,70,70,70,62,62,62,70,70,70,376,2
70,70,70,70,70,70,70,70,70,62,62,62,277,1
70,70,70,70,70,70,70,70,70,78,78,78,516,2
70,70,70,60,60,60,70,70,70,80,80,80,737,2
60,60,60,70,70,70,62,62,62,70,70,70,101,2
70,70,70,70,70,70,78,78,78,70,70,70,252,1
70,70,70,60,60,60,70,70,70,72,72,72,634,2
80,80,80,70,70,70,70,70,70,70,70,70,589,1
70,70,70,80,80,80,70,70,70,62,62,62,453,1
70,70,70,60,60,60,70,70,70,64,64,64,828,1
60,60,60,70,70,70,76,76,76,70,70,70,240,1
70,70,70,70,70,70,70,70,70,66,66,66,642,1
70,70,70,60,60,60,70,70,70,60,60,60,265,1
70,70,70,70,70,70,70,70,70,80,80,80,847,2
70,70,70,70,70,70,76,76,76,70,70,70,647,1
80,80,80,70,70,70,70,70,70,70,70,70,886,1
70,70,70,80,80,80,70,70,70,68,68,68,588,1
70,70,70,60,60,60,70,70,70,68,68,68,236,1
70,70,70,70,70,70,70,70,70,80,80,80,484,2
70,70,70,80,80,80,70,70,70,74,74,74,393,2
80,80,80,70,70,70,70,70,70,70,70,70,952,1
80,80,80,70,70,70,74,74,74,70,70,70,624,1
70,70,70,80,80,80,70,70,70,74,74,74,888,2
80,80,80,70,70,70,76,76,76,70,70,70,229,1
70,70,70,80,80,80,70,70,70,78,78,78,593,2
70,70,70,60,60,60,70,70,70,68,68,68,401,1
70,70,70,70,70,70,70,70,70,76,76,76,86,2
70,70,70,80,80,80,70,70,70,64,64,64,223,1
70,70,70,80,80,80,70,70,70,66,66,66,785,1
60,60,60,70,70,70,74,74,74,70,70,70,503,1
60,60,60,70,70,70,78,78,78,70,70,70,274,1
80,80,80,70,70,70,76,76,76,70,70,70,427,1
70,70,70,70,70,70,60,60,60,70,70,70,870,2
70,70,70,80,80,80,70,70,70,64,64,64,25,1
70,70,70,60,60,60,70,70,70,72,72,72,799,2
70,70,70,60,60,60,70,70,70,80,80,80,968,2
60,60,60,70,70,70,60,60,60,70,70,70,67,2
60,60,60,70,70,70,74,74,74,70,70,70,536,1
60,60,60,70,70,70,80,80,80,70,70,70,242,1
60,60,60,70,70,70,62,62,62,70,70,70,959,2
70,70,70,80,80,80,70,70,70,64,64,64,718,1
70,70,70,70,70,70,70,70,70,66,66,66,939,1
70,70,70,70,70,70,70,70,70,80,80,80,682,2
80,80,80,70,70,70,72,72,72,70,70,70,656,1
60,60,60,70,70,70,60,60,60,70,70,70,133,2
70,70,70,70,70,70,70,70,70,66,66,66,81,1
60,60,60,70,70,70,74,74,74,70,70,70,668,1
60,60,60,70,70,70,64,64,64,70,70,70,465,2
70,70,70,60,60,60,70,70,70,64,64,64,498,1
70,70,70,70,70,70,70,70,70,74,74,74,283,2
70,70,70,60,60,60,70,70,70,60,60,60,232,1
70,70,70,80,80,80,70,70,70,80,80,80,825,2
60,60,60,70,70,70,68,68,68,70,70,70,203,2
70,70,70,80,80,80,70,70,70,66,66,66,422,1
70,70,70,60,60,60,70,70,70,80,80,80,440,2
70,70,70,60,60,60,70,70,70,76,76,76,207,2
60,60,60,70,70,70,64,64,64,70,70,70,399,2
80,80,80,70,70,70,68,68,68,70,70,70,126,2
80,80,80,70,70,70,80,80,80,70,70,70,528,1
70,70,70,70,70,70,70,70,70,64,64,64,311,1
80,80,80,70,70,70,78,78,78,70,70,70,494,1
80,80,80,70,70,70,74,74,74,70,70,70,96,1
70,70,70,70,70,70,62,62,62,70,70,70,772,2
80,80,80,70,70,70,80,80,80,70,70,70,726,1
60,60,60,70,70,70,76,76,76,70,70,70,438,1
70,70,70,60,60,60,70,70,70,72,72,72,832,2
70,70,70,70,70,70,78,78,78,70,70,70,549,1
70,70,70,60,60,60,70,70,70,68,68,68,434,1
70,70,70,70,70,70,70,70,70,72,72,72,975,2
80,80,80,70,70,70,68,68,68,70,70,70,555,2
60,60,60,70,70,70,62,62,62,70,70,70,365,2
60,60,60,70,70,70,80,80,80,70,70,70,374,1
70,70,70,70,70,70,62,62,62,70,70,70,343,2
60,60,60,70,70,70,64,64,64,70,70,70,630,2
70,70,70,80,80,80,70,70,70,62,62,62,816,1
60,60,60,70,70,70,72,72,72,70,70,70,337,1
70,70,70,60,60,60,70,70,70,78,78,78,736,2
80,80,80,70,70,70,66,66,66,70,70,70,257,2
70,70,70,60,60,60,70,70,70,72,72,72,667,2
80,80,80,70,70,70,80,80,80,70,70,70,924,1
70,70,70,70,70,70,70,70,70,72,72,72,612,2
70,70,70,60,60,60,70,70,70,78,78,78,439,2
70,70,70,70,70,70,70,70,70,60,60,60,606,1
70,70,70,70,70,70,66,66,66,70,70,70,477,2
70,70,70,60,60,60,70,70,70,68,68,68,929,1
70,70,70,60,60,60,70,70,70,66,66,66,532,1
70,70,70,70,70,70,62,62,62,70,70,70,541,2
60,60,60,70,70,70,74,74,74,70,70,70,734,1
60,60,60,70,70,70,78,78,78,70,70,70,967,1
70,70,70,70,70,70,78,78,78,70,70,70,54,1
70,70,70,80,80,80,70,70,70,80,80,80,330,2
60,60,60,70,70,70,70,70,70,70,70,70,39,1
60,60,60,70,70,70,64,64,64,70,70,70,795,2
70,70,70,60,60,60,70,70,70,74,74,74,965,2
80,80,80,70,70,70,68,68,68,70,70,70,522,2
70,70,70,80,80,80,70,70,70,74,74,74,921,2
70,70,70,70,70,70,64,64,64,70,70,70,80,2
80,80,80,70,70,70,74,74,74,70,70,70,228,1
70,70,70,80,80,80,70,70,70,76,76,76,196,2
70,70,70,60,60,60,70,70,70,74,74,74,404,2
70,70,70,70,70,70,68,68,68,70,70,70,445,2
70,70,70,70,70,70,64,64,64,70,70,70,872,2
70,70,70,70,70,70,68,68,68,70,70,70,115,2
60,60,60,70,70,70,72,72,72,70,70,70,238,1
60,60,60,70,70,70,68,68,68,70,70,70,5,2
60,60,60,70,70,70,68,68,68,70,70,70,566,2
70,70,70,80,80,80,70,70,70,78,78,78,791,2
60,60,60,70,70,70,70,70,70,70,70,70,237,1
60,60,60,70,70,70,66,66,66,70,70,70,268,2
70,70,70,70,70,70,70,70,70,62,62,62,673,1
70,70,70,70,70,70,64,64,64,70,70,70,608,2
70,70,70,80,80,80,70,70,70,68,68,68,93,1
70,70,70,60,60,60,70,70,70,78,78,78,901,2
70,70,70,70,70,70,68,68,68,70,70,70,874,2
60,60,60,70,70,70,74,74,74,70,70,70,107,1
80,80,80,70,70,70,70,70,70,70,70,70,820,1
70,70,70,60,60,60,70,70,70,60,60,60,793,1
70,70,70,80,80,80,70,70,70,60,60,60,452,1
80,80,80,70,70,70,60,60,60,70,70,70,947,2
70,70,70,60,60,60,70,70,70,70,70,70,600,2
70,70,70,70,70,70,64,64,64,70,70,70,410,2
60,60,60,70,70,70,76,76,76,70,70,70,405,1
60,60,60,70,70,70,66,66,66,70,70,70,235,2
60,60,60,70,70,70,76,76,76,70,70,70,735,1
70,70,70,60,60,60,70,70,70,60,60,60,166,1
70,70,70,80,80,80,70,70,70,72,72,72,293,2
60,60,60,70,70,70,66,66,66,70,70,70,598,2
70,70,70,70,70,70,70,70,70,74,74,74,811,2
70,70,70,70,70,70,70,70,70,72,72,72,447,2
80,80,80,70,70,70,80,80,80,70,70,70,495,1
70,70,70,70,70,70,70,70,70,72,72,72,51,2
70,70,70,70,70,70,64,64,64,70,70,70,245,2
70,70,70,80,80,80,70,70,70,72,72,72,854,2
70,70,70,70,70,70,70,70,70,64,64,64,509,1
70,70,70,70,70,70,70,70,70,74,74,74,316,2
70,70,70,70,70,70,70,70,70,74,74,74,382,2
70,70,70,80,80,80,70,70,70,72,72,72,458,2
70,70,70,70,70,70,68,68,68,70,70,70,907,2
70,70,70,60,60,60,70,70,70,76,76,76,471,2
60,60,60,70,70,70,62,62,62,70,70,70,662,2
70,70,70,70,70,70,70,70,70,64,64,64,476,1
70,70,70,70,70,70,70,70,70,74,74,74,613,2
70,70,70,70,70,70,78,78,78,70,70,70,648,1
70,70,70,60,60,60,70,70,70,80,80,80,638,2
70,70,70,80,80,80,70,70,70,66,66,66,125,1
60,60,60,70,70,70,70,70,70,70,70,70,105,1
70,70,70,80,80,80,70,70,70,78,78,78,395,2
70,70,70,60,60,60,70,70,70,72,72,72,865,2
80,80,80,70,70,70,72,72,72,70,70,70,623,1
60,60,60,70,70,70,68,68,68,70,70,70,830,2
70,70,70,60,60,60,70,70,70,80,80,80,539,2
70,70,70,60,60,60,70,70,70,76,76,76,504,2
70,70,70,70,70,70,74,74,74,70,70,70,679,1
80,80,80,70,70,70,76,76,76,70,70,70,856,1
80,80,80,70,70,70,78,78,78,70,70,70,197,1
80,80,80,70,70,70,60,60,60,70,70,70,848,2
80,80,80,70,70,70,62,62,62,70,70,70,684,2
70,70,70,70,70,70,70,70,70,72,72,72,216,2
60,60,60,70,70,70,64,64,64,70,70,70,366,2
70,70,70,70,70,70,70,70,70,78,78,78,87,2
70,70,70,70,70,70,70,70,70,80,80,80,616,2
60,60,60,70,70,70,76,76,76,70,70,70,834,1
70,70,70,80,80,80,70,70,70,80,80,80,990,2
80,80,80,70,70,70,64,64,64,70,70,70,487,2
70,70,70,80,80,80,70,70,70,72,72,72,524,2
70,70,70,80,80,80,70,70,70,80,80,80,231,2
70,70,70,60,60,60,70,70,70,78,78,78,934,2
70,70,70,70,70,70,74,74,74,70,70,70,184,1
60,60,60,70,70,70,70,70,70,70,70,70,963,1
80,80,80,70,70,70,72,72,72,70,70,70,95,1
70,70,70,80,80,80,70,70,70,76,76,76,955,2
70,70,70,70,70,70,70,70,70,62,62,62,145,1
80,80,80,70,70,70,62,62,62,70,70,70,948,2
70,70,70,60,60,60,70,70,70,72,72,72,139,2
70,70,70,80,80,80,70,70,70,80,80,80,132,2
70,70,70,70,70,70,70,70,70,80,80,80,154,2
60,60,60,70,70,70,72,72,72,70,70,70,370,1
70,70,70,70,70,70,74,74,74,70,70,70,19,1
70,70,70,80,80,80,70,70,70,60,60,60,122,1
80,80,80,70,70,70,80,80,80,70,70,70,66,1
70,70,70,70,70,70,70,70,70,62,62,62,904,1
60,60,60,70,70,70,70,70,70,70,70,70,171,1
70,70,70,70,70,70,62,62,62,70,70,70,13,2
60,60,60,70,70,70,62,62,62,70,70,70,68,2
70,70,70,80,80,80,70,70,70,74,74,74,987,2
70,70,70,70,70,70,70,70,70,70,70,70,611,1
80,80,80,70,70,70,62,62,62,70,70,70,354,2
70,70,70,80,80,80,70,70,70,80,80,80,693,2
70,70,70,60,60,60,70,70,70,68,68,68,698,1
70,70,70,80,80,80,70,70,70,60,60,60,551,1
60,60,60,70,70,70,74,74,74,70,70,70,701,1
70,70,70,70,70,70,70,70,70,64,64,64,806,1
60,60,60,70,70,70,76,76,76,70,70,70,801,1
80,80,80,70,70,70,80,80,80,70,70,70,462,1
60,60,60,70,70,70,68,68,68,70,70,70,962,2
70,70,70,70,70,70,70,70,70,72,72,72,777,2
60,60,60,70,70,70,68,68,68,70,70,70,302,2
70,70,70,70,70,70,70,70,70,80,80,80,253,2
70,70,70,70,70,70,70,70,70,80,80,80,748,2
70,70,70,70,70,70,70,70,70,76,76,76,746,2
80,80,80,70,70,70,66,66,66,70,70,70,59,2
70,70,70,70,70,70,66,66,66,70,70,70,675,2
70,70,70,70,70,70,70,70,70,64,64,64,113,1
70,70,70,60,60,60,70,70,70,76,76,76,273,2
60,60,60,70,70,70,74,74,74,70,70,70,833,1
70,70,70,70,70,70,70,70,70,66,66,66,774,1
60,60,60,70,70,70,78,78,78,70,70,70,670,1
60,60,60,70,70,70,60,60,60,70,70,70,529,2
80,80,80,70,70,70,74,74,74,70,70,70,591,1
60,60,60,70,70,70,64,64,64,70,70,70,168,2
70,70,70,80,80,80,70,70,70,60,60,60,221,1
80,80,80,70,70,70,76,76,76,70,70,70,163,1
60,60,60,70,70,70,60,60,60,70,70,70,430,2
70,70,70,60,60,60,70,70,70,60,60,60,298,1
80,80,80,70,70,70,76,76,76,70,70,70,691,1
70,70,70,60,60,60,70,70,70,76,76,76,768,2
70,70,70,70,70,70,70,70,70,66,66,66,15,1
70,70,70,60,60,60,70,70,70,66,66,66,928,1
60,60,60,70,70,70,60,60,60,70,70,70,826,2
70,70,70,70,70,70,76,76,76,70,70,70,119,1
70,70,70,70,70,70,74,74,74,70,70,70,514,1
70,70,70,70,70,70,74,74,74,70,70,70,778,1
80,80,80,70,70,70,72,72,72,70,70,70,161,1
70,70,70,70,70,70,66,66,66,70,70,70,741,2
60,60,60,70,70,70,64,64,64,70,70,70,927,2
80,80,80,70,70,70,62,62,62,70,70,70,420,2
80,80,80,70,70,70,72,72,72,70,70,70,590,1
80,80,80,70,70,70,76,76,76,70,70,70,64,1
70,70,70,60,60,60,70,70,70,74,74,74,866,2
80,80,80,70,70,70,74,74,74,70,70,70,129,1
80,80,80,70,70,70,78,78,78,70,70,70,296,1
60,60,60,70,70,70,80,80,80,70,70,70,176,1
80,80,80,70,70,70,78,78,78,70,70,70,725,1
60,60,60,70,70,70,66,66,66,70,70,70,730,2
70,70,70,80,80,80,70,70,70,74,74,74,954,2
60,60,60,70,70,70,60,60,60,70,70,70,595,2
70,70,70,80,80,80,70,70,70,64,64,64,190,1
70,70,70,60,60,60,70,70,70,76,76,76,42,2
70,70,70,70,70,70,70,70,70,80,80,80,979,2
70,70,70,80,80,80,70,70,70,64,64,64,421,1
70,70,70,70,70,70,68,68,68,70,70,70,280,2
60,60,60,70,70,70,74,74,74,70,70,70,371,1
70,70,70,60,60,60,70,70,70,64,64,64,201,1
70,70,70,60,60,60,70,70,70,78,78,78,43,2
70,70,70,70,70,70,70,70,70,68,68,68,511,1
80,80,80,70,70,70,64,64,64,70,70,70,850,2
70,70,70,70,70,70,70,70,70,68,68,68,577,1
70,70,70,70,70,70,66,66,66,70,70,70,840,2
80,80,80,70,70,70,60,60,60,70,70,70,254,2
60,60,60,70,70,70,64,64,64,70,70,70,564,2
80,80,80,70,70,70,70,70,70,70,70,70,226,1
70,70,70,80,80,80,70,70,70,64,64,64,817,1
70,70,70,70,70,70,60,60,60,70,70,70,804,2
70,70,70,60,60,60,70,70,70,76,76,76,867,2
70,70,70,60,60,60,70,70,70,66,66,66,631,1
70,70,70,70,70,70,70,70,70,66,66,66,807,1
70,70,70,70,70,70,66,66,66,70,70,70,312,2
70,70,70,60,60,60,70,70,70,62,62,62,398,1
60,60,60,70,70,70,64,64,64,70,70,70,663,2
70,70,70,80,80,80,70,70,70,66,66,66,158,1
70,70,70,70,70,70,70,70,70,76,76,76,614,2
70,70,70,80,80,80,70,70,70,60,60,60,782,1
80,80,80,70,70,70,66,66,66,70,70,70,389,2
70,70,70,60,60,60,70,70,70,62,62,62,134,1
70,70,70,70,70,70,70,70,70,64,64,64,146,1
70,70,70,70,70,70,70,70,70,66,66,66,345,1
80,80,80,70,70,70,78,78,78,70,70,70,428,1
80,80,80,70,70,70,74,74,74,70,70,70,261,1
70,70,70,80,80,80,70,70,70,68,68,68,819,1
60,60,60,70,70,70,76,76,76,70,70,70,603,1
70,70,70,70,70,70,78,78,78,70,70,70,483,1
60,60,60,70,70,70,80,80,80,70,70,70,209,1
70,70,70,70,70,70,70,70,70,76,76,76,185,2
70,70,70,80,80,80,70,70,70,72,72,72,326,2
70,70,70,70,70,70,70,70,70,66,66,66,543,1
60,60,60,70,70,70,78,78,78,70,70,70,505,1
70,70,70,60,60,60,70,70,70,66,66,66,70,1
60,60,60,70,70,70,60,60,60,70,70,70,364,2
70,70,70,60,60,60,70,70,70,64,64,64,102,1
70,70,70,60,60,60,70,70,70,76,76,76,141,2
70,70,70,70,70,70,70,70,70,68,68,68,181,1
60,60,60,70,70,70,68,68,68,70,70,70,863,2
70,70,70,70,70,70,72,72,72,70,70,70,678,1
70,70,70,80,80,80,70,70,70,62,62,62,651,1
70,70,70,60,60,60,70,70,70,80,80,80,77,2
70,70,70,70,70,70,72,72,72,70,70,70,480,1
80,80,80,70,70,70,64,64,64,70,70,70,619,2
70,70,70,60,60,60,70,70,70,70,70,70,567,2
70,70,70,80,80,80,70,70,70,66,66,66,92,1
70,70,70,80,80,80,70,70,70,72,72,72,425,2
70,70,70,80,80,80,70,70,70,72,72,72,227,2
70,70,70,80,80,80,70,70,70,72,72,72,821,2
60,60,60,70,70,70,74,74,74,70,70,70,800,1
60,60,60,70,70,70,66,66,66,70,70,70,367,2
70,70,70,70,70,70,72,72,72,70,70,70,282,1
70,70,70,70,70,70,60,60,60,70,70,70,441,2
70,70,70,70,70,70,62,62,62,70,70,70,805,2
80,80,80,70,70,70,66,66,66,70,70,70,851,2
60,60,60,70,70,70,68,68,68,70,70,70,38,2
60,60,60,70,70,70,80,80,80,70,70,70,671,1
70,70,70,80,80,80,70,70,70,76,76,76,757,2
70,70,70,70,70,70,70,70,70,64,64,64,707,1
70,70,70,70,70,70,70,70,70,72,72,72,183,2
70,70,70,70,70,70,70,70,70,70,70,70,149,1
70,70,70,60,60,60,70,70,70,78,78,78,208,2
70,70,70,60,60,60,70,70,70,62,62,62,299,1
60,60,60,70,70,70,62,62,62,70,70,70,926,2
70,70,70,70,70,70,78,78,78,70,70,70,978,1
80,80,80,70,70,70,76,76,76,70,70,70,130,1
70,70,70,80,80,80,70,70,70,70,70,70,259,2
80,80,80,70,70,70,66,66,66,70,70,70,950,2
70,70,70,60,60,60,70,70,70,60,60,60,628,1
70,70,70,60,60,60,70,70,70,66,66,66,169,1
70,70,70,80,80,80,70,70,70,62,62,62,189,1
70,70,70,70,70,70,70,70,70,60,60,60,78,1
70,70,70,60,60,60,70,70,70,76,76,76,966,2
70,70,70,80,80,80,70,70,70,62,62,62,783,1
80,80,80,70,70,70,72,72,72,70,70,70,29,1
70,70,70,60,60,60,70,70,70,60,60,60,694,1
70,70,70,70,70,70,80,80,80,70,70,70,946,1
80,80,80,70,70,70,68,68,68,70,70,70,687,2
60,60,60,70,70,70,62,62,62,70,70,70,431,2
70,70,70,70,70,70,70,70,70,72,72,72,942,2
60,60,60,70,70,70,64,64,64,70,70,70,333,2
60,60,60,70,70,70,62,62,62,70,70,70,893,2
70,70,70,70,70,70,76,76,76,70,70,70,845,1
80,80,80,70,70,70,66,66,66,70,70,70,752,2
70,70,70,70,70,70,70,70,70,66,66,66,147,1
70,70,70,70,70,70,70,70,70,60,60,60,705,1
80,80,80,70,70,70,78,78,78,70,70,70,923,1
70,70,70,60,60,60,70,70,70,60,60,60,925,1
80,80,80,70,70,70,78,78,78,70,70,70,692,1
80,80,80,70,70,70,66,66,66,70,70,70,356,2
60,60,60,70,70,70,72,72,72,70,70,70,733,1
70,70,70,80,80,80,70,70,70,80,80,80,165,2
80,80,80,70,70,70,70,70,70,70,70,70,919,1
70,70,70,70,70,70,72,72,72,70,70,70,546,1
60,60,60,70,70,70,66,66,66,70,70,70,334,2
70,70,70,70,70,70,60,60,60,70,70,70,969,2
60,60,60,70,70,70,80,80,80,70,70,70,44,1
80,80,80,70,70,70,64,64,64,70,70,70,553,2
70,70,70,70,70,70,70,70,70,78,78,78,186,2
70,70,70,70,70,70,70,70,70,66,66,66,114,1
70,70,70,70,70,70,70,70,70,70,70,70,644,2
80,80,80,70,70,70,62,62,62,70,70,70,750,2
70,70,70,80,80,80,70,70,70,68,68,68,852,1
70,70,70,60,60,60,70,70,70,64,64,64,729,1
70,70,70,70,70,70,70,70,70,70,70,70,116,2
70,70,70,70,70,70,64,64,64,70,70,70,377,2
70,70,70,80,80,80,70,70,70,76,76,76,460,2
80,80,80,70,70,70,72,72,72,70,70,70,359,1
60,60,60,70,70,70,70,70,70,70,70,70,303,1
80,80,80,70,70,70,76,76,76,70,70,70,526,1
60,60,60,70,70,70,76,76,76,70,70,70,75,1
60,60,60,70,70,70,78,78,78,70,70,70,373,1
70,70,70,70,70,70,66,66,66,70,70,70,279,2
80,80,80,70,70,70,62,62,62,70,70,70,288,2
60,60,60,70,70,70,62,62,62,70,70,70,167,2
80,80,80,70,70,70,66,66,66,70,70,70,455,2
60,60,60,70,70,70,64,64,64,70,70,70,531,2
80,80,80,70,70,70,60,60,60,70,70,70,980,2
60,60,60,70,70,70,74,74,74,70,70,70,173,1
60,60,60,70,70,70,68,68,68,70,70,70,71,2
70,70,70,80,80,80,70,70,70,60,60,60,89,1
70,70,70,80,80,80,70,70,70,62,62,62,156,1
60,60,60,70,70,70,72,72,72,70,70,70,502,1
70,70,70,80,80,80,70,70,70,66,66,66,620,1
70,70,70,60,60,60,70,70,70,74,74,74,470,2
70,70,70,60,60,60,70,70,70,60,60,60,727,1
70,70,70,70,70,70,70,70,70,64,64,64,674,1
70,70,70,80,80,80,70,70,70,78,78,78,824,2
60,60,60,70,70,70,60,60,60,70,70,70,34,2
70,70,70,80,80,80,70,70,70,68,68,68,456,1
70,70,70,70,70,70,70,70,70,70,70,70,908,2
60,60,60,70,70,70,74,74,74,70,70,70,635,1
70,70,70,70,70,70,60,60,60,70,70,70,738,2
70,70,70,80,80,80,70,70,70,74,74,74,30,2
70,70,70,70,70,70,60,60,60,70,70,70,375,2
70,70,70,70,70,70,70,70,70,72,72,72,513,2
70,70,70,60,60,60,70,70,70,78,78,78,868,2
70,70,70,80,80,80,70,70,70,66,66,66,983,1
70,70,70,60,60,60,70,70,70,80,80,80,473,2
70,70,70,70,70,70,74,74,74,70,70,70,415,1
60,60,60,70,70,70,78,78,78,70,70,70,802,1
80,80,80,70,70,70,70,70,70,70,70,70,490,1
70,70,70,80,80,80,70,70,70,80,80,80,363,2
70,70,70,60,60,60,70,70,70,62,62,62,629,1
60,60,60,70,70,70,74,74,74,70,70,70,239,1
80,80,80,70,70,70,72,72,72,70,70,70,491,1
70,70,70,60,60,60,70,70,70,78,78,78,109,2
70,70,70,70,70,70,70,70,70,80,80,80,649,2
80,80,80,70,70,70,66,66,66,70,70,70,587,2
70,70,70,70,70,70,70,70,70,78,78,78,384,2
70,70,70,70,70,70,70,70,70,76,76,76,20,2
70,70,70,70,70,70,70,70,70,70,70,70,545,1
60,60,60,70,70,70,80,80,80,70,70,70,275,1
80,80,80,70,70,70,70,70,70,70,70,70,721,1
70,70,70,70,70,70,70,70,70,70,70,70,842,1
80,80,80,70,70,70,68,68,68,70,70,70,918,2
60,60,60,70,70,70,72,72,72,70,70,70,73,1
70,70,70,70,70,70,76,76,76,70,70,70,350,1
70,70,70,70,70,70,72,72,72,70,70,70,876,1
80,80,80,70,70,70,72,72,72,70,70,70,194,1
70,70,70,80,80,80,70,70,70,76,76,76,394,2
80,80,80,70,70,70,78,78,78,70,70,70,164,1
80,80,80,70,70,70,74,74,74,70,70,70,294,1
70,70,70,80,80,80,70,70,70,70,70,70,424,2
80,80,80,70,70,70,60,60,60,70,70,70,815,2
70,70,70,80,80,80,70,70,70,64,64,64,751,1
60,60,60,70,70,70,78,78,78,70,70,70,472,1
60,60,60,70,70,70,70,70,70,70,70,70,501,1
80,80,80,70,70,70,60,60,60,70,70,70,287,2
60,60,60,70,70,70,60,60,60,70,70,70,661,2
70,70,70,70,70,70,70,70,70,62,62,62,475,1
70,70,70,70,70,70,72,72,72,70,70,70,909,1
70,70,70,70,70,70,74,74,74,70,70,70,976,1
70,70,70,70,70,70,68,68,68,70,70,70,148,2
70,70,70,70,70,70,70,70,70,70,70,70,413,2
60,60,60,70,70,70,76,76,76,70,70,70,9,1
70,70,70,60,60,60,70,70,70,70,70,70,336,2
70,70,70,60,60,60,70,70,70,72,72,72,271,2
70,70,70,70,70,70,70,70,70,64,64,64,938,1
70,70,70,70,70,70,76,76,76,70,70,70,284,1
70,70,70,60,60,60,70,70,70,62,62,62,596,1
70,70,70,80,80,80,70,70,70,64,64,64,586,1
70,70,70,80,80,80,70,70,70,62,62,62,321,1
70,70,70,80,80,80,70,70,70,60,60,60,386,1
70,70,70,80,80,80,70,70,70,68,68,68,489,1
70,70,70,70,70,70,60,60,60,70,70,70,408,2
70,70,70,70,70,70,70,70,70,78,78,78,846,2
70,70,70,70,70,70,62,62,62,70,70,70,409,2
70,70,70,70,70,70,70,70,70,78,78,78,813,2
70,70,70,70,70,70,70,70,70,78,78,78,285,2
80,80,80,70,70,70,80,80,80,70,70,70,957,1
80,80,80,70,70,70,78,78,78,70,70,70,956,1
70,70,70,60,60,60,70,70,70,70,70,70,897,2
60,60,60,70,70,70,64,64,64,70,70,70,300,2
70,70,70,80,80,80,70,70,70,64,64,64,454,1
70,70,70,80,80,80,70,70,70,64,64,64,388,1
70,70,70,80,80,80,70,70,70,80,80,80,594,2
70,70,70,70,70,70,70,70,70,60,60,60,177,1
70,70,70,80,80,80,70,70,70,74,74,74,756,2
70,70,70,70,70,70,70,70,70,68,68,68,643,1
80,80,80,70,70,70,72,72,72,70,70,70,953,1
70,70,70,70,70,70,74,74,74,70,70,70,217,1
70,70,70,60,60,60,70,70,70,66,66,66,499,1
70,70,70,60,60,60,70,70,70,74,74,74,602,2
70,70,70,60,60,60,70,70,70,74,74,74,305,2
70,70,70,60,60,60,70,70,70,64,64,64,135,1
70,70,70,70,70,70,70,70,70,68,68,68,346,1
80,80,80,70,70,70,70,70,70,70,70,70,853,1
70,70,70,70,70,70,70,70,70,72,72,72,18,2
60,60,60,70,70,70,68,68,68,70,70,70,632,2
70,70,70,60,60,60,70,70,70,72,72,72,40,2
70,70,70,60,60,60,70,70,70,66,66,66,796,1
60,60,60,70,70,70,80,80,80,70,70,70,704,1
70,70,70,70,70,70,70,70,70,70,70,70,677,2
60,60,60,70,70,70,64,64,64,70,70,70,267,2
70,70,70,60,60,60,70,70,70,68,68,68,500,1
70,70,70,70,70,70,80,80,80,70,70,70,814,1
70,70,70,70,70,70,74,74,74,70,70,70,85,1
70,70,70,70,70,70,60,60,60,70,70,70,771,2
60,60,60,70,70,70,72,72,72,70,70,70,304,1
70,70,70,60,60,60,70,70,70,80,80,80,803,2
70,70,70,70,70,70,70,70,70,70,70,70,809,1
70,70,70,60,60,60,70,70,70,66,66,66,697,1
70,70,70,70,70,70,66,66,66,70,70,70,411,2
70,70,70,70,70,70,70,70,70,70,70,70,215,2
60,60,60,70,70,70,74,74,74,70,70,70,206,1
60,60,60,70,70,70,74,74,74,70,70,70,899,1
70,70,70,70,70,70,70,70,70,70,70,70,743,1
70,70,70,70,70,70,70,70,70,64,64,64,575,1
80,80,80,70,70,70,64,64,64,70,70,70,124,2
70,70,70,70,70,70,70,70,70,70,70,70,50,2
60,60,60,70,70,70,66,66,66,70,70,70,400,2
80,80,80,70,70,70,80,80,80,70,70,70,627,1
70,70,70,70,70,70,60,60,60,70,70,70,507,2
70,70,70,80,80,80,70,70,70,80,80,80,429,2
80,80,80,70,70,70,74,74,74,70,70,70,360,1
70,70,70,70,70,70,70,70,70,70,70,70,776,2
70,70,70,70,70,70,70,70,70,60,60,60,243,1
70,70,70,70,70,70,70,70,70,62,62,62,739,1
80,80,80,70,70,70,68,68,68,70,70,70,357,2
70,70,70,70,70,70,62,62,62,70,70,70,937,2
70,70,70,60,60,60,70,70,70,68,68,68,797,1
70,70,70,60,60,60,70,70,70,72,72,72,535,2
80,80,80,70,70,70,78,78,78,70,70,70,758,1
80,80,80,70,70,70,70,70,70,70,70,70,127,1
70,70,70,60,60,60,70,70,70,60,60,60,562,1
70,70,70,70,70,70,64,64,64,70,70,70,641,2
70,70,70,70,70,70,68,68,68,70,70,70,841,2
70,70,70,80,80,80,70,70,70,76,76,76,823,2
70,70,70,70,70,70,70,70,70,62,62,62,79,1
70,70,70,80,80,80,70,70,70,78,78,78,32,2
70,70,70,70,70,70,68,68,68,70,70,70,808,2
70,70,70,70,70,70,70,70,70,64,64,64,542,1
70,70,70,70,70,70,72,72,72,70,70,70,579,1
60,60,60,70,70,70,66,66,66,70,70,70,895,2
70,70,70,80,80,80,70,70,70,68,68,68,60,1
70,70,70,70,70,70,70,70,70,78,78,78,417,2
70,70,70,70,70,70,70,70,70,78,78,78,582,2
70,70,70,70,70,70,68,68,68,70,70,70,214,2
60,60,60,70,70,70,60,60,60,70,70,70,496,2
70,70,70,70,70,70,80,80,80,70,70,70,88,1
80,80,80,70,70,70,72,72,72,70,70,70,260,1
70,70,70,80,80,80,70,70,70,62,62,62,123,1
70,70,70,60,60,60,70,70,70,70,70,70,72,2
70,70,70,70,70,70,78,78,78,70,70,70,318,1
70,70,70,60,60,60,70,70,70,70,70,70,699,2
60,60,60,70,70,70,76,76,76,70,70,70,306,1
80,80,80,70,70,70,74,74,74,70,70,70,723,1
70,70,70,60,60,60,70,70,70,78,78,78,175,2
80,80,80,70,70,70,60,60,60,70,70,70,683,2
70,70,70,80,80,80,70,70,70,72,72,72,986,2
70,70,70,70,70,70,70,70,70,76,76,76,152,2
60,60,60,70,70,70,72,72,72,70,70,70,898,1
70,70,70,60,60,60,70,70,70,78,78,78,571,2
80,80,80,70,70,70,64,64,64,70,70,70,685,2
80,80,80,70,70,70,60,60,60,70,70,70,914,2
80,80,80,70,70,70,60,60,60,70,70,70,518,2
70,70,70,70,70,70,62,62,62,70,70,70,178,2
70,70,70,70,70,70,70,70,70,70,70,70,578,2
70,70,70,80,80,80,70,70,70,76,76,76,922,2
70,70,70,70,70,70,70,70,70,62,62,62,574,1
70,70,70,80,80,80,70,70,70,74,74,74,162,2
80,80,80,70,70,70,68,68,68,70,70,70,291,2
80,80,80,70,70,70,66,66,66,70,70,70,686,2
70,70,70,80,80,80,70,70,70,62,62,62,486,1
70,70,70,60,60,60,70,70,70,78,78,78,703,2
70,70,70,60,60,60,70,70,70,72,72,72,700,2
70,70,70,80,80,80,70,70,70,80,80,80,561,2
70,70,70,60,60,60,70,70,70,78,78,78,241,2
70,70,70,70,70,70,62,62,62,70,70,70,970,2
70,70,70,60,60,60,70,70,70,78,78,78,835,2
70,70,70,60,60,60,70,70,70,72,72,72,601,2
60,60,60,70,70,70,80,80,80,70,70,70,935,1
70,70,70,70,70,70,70,70,70,66,66,66,444,1
70,70,70,80,80,80,70,70,70,68,68,68,27,1
70,70,70,70,70,70,68,68,68,70,70,70,49,2
70,70,70,60,60,60,70,70,70,68,68,68,269,1
80,80,80,70,70,70,70,70,70,70,70,70,160,1
70,70,70,80,80,80,70,70,70,80,80,80,99,2
60,60,60,70,70,70,60,60,60,70,70,70,463,2
70,70,70,60,60,60,70,70,70,64,64,64,432,1
80,80,80,70,70,70,60,60,60,70,70,70,650,2
70,70,70,70,70,70,70,70,70,76,76,76,581,2
80,80,80,70,70,70,74,74,74,70,70,70,63,1
80,80,80,70,70,70,76,76,76,70,70,70,559,1
80,80,80,70,70,70,74,74,74,70,70,70,459,1
70,70,70,80,80,80,70,70,70,66,66,66,290,1
70,70,70,60,60,60,70,70,70,70,70,70,633,2
70,70,70,70,70,70,70,70,70,76,76,76,944,2
70,70,70,70,70,70,64,64,64,70,70,70,839,2
70,70,70,80,80,80,70,70,70,62,62,62,222,1
70,70,70,70,70,70,70,70,70,70,70,70,83,2
70,70,70,70,70,70,74,74,74,70,70,70,943,1
70,70,70,80,80,80,70,70,70,76,76,76,724,2
60,60,60,70,70,70,62,62,62,70,70,70,530,2
70,70,70,70,70,70,66,66,66,70,70,70,708,2
70,70,70,70,70,70,76,76,76,70,70,70,449,1
80,80,80,70,70,70,66,66,66,70,70,70,488,2
80,80,80,70,70,70,62,62,62,70,70,70,717,2
60,60,60,70,70,70,76,76,76,70,70,70,636,1
80,80,80,70,70,70,76,76,76,70,70,70,625,1
70,70,70,80,80,80,70,70,70,78,78,78,527,2
70,70,70,70,70,70,68,68,68,70,70,70,940,2
70,70,70,70,70,70,78,78,78,70,70,70,615,1
70,70,70,60,60,60,70,70,70,80,80,80,506,2
70,70,70,70,70,70,74,74,74,70,70,70,580,1
70,70,70,70,70,70,70,70,70,74,74,74,349,2
70,70,70,60,60,60,70,70,70,80,80,80,11,2
60,60,60,70,70,70,80,80,80,70,70,70,605,1
70,70,70,80,80,80,70,70,70,70,70,70,556,2
70,70,70,60,60,60,70,70,70,66,66,66,4,1
70,70,70,70,70,70,70,70,70,80,80,80,517,2
70,70,70,80,80,80,70,70,70,60,60,60,419,1
70,70,70,60,60,60,70,70,70,64,64,64,762,1
70,70,70,80,80,80,70,70,70,74,74,74,195,2
70,70,70,70,70,70,78,78,78,70,70,70,945,1
70,70,70,80,80,80,70,70,70,74,74,74,426,2
80,80,80,70,70,70,76,76,76,70,70,70,988,1
70,70,70,80,80,80,70,70,70,66,66,66,917,1
70,70,70,60,60,60,70,70,70,72,72,72,106,2
70,70,70,70,70,70,70,70,70,60,60,60,573,1
80,80,80,70,70,70,78,78,78,70,70,70,230,1
80,80,80,70,70,70,76,76,76,70,70,70,493,1
60,60,60,70,70,70,70,70,70,70,70,70,798,1
70,70,70,60,60,60,70,70,70,64,64,64,234,1
70,70,70,60,60,60,70,70,70,70,70,70,402,2
70,70,70,80,80,80,70,70,70,76,76,76,361,2
70,70,70,70,70,70,70,70,70,68,68,68,478,1
70,70,70,70,70,70,70,70,70,74,74,74,547,2
80,80,80,70,70,70,78,78,78,70,70,70,461,1
70,70,70,80,80,80,70,70,70,78,78,78,65,2
70,70,70,70,70,70,62,62,62,70,70,70,640,2
60,60,60,70,70,70,74,74,74,70,70,70,272,1
70,70,70,80,80,80,70,70,70,78,78,78,857,2
70,70,70,70,70,70,60,60,60,70,70,70,12,2
80,80,80,70,70,70,80,80,80,70,70,70,759,1
70,70,70,70,70,70,80,80,80,70,70,70,187,1
70,70,70,60,60,60,70,70,70,72,72,72,766,2
80,80,80,70,70,70,66,66,66,70,70,70,818,2
60,60,60,70,70,70,70,70,70,70,70,70,6,1
70,70,70,80,80,80,70,70,70,72,72,72,128,2
70,70,70,70,70,70,70,70,70,64,64,64,971,1
60,60,60,70,70,70,80,80,80,70,70,70,869,1
80,80,80,70,70,70,70,70,70,70,70,70,457,1
60,60,60,70,70,70,76,76,76,70,70,70,702,1
70,70,70,80,80,80,70,70,70,76,76,76,889,2
70,70,70,60,60,60,70,70,70,78,78,78,142,2
70,70,70,70,70,70,70,70,70,72,72,72,414,2
70,70,70,70,70,70,60,60,60,70,70,70,276,2
70,70,70,80,80,80,70,70,70,62,62,62,915,1
70,70,70,60,60,60,70,70,70,64,64,64,696,1
70,70,70,70,70,70,70,70,70,64,64,64,179,1
80,80,80,70,70,70,78,78,78,70,70,70,98,1
80,80,80,70,70,70,60,60,60,70,70,70,584,2
80,80,80,70,70,70,74,74,74,70,70,70,690,1
60,60,60,70,70,70,62,62,62,70,70,70,761,2
70,70,70,60,60,60,70,70,70,78,78,78,10,2
60,60,60,70,70,70,74,74,74,70,70,70,74,1
80,80,80,70,70,70,74,74,74,70,70,70,525,1
80,80,80,70,70,70,66,66,66,70,70,70,224,2
70,70,70,60,60,60,70,70,70,66,66,66,136,1
70,70,70,80,80,80,70,70,70,70,70,70,94,2
70,70,70,70,70,70,60,60,60,70,70,70,474,2
70,70,70,70,70,70,78,78,78,70,70,70,153,1
70,70,70,70,70,70,60,60,60,70,70,70,144,2
80,80,80,70,70,70,72,72,72,70,70,70,689,1
70,70,70,70,70,70,76,76,76,70,70,70,878,1
70,70,70,60,60,60,70,70,70,60,60,60,100,1
70,70,70,80,80,80,70,70,70,68,68,68,423,1
80,80,80,70,70,70,76,76,76,70,70,70,592,1
70,70,70,70,70,70,70,70,70,60,60,60,309,1
70,70,70,70,70,70,70,70,70,60,60,60,210,1
70,70,70,80,80,80,70,70,70,80,80,80,792,2
70,70,70,80,80,80,70,70,70,68,68,68,753,1
70,70,70,70,70,70,70,70,70,72,72,72,381,2
80,80,80,70,70,70,60,60,60,70,70,70,617,2
70,70,70,70,70,70,64,64,64,70,70,70,773,2
70,70,70,70,70,70,70,70,70,74,74,74,448,2
70,70,70,70,70,70,78,78,78,70,70,70,912,1
70,70,70,70,70,70,78,78,78,70,70,70,120,1
60,60,60,70,70,70,76,76,76,70,70,70,108,1
70,70,70,70,70,70,68,68,68,70,70,70,775,2
70,70,70,70,70,70,70,70,70,70,70,70,380,2
70,70,70,70,70,70,70,70,70,74,74,74,712,2
70,70,70,80,80,80,70,70,70,70,70,70,325,2
70,70,70,70,70,70,70,70,70,64,64,64,905,1
70,70,70,70,70,70,60,60,60,70,70,70,936,2
70,70,70,70,70,70,70,70,70,76,76,76,548,2
80,80,80,70,70,70,60,60,60,70,70,70,188,2
70,70,70,70,70,70,80,80,80,70,70,70,352,1
60,60,60,70,70,70,76,76,76,70,70,70,174,1
70,70,70,80,80,80,70,70,70,76,76,76,295,2
70,70,70,60,60,60,70,70,70,60,60,60,859,1
80,80,80,70,70,70,66,66,66,70,70,70,554,2
70,70,70,70,70,70,70,70,70,62,62,62,442,1
80,80,80,70,70,70,60,60,60,70,70,70,56,2
60,60,60,70,70,70,62,62,62,70,70,70,860,2
70,70,70,70,70,70,70,70,70,62,62,62,607,1
70,70,70,70,70,70,70,70,70,68,68,68,247,1
70,70,70,70,70,70,70,70,70,74,74,74,52,2
60,60,60,70,70,70,62,62,62,70,70,70,35,2
80,80,80,70,70,70,78,78,78,70,70,70,626,1
70,70,70,70,70,70,70,70,70,68,68,68,973,1
70,70,70,80,80,80,70,70,70,66,66,66,884,1
70,70,70,70,70,70,72,72,72,70,70,70,150,1
70,70,70,80,80,80,70,70,70,68,68,68,885,1
80,80,80,70,70,70,66,66,66,70,70,70,323,2
80,80,80,70,70,70,76,76,76,70,70,70,658,1
70,70,70,70,70,70,70,70,70,66,66,66,213,1
70,70,70,70,70,70,70,70,70,66,66,66,906,1
80,80,80,70,70,70,78,78,78,70,70,70,989,1
70,70,70,70,70,70,70,70,70,72,72,72,84,2
70,70,70,60,60,60,70,70,70,80,80,80,902,2
70,70,70,70,70,70,70,70,70,62,62,62,244,1
70,70,70,70,70,70,62,62,62,70,70,70,46,2
80,80,80,70,70,70,78,78,78,70,70,70,131,1
70,70,70,70,70,70,78,78,78,70,70,70,747,1
70,70,70,70,70,70,70,70,70,70,70,70,446,2
80,80,80,70,70,70,70,70,70,70,70,70,358,1
70,70,70,80,80,80,70,70,70,72,72,72,62,2
80,80,80,70,70,70,64,64,64,70,70,70,982,2
70,70,70,60,60,60,70,70,70,62,62,62,728,1
70,70,70,70,70,70,68,68,68,70,70,70,544,2
70,70,70,60,60,60,70,70,70,72,72,72,568,2
70,70,70,60,60,60,70,70,70,62,62,62,827,1
80,80,80,70,70,70,62,62,62,70,70,70,24,2
70,70,70,70,70,70,70,70,70,68,68,68,412,1
70,70,70,60,60,60,70,70,70,78,78,78,340,2
70,70,70,70,70,70,70,70,70,60,60,60,672,1
70,70,70,80,80,80,70,70,70,70,70,70,688,2
70,70,70,70,70,70,68,68,68,70,70,70,709,2
70,70,70,80,80,80,70,70,70,60,60,60,320,1
70,70,70,80,80,80,70,70,70,66,66,66,26,1
70,70,70,60,60,60,70,70,70,72,72,72,403,2
70,70,70,60,60,60,70,70,70,74,74,74,932,2
70,70,70,80,80,80,70,70,70,66,66,66,191,1
80,80,80,70,70,70,80,80,80,70,70,70,297,1
70,70,70,70,70,70,70,70,70,70,70,70,347,1
80,80,80,70,70,70,70,70,70,70,70,70,193,1
70,70,70,60,60,60,70,70,70,68,68,68,665,1
70,70,70,60,60,60,70,70,70,62,62,62,233,1
60,60,60,70,70,70,64,64,64,70,70,70,69,2
70,70,70,70,70,70,70,70,70,72,72,72,348,2
70,70,70,60,60,60,70,70,70,70,70,70,138,2
70,70,70,70,70,70,62,62,62,70,70,70,706,2
80,80,80,70,70,70,70,70,70,70,70,70,523,1
80,80,80,70,70,70,76,76,76,70,70,70,790,1
70,70,70,70,70,70,80,80,80,70,70,70,121,1
80,80,80,70,70,70,80,80,80,70,70,70,198,1
70,70,70,70,70,70,70,70,70,60,60,60,342,1
70,70,70,70,70,70,70,70,70,70,70,70,248,1
70,70,70,70,70,70,70,70,70,70,70,70,974,1
70,70,70,70,70,70,70,70,70,66,66,66,246,1
70,70,70,70,70,70,70,70,70,60,60,60,111,1
70,70,70,70,70,70,70,70,70,80,80,80,319,2
70,70,70,60,60,60,70,70,70,64,64,64,894,1
60,60,60,70,70,70,76,76,76,70,70,70,372,1
70,70,70,70,70,70,74,74,74,70,70,70,151,1
80,80,80,70,70,70,64,64,64,70,70,70,355,2
70,70,70,70,70,70,70,70,70,70,70,70,182,1
70,70,70,60,60,60,70,70,70,60,60,60,760,1
80,80,80,70,70,70,80,80,80,70,70,70,264,1
80,80,80,70,70,70,60,60,60,70,70,70,716,2
80,80,80,70,70,70,60,60,60,70,70,70,485,2
70,70,70,70,70,70,70,70,70,78,78,78,450,2
70,70,70,70,70,70,70,70,70,70,70,70,17,1
70,70,70,70,70,70,76,76,76,70,70,70,317,1
80,80,80,70,70,70,64,64,64,70,70,70,949,2
70,70,70,70,70,70,70,70,70,70,70,70,512,2
60,60,60,70,70,70,74,74,74,70,70,70,41,1
80,80,80,70,70,70,60,60,60,70,70,70,353,2
70,70,70,70,70,70,60,60,60,70,70,70,639,2
70,70,70,60,60,60,70,70,70,74,74,74,8,2
70,70,70,80,80,80,70,70,70,76,76,76,328,2
70,70,70,60,60,60,70,70,70,80,80,80,143,2
70,70,70,70,70,70,76,76,76,70,70,70,416,1
70,70,70,60,60,60,70,70,70,68,68,68,731,1
70,70,70,70,70,70,70,70,70,80,80,80,418,2
70,70,70,60,60,60,70,70,70,62,62,62,464,1
80,80,80,70,70,70,68,68,68,70,70,70,192,2
80,80,80,70,70,70,80,80,80,70,70,70,858,1
70,70,70,70,70,70,72,72,72,70,70,70,315,1
70,70,70,60,60,60,70,70,70,74,74,74,338,2
70,70,70,60,60,60,70,70,70,64,64,64,36,1
80,80,80,70,70,70,62,62,62,70,70,70,255,2
70,70,70,70,70,70,70,70,70,66,66,66,510,1
70,70,70,70,70,70,70,70,70,80,80,80,715,2
70,70,70,80,80,80,70,70,70,64,64,64,652,1
70,70,70,80,80,80,70,70,70,68,68,68,984,1
70,70,70,70,70,70,80,80,80,70,70,70,550,1
70,70,70,70,70,70,70,70,70,66,66,66,48,1
70,70,70,70,70,70,70,70,70,70,70,70,479,2
70,70,70,70,70,70,70,70,70,66,66,66,873,1
70,70,70,70,70,70,70,70,70,72,72,72,810,2
70,70,70,80,80,80,70,70,70,74,74,74,855,2
70,70,70,70,70,70,74,74,74,70,70,70,910,1
60,60,60,70,70,70,64,64,64,70,70,70,3,2
70,70,70,70,70,70,70,70,70,80,80,80,880,2
80,80,80,70,70,70,64,64,64,70,70,70,322,2
70,70,70,70,70,70,70,70,70,76,76,76,251,2
70,70,70,70,70,70,76,76,76,70,70,70,680,1
80,80,80,70,70,70,62,62,62,70,70,70,90,2
70,70,70,80,80,80,70,70,70,74,74,74,558,2
70,70,70,70,70,70,70,70,70,80,80,80,451,2
80,80,80,70,70,70,80,80,80,70,70,70,396,1
60,60,60,70,70,70,76,76,76,70,70,70,669,1
60,60,60,70,70,70,80,80,80,70,70,70,770,1
70,70,70,80,80,80,70,70,70,76,76,76,262,2
70,70,70,60,60,60,70,70,70,78,78,78,637,2
60,60,60,70,70,70,76,76,76,70,70,70,570,1
80,80,80,70,70,70,76,76,76,70,70,70,97,1
80,80,80,70,70,70,74,74,74,70,70,70,822,1
60,60,60,70,70,70,70,70,70,70,70,70,204,1
80,80,80,70,70,70,62,62,62,70,70,70,519,2
70,70,70,70,70,70,70,70,70,76,76,76,383,2
70,70,70,80,80,80,70,70,70,66,66,66,521,1
70,70,70,80,80,80,70,70,70,78,78,78,362,2
70,70,70,70,70,70,70,70,70,80,80,80,781,2
70,70,70,60,60,60,70,70,70,74,74,74,437,2
70,70,70,70,70,70,70,70,70,66,66,66,972,1
80,80,80,70,70,70,62,62,62,70,70,70,618,2
60,60,60,70,70,70,80,80,80,70,70,70,572,1
80,80,80,70,70,70,62,62,62,70,70,70,57,2
70,70,70,60,60,60,70,70,70,66,66,66,37,1
70,70,70,80,80,80,70,70,70,64,64,64,784,1
60,60,60,70,70,70,78,78,78,70,70,70,538,1
70,70,70,80,80,80,70,70,70,72,72,72,887,2
70,70,70,70,70,70,68,68,68,70,70,70,610,2
80,80,80,70,70,70,64,64,64,70,70,70,58,2
70,70,70,60,60,60,70,70,70,68,68,68,467,1
60,60,60,70,70,70,78,78,78,70,70,70,76,1
60,60,60,70,70,70,64,64,64,70,70,70,861,2
70,70,70,60,60,60,70,70,70,70,70,70,534,2
70,70,70,60,60,60,70,70,70,68,68,68,335,1
80,80,80,70,70,70,76,76,76,70,70,70,31,1
70,70,70,70,70,70,68,68,68,70,70,70,313,2
70,70,70,70,70,70,70,70,70,68,68,68,676,1
80,80,80,70,70,70,60,60,60,70,70,70,749,2
70,70,70,80,80,80,70,70,70,60,60,60,155,1
70,70,70,70,70,70,62,62,62,70,70,70,112,2
70,70,70,80,80,80,70,70,70,62,62,62,882,1
60,60,60,70,70,70,66,66,66,70,70,70,565,2
70,70,70,80,80,80,70,70,70,72,72,72,755,2
70,70,70,70,70,70,76,76,76,70,70,70,977,1
70,70,70,80,80,80,70,70,70,78,78,78,329,2
70,70,70,70,70,70,80,80,80,70,70,70,385,1
70,70,70,60,60,60,70,70,70,64,64,64,597,1
60,60,60,70,70,70,66,66,66,70,70,70,763,2
80,80,80,70,70,70,64,64,64,70,70,70,91,2
70,70,70,60,60,60,70,70,70,68,68,68,170,1
70,70,70,70,70,70,70,70,70,70,70,70,314,1
70,70,70,60,60,60,70,70,70,66,66,66,664,1
60,60,60,70,70,70,76,76,76,70,70,70,339,1
70,70,70,70,70,70,80,80,80,70,70,70,913,1
70,70,70,70,70,70,66,66,66,70,70,70,180,2
60,60,60,70,70,70,72,72,72,70,70,70,436,1
70,70,70,80,80,80,70,70,70,64,64,64,289,1
60,60,60,70,70,70,72,72,72,70,70,70,931,1
80,80,80,70,70,70,72,72,72,70,70,70,722,1
70,70,70,80,80,80,70,70,70,68,68,68,654,1
70,70,70,60,60,60,70,70,70,62,62,62,497,1
60,60,60,70,70,70,70,70,70,70,70,70,369,1
70,70,70,60,60,60,70,70,70,68,68,68,533,1
60,60,60,70,70,70,60,60,60,70,70,70,331,2
70,70,70,70,70,70,60,60,60,70,70,70,540,2
80,80,80,70,70,70,70,70,70,70,70,70,292,1
70,70,70,70,70,70,72,72,72,70,70,70,744,1
70,70,70,80,80,80,70,70,70,68,68,68,258,1
70,70,70,60,60,60,70,70,70,62,62,62,266,1
70,70,70,60,60,60,70,70,70,70,70,70,468,2
70,70,70,70,70,70,70,70,70,62,62,62,310,1
70,70,70,70,70,70,76,76,76,70,70,70,53,1
70,70,70,60,60,60,70,70,70,68,68,68,137,1
60,60,60,70,70,70,76,76,76,70,70,70,900,1
70,70,70,70,70,70,70,70,70,80,80,80,22,2
70,70,70,80,80,80,70,70,70,68,68,68,621,1
70,70,70,80,80,80,70,70,70,74,74,74,492,2
60,60,60,70,70,70,70,70,70,70,70,70,666,1
80,80,80,70,70,70,70,70,70,70,70,70,655,1
70,70,70,70,70,70,70,70,70,78,78,78,780,2
60,60,60,70,70,70,72,72,72,70,70,70,469,1
70,70,70,80,80,80,70,70,70,72,72,72,392,2
70,70,70,80,80,80,70,70,70,64,64,64,520,1
80,80,80,70,70,70,72,72,72,70,70,70,557,1
70,70,70,70,70,70,70,70,70,78,78,78,681,2
70,70,70,70,70,70,70,70,70,76,76,76,482,2
60,60,60,70,70,70,78,78,78,70,70,70,604,1
80,80,80,70,70,70,70,70,70,70,70,70,622,1
60,60,60,70,70,70,66,66,66,70,70,70,301,2
60,60,60,70,70,70,66,66,66,70,70,70,202,2
70,70,70,70,70,70,80,80,80,70,70,70,286,1
60,60,60,70,70,70,70,70,70,70,70,70,930,1
60,60,60,70,70,70,78,78,78,70,70,70,769,1
60,60,60,70,70,70,60,60,60,70,70,70,199,2
70,70,70,70,70,70,70,70,70,78,78,78,879,2
70,70,70,70,70,70,62,62,62,70,70,70,871,2
70,70,70,70,70,70,68,68,68,70,70,70,82,2
80,80,80,70,70,70,74,74,74,70,70,70,327,1
70,70,70,70,70,70,70,70,70,64,64,64,14,1
