144,143,141,144,143,141,150,149,146,144,143,141,218,1
135,134,131,144,143,141,137,136,133,144,143,141,695,2
144,143,141,144,143,141,144,143,141,143,141,139,379,1
144,143,141,144,143,141,141,140,137,144,143,141,609,2
144,143,141,144,143,141,148,147,144,144,143,141,745,1
144,143,141,144,143,141,148,147,144,144,143,141,118,1
144,143,141,144,143,141,137,136,133,144,143,141,211,2
144,143,141,153,152,150,144,143,141,144,143,141,61,2
144,143,141,144,143,141,144,143,141,144,143,141,710,1
144,143,141,135,134,131,144,143,141,141,140,137,466,1
144,143,141,144,143,141,144,143,141,139,138,135,443,1
144,143,141,135,134,131,144,143,141,135,134,131,397,1
144,143,141,135,134,131,144,143,141,143,141,139,896,1
144,143,141,144,143,141,148,147,144,144,143,141,481,1
153,152,150,144,143,141,137,136,133,144,143,141,552,2
144,143,141,135,134,131,144,143,141,143,141,139,368,1
153,152,150,144,143,141,137,136,133,144,143,141,387,2
144,143,141,135,134,131,144,143,141,148,147,144,767,2
144,143,141,144,143,141,151,150,148,144,143,141,714,1
144,143,141,144,143,141,144,143,141,141,140,137,378,1
144,143,141,135,134,131,144,143,141,143,141,139,764,1
144,143,141,135,134,131,144,143,141,137,136,133,794,1
144,143,141,144,143,141,144,143,141,139,138,135,278,1
144,143,141,135,134,131,144,143,141,135,134,131,1,1
144,143,141,153,152,150,144,143,141,135,134,131,23,1
144,143,141,153,152,150,144,143,141,144,143,141,28,2
144,143,141,144,143,141,146,145,143,144,143,141,249,1
153,152,150,144,143,141,151,150,148,144,143,141,890,1
144,143,141,153,152,150,144,143,141,139,138,135,883,1
144,143,141,153,152,150,144,143,141,141,140,137,719,1
153,152,150,144,143,141,137,136,133,144,143,141,585,2
144,143,141,135,134,131,144,143,141,150,149,146,933,2
144,143,141,153,152,150,144,143,141,151,150,148,560,2
144,143,141,144,143,141,150,149,146,144,143,141,812,1
144,143,141,144,143,141,151,150,148,144,143,141,219,1
144,143,141,144,143,141,143,141,139,144,143,141,742,2
144,143,141,153,152,150,144,143,141,143,141,139,324,1
144,143,141,144,143,141,148,147,144,144,143,141,877,1
144,143,141,135,134,131,144,143,141,141,140,137,862,1
144,143,141,144,143,141,135,134,131,144,143,141,837,2
144,143,141,144,143,141,153,152,150,144,143,141,220,1
144,143,141,144,143,141,144,143,141,150,149,146,713,2
144,143,141,144,143,141,144,143,141,150,149,146,911,2
144,143,141,144,143,141,144,143,141,137,136,133,838,1
144,143,141,144,143,141,144,143,141,135,134,131,903,1
144,143,141,144,143,141,144,143,141,135,134,131,45,1
135,134,131,144,143,141,137,136,133,144,143,141,332,2
135,134,131,144,143,141,144,143,141,144,143,141,435,1
144,143,141,153,152,150,144,143,141,144,143,141,754,2
144,143,141,144,143,141,139,138,135,144,143,141,740,2
135,134,131,144,143,141,146,145,143,144,143,141,172,1
144,143,141,144,143,141,146,145,143,144,143,141,117,1
144,143,141,135,134,131,144,143,141,143,141,139,104,1
144,143,141,135,134,131,144,143,141,151,150,148,307,2
144,143,141,135,134,131,144,143,141,137,136,133,2,1
144,143,141,144,143,141,144,143,141,141,140,137,576,1
144,143,141,144,143,141,139,138,135,144,143,141,47,2
135,134,131,144,143,141,153,152,150,144,143,141,407,1
135,134,131,144,143,141,148,147,144,144,143,141,569,1
144,143,141,153,152,150,144,143,141,137,136,133,849,1
144,143,141,144,143,141,144,143,141,139,138,135,212,1
144,143,141,144,143,141,146,145,143,144,143,141,711,1
135,134,131,144,143,141,146,145,143,144,143,141,7,1
144,143,141,144,143,141,144,143,141,144,143,141,941,1
135,134,131,144,143,141,137,136,133,144,143,141,563,2
144,143,141,135,134,131,144,143,141,144,143,141,732,2
144,143,141,153,152,150,144,143,141,143,141,139,951,1
144,143,141,144,143,141,144,143,141,139,138,135,344,1
135,134,131,144,143,141,150,149,146,144,143,141,537,1
144,143,141,153,152,150,144,143,141,143,141,139,786,1
144,143,141,144,143,141,144,143,141,153,152,150,583,2
153,152,150,144,143,141,151,150,148,144,143,141,263,1
144,143,141,144,143,141,143,141,139,144,143,141,16,2
144,143,141,153,152,150,144,143,141,141,140,137,653,1
153,152,150,144,143,141,148,147,144,144,143,141,789,1
144,143,141,135,134,131,144,143,141,146,145,143,205,2
144,143,141,144,143,141,144,143,141,144,143,141,875,2
144,143,141,144,143,141,146,145,143,144,143,141,645,1
153,152,150,144,143,141,153,152,150,144,143,141,33,1
144,143,141,144,143,141,144,143,141,144,143,141,281,1
144,143,141,153,152,150,144,143,141,135,134,131,881,1
135,134,131,144,143,141,141,140,137,144,143,141,103,2
153,152,150,144,143,141,139,138,135,144,143,141,256,2
144,143,141,135,134,131,144,143,141,153,152,150,836,2
144,143,141,144,143,141,150,149,146,144,143,141,515,1
153,152,150,144,143,141,139,138,135,144,143,141,916,2
144,143,141,144,143,141,144,143,141,151,150,148,351,2
135,134,131,144,143,141,143,141,139,144,143,141,599,2
144,143,141,153,152,150,144,143,141,151,150,148,659,2
153,152,150,144,143,141,144,143,141,144,143,141,787,1
144,143,141,135,134,131,144,143,141,151,150,148,406,2
135,134,131,144,143,141,153,152,150,144,143,141,110,1
153,152,150,144,143,141,153,152,150,144,143,141,660,1
144,143,141,144,143,141,148,147,144,144,143,141,844,1
153,152,150,144,143,141,139,138,135,144,143,141,157,2
135,134,131,144,143,141,141,140,137,144,143,141,829,2
144,143,141,144,143,141,150,149,146,144,143,141,779,1
153,152,150,144,143,141,144,143,141,144,143,141,985,1
135,134,131,144,143,141,137,136,133,144,143,141,200,2
144,143,141,144,143,141,148,147,144,144,143,141,646,1
153,152,150,144,143,141,143,141,139,144,143,141,390,2
144,143,141,153,152,150,144,143,141,146,145,143,788,2
144,143,141,144,143,141,144,143,141,137,136,133,508,1
153,152,150,144,143,141,143,141,139,144,143,141,720,2
153,152,150,144,143,141,146,145,143,144,143,141,920,1
144,143,141,135,134,131,144,143,141,148,147,144,140,2
144,143,141,144,143,141,144,143,141,153,152,150,55,2
135,134,131,144,143,141,153,152,150,144,143,141,308,1
153,152,150,144,143,141,153,152,150,144,143,141,891,1
144,143,141,153,152,150,144,143,141,137,136,133,981,1
135,134,131,144,143,141,135,134,131,144,143,141,958,2
144,143,141,135,134,131,144,143,141,135,134,131,892,1
153,152,150,144,143,141,143,141,139,144,143,141,159,2
135,134,131,144,143,141,144,143,141,144,143,141,864,1
135,134,131,144,143,141,144,143,141,144,143,141,765,1
144,143,141,153,152,150,144,143,141,143,141,139,225,1
144,143,141,144,143,141,144,143,141,148,147,144,250,2
135,134,131,144,143,141,144,143,141,144,143,141,831,1
153,152,150,144,143,141,144,143,141,144,143,141,391,1
135,134,131,144,143,141,144,143,141,144,143,141,270,1
144,143,141,144,143,141,151,150,148,144,143,141,21,1
144,143,141,144,143,141,146,145,143,144,143,141,843,1
135,134,131,144,143,141,146,145,143,144,143,141,964,1
135,134,131,144,143,141,141,140,137,144,143,141,433,2
135,134,131,144,143,141,139,138,135,144,143,141,960,2
144,143,141,153,152,150,144,143,141,148,147,144,657,2
135,134,131,144,143,141,153,152,150,144,143,141,341,1
144,143,141,135,134,131,144,143,141,141,140,137,961,1
144,143,141,144,143,141,137,136,133,144,143,141,376,2
144,143,141,144,143,141,144,143,141,137,136,133,277,1
144,143,141,144,143,141,144,143,141,151,150,148,516,2
144,143,141,135,134,131,144,143,141,153,152,150,737,2
135,134,131,144,143,141,137,136,133,144,143,141,101,2
144,143,141,144,143,141,151,150,148,144,143,141,252,1
144,143,141,135,134,131,144,143,141,146,145,143,634,2
153,152,150,144,143,141,144,143,141,144,143,141,589,1
144,143,141,153,152,150,144,143,141,137,136,133,453,1
144,143,141,135,134,131,144,143,141,139,138,135,828,1
135,134,131,144,143,141,150,149,146,144,143,141,240,1
144,143,141,144,143,141,144,143,141,141,140,137,642,1
144,143,141,135,134,131,144,143,141,135,134,131,265,1
144,143,141,144,143,141,144,143,141,153,152,150,847,2
144,143,141,144,143,141,150,149,146,144,143,141,647,1
153,152,150,144,143,141,144,143,141,144,143,141,886,1
144,143,141,153,152,150,144,143,141,143,141,139,588,1
144,143,141,135,134,131,144,143,141,143,141,139,236,1
144,143,141,144,143,141,144,143,141,153,152,150,484,2
144,143,141,153,152,150,144,143,141,148,147,144,393,2
153,152,150,144,143,141,144,143,141,144,143,141,952,1
153,152,150,144,143,141,148,147,144,144,143,141,624,1
144,143,141,153,152,150,144,143,141,148,147,144,888,2
153,152,150,144,143,141,150,149,146,144,143,141,229,1
144,143,141,153,152,150,144,143,141,151,150,148,593,2
144,143,141,135,134,131,144,143,141,143,141,139,401,1
144,143,141,144,143,141,144,143,141,150,149,146,86,2
144,143,141,153,152,150,144,143,141,139,138,135,223,1
144,143,141,153,152,150,144,143,141,141,140,137,785,1
135,134,131,144,143,141,148,147,144,144,143,141,503,1
135,134,131,144,143,141,151,150,148,144,143,141,274,1
153,152,150,144,143,141,150,149,146,144,143,141,427,1
144,143,141,144,143,141,135,134,131,144,143,141,870,2
144,143,141,153,152,150,144,143,141,139,138,135,25,1
144,143,141,135,134,131,144,143,141,146,145,143,799,2
144,143,141,135,134,131,144,143,141,153,152,150,968,2
135,134,131,144,143,141,135,134,131,144,143,141,67,2
135,134,131,144,143,141,148,147,144,144,143,141,536,1
135,134,131,144,143,141,153,152,150,144,143,141,242,1
135,134,131,144,143,141,137,136,133,144,143,141,959,2
144,143,141,153,152,150,144,143,141,139,138,135,718,1
144,143,141,144,143,141,144,143,141,141,140,137,939,1
144,143,141,144,143,141,144,143,141,153,152,150,682,2
153,152,150,144,143,141,146,145,143,144,143,141,656,1
135,134,131,144,143,141,135,134,131,144,143,141,133,2
144,143,141,144,143,141,144,143,141,141,140,137,81,1
135,134,131,144,143,141,148,147,144,144,143,141,668,1
135,134,131,144,143,141,139,138,135,144,143,141,465,2
144,143,141,135,134,131,144,143,141,139,138,135,498,1
144,143,141,144,143,141,144,143,141,148,147,144,283,2
144,143,141,135,134,131,144,143,141,135,134,131,232,1
144,143,141,153,152,150,144,143,141,153,152,150,825,2
135,134,131,144,143,141,143,141,139,144,143,141,203,2
144,143,141,153,152,150,144,143,141,141,140,137,422,1
144,143,141,135,134,131,144,143,141,153,152,150,440,2
144,143,141,135,134,131,144,143,141,150,149,146,207,2
135,134,131,144,143,141,139,138,135,144,143,141,399,2
153,152,150,144,143,141,143,141,139,144,143,141,126,2
153,152,150,144,143,141,153,152,150,144,143,141,528,1
144,143,141,144,143,141,144,143,141,139,138,135,311,1
153,152,150,144,143,141,151,150,148,144,143,141,494,1
153,152,150,144,143,141,148,147,144,144,143,141,96,1
144,143,141,144,143,141,137,136,133,144,143,141,772,2
153,152,150,144,143,141,153,152,150,144,143,141,726,1
135,134,131,144,143,141,150,149,146,144,143,141,438,1
144,143,141,135,134,131,144,143,141,146,145,143,832,2
144,143,141,144,143,141,151,150,148,144,143,141,549,1
144,143,141,135,134,131,144,143,141,143,141,139,434,1
144,143,141,144,143,141,144,143,141,146,145,143,975,2
153,152,150,144,143,141,143,141,139,144,143,141,555,2
135,134,131,144,143,141,137,136,133,144,143,141,365,2
135,134,131,144,143,141,153,152,150,144,143,141,374,1
144,143,141,144,143,141,137,136,133,144,143,141,343,2
135,134,131,144,143,141,139,138,135,144,143,141,630,2
144,143,141,153,152,150,144,143,141,137,136,133,816,1
135,134,131,144,143,141,146,145,143,144,143,141,337,1
144,143,141,135,134,131,144,143,141,151,150,148,736,2
153,152,150,144,143,141,141,140,137,144,143,141,257,2
144,143,141,135,134,131,144,143,141,146,145,143,667,2
153,152,150,144,143,141,153,152,150,144,143,141,924,1
144,143,141,144,143,141,144,143,141,146,145,143,612,2
144,143,141,135,134,131,144,143,141,151,150,148,439,2
144,143,141,144,143,141,144,143,141,135,134,131,606,1
144,143,141,144,143,141,141,140,137,144,143,141,477,2
144,143,141,135,134,131,144,143,141,143,141,139,929,1
144,143,141,135,134,131,144,143,141,141,140,137,532,1
144,143,141,144,143,141,137,136,133,144,143,141,541,2
135,134,131,144,143,141,148,147,144,144,143,141,734,1
135,134,131,144,143,141,151,150,148,144,143,141,967,1
144,143,141,144,143,141,151,150,148,144,143,141,54,1
144,143,141,153,152,150,144,143,141,153,152,150,330,2
135,134,131,144,143,141,144,143,141,144,143,141,39,1
135,134,131,144,143,141,139,138,135,144,143,141,795,2
144,143,141,135,134,131,144,143,141,148,147,144,965,2
153,152,150,144,143,141,143,141,139,144,143,141,522,2
144,143,141,153,152,150,144,143,141,148,147,144,921,2
144,143,141,144,143,141,139,138,135,144,143,141,80,2
153,152,150,144,143,141,148,147,144,144,143,141,228,1
144,143,141,153,152,150,144,143,141,150,149,146,196,2
144,143,141,135,134,131,144,143,141,148,147,144,404,2
144,143,141,144,143,141,143,141,139,144,143,141,445,2
144,143,141,144,143,141,139,138,135,144,143,141,872,2
144,143,141,144,143,141,143,141,139,144,143,141,115,2
135,134,131,144,143,141,146,145,143,144,143,141,238,1
135,134,131,144,143,141,143,141,139,144,143,141,5,2
135,134,131,144,143,141,143,141,139,144,143,141,566,2
144,143,141,153,152,150,144,143,141,151,150,148,791,2
135,134,131,144,143,141,144,143,141,144,143,141,237,1
135,134,131,144,143,141,141,140,137,144,143,141,268,2
144,143,141,144,143,141,144,143,141,137,136,133,673,1
144,143,141,144,143,141,139,138,135,144,143,141,608,2
144,143,141,153,152,150,144,143,141,143,141,139,93,1
144,143,141,135,134,131,144,143,141,151,150,148,901,2
144,143,141,144,143,141,143,141,139,144,143,141,874,2
135,134,131,144,143,141,148,147,144,144,143,141,107,1
153,152,150,144,143,141,144,143,141,144,143,141,820,1
144,143,141,135,134,131,144,143,141,135,134,131,793,1
144,143,141,153,152,150,144,143,141,135,134,131,452,1
153,152,150,144,143,141,135,134,131,144,143,141,947,2
144,143,141,135,134,131,144,143,141,144,143,141,600,2
144,143,141,144,143,141,139,138,135,144,143,141,410,2
135,134,131,144,143,141,150,149,146,144,143,141,405,1
135,134,131,144,143,141,141,140,137,144,143,141,235,2
135,134,131,144,143,141,150,149,146,144,143,141,735,1
144,143,141,135,134,131,144,143,141,135,134,131,166,1
144,143,141,153,152,150,144,143,141,146,145,143,293,2
135,134,131,144,143,141,141,140,137,144,143,141,598,2
144,143,141,144,143,141,144,143,141,148,147,144,811,2
144,143,141,144,143,141,144,143,141,146,145,143,447,2
153,152,150,144,143,141,153,152,150,144,143,141,495,1
144,143,141,144,143,141,144,143,141,146,145,143,51,2
144,143,141,144,143,141,139,138,135,144,143,141,245,2
144,143,141,153,152,150,144,143,141,146,145,143,854,2
144,143,141,144,143,141,144,143,141,139,138,135,509,1
144,143,141,144,143,141,144,143,141,148,147,144,316,2
144,143,141,144,143,141,144,143,141,148,147,144,382,2
144,143,141,153,152,150,144,143,141,146,145,143,458,2
144,143,141,144,143,141,143,141,139,144,143,141,907,2
144,143,141,135,134,131,144,143,141,150,149,146,471,2
135,134,131,144,143,141,137,136,133,144,143,141,662,2
144,143,141,144,143,141,144,143,141,139,138,135,476,1
144,143,141,144,143,141,144,143,141,148,147,144,613,2
144,143,141,144,143,141,151,150,148,144,143,141,648,1
144,143,141,135,134,131,144,143,141,153,152,150,638,2
144,143,141,153,152,150,144,143,141,141,140,137,125,1
135,134,131,144,143,141,144,143,141,144,143,141,105,1
144,143,141,153,152,150,144,143,141,151,150,148,395,2
144,143,141,135,134,131,144,143,141,146,145,143,865,2
153,152,150,144,143,141,146,145,143,144,143,141,623,1
135,134,131,144,143,141,143,141,139,144,143,141,830,2
144,143,141,135,134,131,144,143,141,153,152,150,539,2
144,143,141,135,134,131,144,143,141,150,149,146,504,2
144,143,141,144,143,141,148,147,144,144,143,141,679,1
153,152,150,144,143,141,150,149,146,144,143,141,856,1
153,152,150,144,143,141,151,150,148,144,143,141,197,1
153,152,150,144,143,141,135,134,131,144,143,141,848,2
153,152,150,144,143,141,137,136,133,144,143,141,684,2
144,143,141,144,143,141,144,143,141,146,145,143,216,2
135,134,131,144,143,141,139,138,135,144,143,141,366,2
144,143,141,144,143,141,144,143,141,151,150,148,87,2
144,143,141,144,143,141,144,143,141,153,152,150,616,2
135,134,131,144,143,141,150,149,146,144,143,141,834,1
144,143,141,153,152,150,144,143,141,153,152,150,990,2
153,152,150,144,143,141,139,138,135,144,143,141,487,2
144,143,141,153,152,150,144,143,141,146,145,143,524,2
144,143,141,153,152,150,144,143,141,153,152,150,231,2
144,143,141,135,134,131,144,143,141,151,150,148,934,2
144,143,141,144,143,141,148,147,144,144,143,141,184,1
135,134,131,144,143,141,144,143,141,144,143,141,963,1
153,152,150,144,143,141,146,145,143,144,143,141,95,1
144,143,141,153,152,150,144,143,141,150,149,146,955,2
144,143,141,144,143,141,144,143,141,137,136,133,145,1
153,152,150,144,143,141,137,136,133,144,143,141,948,2
144,143,141,135,134,131,144,143,141,146,145,143,139,2
144,143,141,153,152,150,144,143,141,153,152,150,132,2
144,143,141,144,143,141,144,143,141,153,152,150,154,2
135,134,131,144,143,141,146,145,143,144,143,141,370,1
144,143,141,144,143,141,148,147,144,144,143,141,19,1
144,143,141,153,152,150,144,143,141,135,134,131,122,1
153,152,150,144,143,141,153,152,150,144,143,141,66,1
144,143,141,144,143,141,144,143,141,137,136,133,904,1
135,134,131,144,143,141,144,143,141,144,143,141,171,1
144,143,141,144,143,141,137,136,133,144,143,141,13,2
135,134,131,144,143,141,137,136,133,144,143,141,68,2
144,143,141,153,152,150,144,143,141,148,147,144,987,2
144,143,141,144,143,141,144,143,141,144,143,141,611,1
153,152,150,144,143,141,137,136,133,144,143,141,354,2
144,143,141,153,152,150,144,143,141,153,152,150,693,2
144,143,141,135,134,131,144,143,141,143,141,139,698,1
144,143,141,153,152,150,144,143,141,135,134,131,551,1
135,134,131,144,143,141,148,147,144,144,143,141,701,1
144,143,141,144,143,141,144,143,141,139,138,135,806,1
135,134,131,144,143,141,150,149,146,144,143,141,801,1
153,152,150,144,143,141,153,152,150,144,143,141,462,1
135,134,131,144,143,141,143,141,139,144,143,141,962,2
144,143,141,144,143,141,144,143,141,146,145,143,777,2
135,134,131,144,143,141,143,141,139,144,143,141,302,2
144,143,141,144,143,141,144,143,141,153,152,150,253,2
144,143,141,144,143,141,144,143,141,153,152,150,748,2
144,143,141,144,143,141,144,143,141,150,149,146,746,2
153,152,150,144,143,141,141,140,137,144,143,141,59,2
144,143,141,144,143,141,141,140,137,144,143,141,675,2
144,143,141,144,143,141,144,143,141,139,138,135,113,1
144,143,141,135,134,131,144,143,141,150,149,146,273,2
135,134,131,144,143,141,148,147,144,144,143,141,833,1
144,143,141,144,143,141,144,143,141,141,140,137,774,1
135,134,131,144,143,141,151,150,148,144,143,141,670,1
135,134,131,144,143,141,135,134,131,144,143,141,529,2
153,152,150,144,143,141,148,147,144,144,143,141,591,1
135,134,131,144,143,141,139,138,135,144,143,141,168,2
144,143,141,153,152,150,144,143,141,135,134,131,221,1
153,152,150,144,143,141,150,149,146,144,143,141,163,1
135,134,131,144,143,141,135,134,131,144,143,141,430,2
144,143,141,135,134,131,144,143,141,135,134,131,298,1
153,152,150,144,143,141,150,149,146,144,143,141,691,1
144,143,141,135,134,131,144,143,141,150,149,146,768,2
144,143,141,144,143,141,144,143,141,141,140,137,15,1
144,143,141,135,134,131,144,143,141,141,140,137,928,1
135,134,131,144,143,141,135,134,131,144,143,141,826,2
144,143,141,144,143,141,150,149,146,144,143,141,119,1
144,143,141,144,143,141,148,147,144,144,143,141,514,1
144,143,141,144,143,141,148,147,144,144,143,141,778,1
153,152,150,144,143,141,146,145,143,144,143,141,161,1
144,143,141,144,143,141,141,140,137,144,143,141,741,2
135,134,131,144,143,141,139,138,135,144,143,141,927,2
153,152,150,144,143,141,137,136,133,144,143,141,420,2
153,152,150,144,143,141,146,145,143,144,143,141,590,1
153,152,150,144,143,141,150,149,146,144,143,141,64,1
144,143,141,135,134,131,144,143,141,148,147,144,866,2
153,152,150,144,143,141,148,147,144,144,143,141,129,1
153,152,150,144,143,141,151,150,148,144,143,141,296,1
135,134,131,144,143,141,153,152,150,144,143,141,176,1
153,152,150,144,143,141,151,150,148,144,143,141,725,1
135,134,131,144,143,141,141,140,137,144,143,141,730,2
144,143,141,153,152,150,144,143,141,148,147,144,954,2
135,134,131,144,143,141,135,134,131,144,143,141,595,2
144,143,141,153,152,150,144,143,141,139,138,135,190,1
144,143,141,135,134,131,144,143,141,150,149,146,42,2
144,143,141,144,143,141,144,143,141,153,152,150,979,2
144,143,141,153,152,150,144,143,141,139,138,135,421,1
144,143,141,144,143,141,143,141,139,144,143,141,280,2
135,134,131,144,143,141,148,147,144,144,143,141,371,1
144,143,141,135,134,131,144,143,141,139,138,135,201,1
144,143,141,135,134,131,144,143,141,151,150,148,43,2
144,143,141,144,143,141,144,143,141,143,141,139,511,1
153,152,150,144,143,141,139,138,135,144,143,141,850,2
144,143,141,144,143,141,144,143,141,143,141,139,577,1
144,143,141,144,143,141,141,140,137,144,143,141,840,2
153,152,150,144,143,141,135,134,131,144,143,141,254,2
135,134,131,144,143,141,139,138,135,144,143,141,564,2
153,152,150,144,143,141,144,143,141,144,143,141,226,1
144,143,141,153,152,150,144,143,141,139,138,135,817,1
144,143,141,144,143,141,135,134,131,144,143,141,804,2
144,143,141,135,134,131,144,143,141,150,149,146,867,2
144,143,141,135,134,131,144,143,141,141,140,137,631,1
144,143,141,144,143,141,144,143,141,141,140,137,807,1
144,143,141,144,143,141,141,140,137,144,143,141,312,2
144,143,141,135,134,131,144,143,141,137,136,133,398,1
135,134,131,144,143,141,139,138,135,144,143,141,663,2
144,143,141,153,152,150,144,143,141,141,140,137,158,1
144,143,141,144,143,141,144,143,141,150,149,146,614,2
144,143,141,153,152,150,144,143,141,135,134,131,782,1
153,152,150,144,143,141,141,140,137,144,143,141,389,2
144,143,141,135,134,131,144,143,141,137,136,133,134,1
144,143,141,144,143,141,144,143,141,139,138,135,146,1
144,143,141,144,143,141,144,143,141,141,140,137,345,1
153,152,150,144,143,141,151,150,148,144,143,141,428,1
153,152,150,144,143,141,148,147,144,144,143,141,261,1
144,143,141,153,152,150,144,143,141,143,141,139,819,1
135,134,131,144,143,141,150,149,146,144,143,141,603,1
144,143,141,144,143,141,151,150,148,144,143,141,483,1
135,134,131,144,143,141,153,152,150,144,143,141,209,1
144,143,141,144,143,141,144,143,141,150,149,146,185,2
144,143,141,153,152,150,144,143,141,146,145,143,326,2
144,143,141,144,143,141,144,143,141,141,140,137,543,1
135,134,131,144,143,141,151,150,148,144,143,141,505,1
144,143,141,135,134,131,144,143,141,141,140,137,70,1
135,134,131,144,143,141,135,134,131,144,143,141,364,2
144,143,141,135,134,131,144,143,141,139,138,135,102,1
144,143,141,135,134,131,144,143,141,150,149,146,141,2
144,143,141,144,143,141,144,143,141,143,141,139,181,1
135,134,131,144,143,141,143,141,139,144,143,141,863,2
144,143,141,144,143,141,146,145,143,144,143,141,678,1
144,143,141,153,152,150,144,143,141,137,136,133,651,1
144,143,141,135,134,131,144,143,141,153,152,150,77,2
144,143,141,144,143,141,146,145,143,144,143,141,480,1
153,152,150,144,143,141,139,138,135,144,143,141,619,2
144,143,141,135,134,131,144,143,141,144,143,141,567,2
144,143,141,153,152,150,144,143,141,141,140,137,92,1
144,143,141,153,152,150,144,143,141,146,145,143,425,2
144,143,141,153,152,150,144,143,141,146,145,143,227,2
144,143,141,153,152,150,144,143,141,146,145,143,821,2
135,134,131,144,143,141,148,147,144,144,143,141,800,1
135,134,131,144,143,141,141,140,137,144,143,141,367,2
144,143,141,144,143,141,146,145,143,144,143,141,282,1
144,143,141,144,143,141,135,134,131,144,143,141,441,2
144,143,141,144,143,141,137,136,133,144,143,141,805,2
153,152,150,144,143,141,141,140,137,144,143,141,851,2
135,134,131,144,143,141,143,141,139,144,143,141,38,2
135,134,131,144,143,141,153,152,150,144,143,141,671,1
144,143,141,153,152,150,144,143,141,150,149,146,757,2
144,143,141,144,143,141,144,143,141,139,138,135,707,1
144,143,141,144,143,141,144,143,141,146,145,143,183,2
144,143,141,144,143,141,144,143,141,144,143,141,149,1
144,143,141,135,134,131,144,143,141,151,150,148,208,2
144,143,141,135,134,131,144,143,141,137,136,133,299,1
135,134,131,144,143,141,137,136,133,144,143,141,926,2
144,143,141,144,143,141,151,150,148,144,143,141,978,1
153,152,150,144,143,141,150,149,146,144,143,141,130,1
144,143,141,153,152,150,144,143,141,144,143,141,259,2
153,152,150,144,143,141,141,140,137,144,143,141,950,2
144,143,141,135,134,131,144,143,141,135,134,131,628,1
144,143,141,135,134,131,144,143,141,141,140,137,169,1
144,143,141,153,152,150,144,143,141,137,136,133,189,1
144,143,141,144,143,141,144,143,141,135,134,131,78,1
144,143,141,135,134,131,144,143,141,150,149,146,966,2
144,143,141,153,152,150,144,143,141,137,136,133,783,1
153,152,150,144,143,141,146,145,143,144,143,141,29,1
144,143,141,135,134,131,144,143,141,135,134,131,694,1
144,143,141,144,143,141,153,152,150,144,143,141,946,1
153,152,150,144,143,141,143,141,139,144,143,141,687,2
135,134,131,144,143,141,137,136,133,144,143,141,431,2
144,143,141,144,143,141,144,143,141,146,145,143,942,2
135,134,131,144,143,141,139,138,135,144,143,141,333,2
135,134,131,144,143,141,137,136,133,144,143,141,893,2
144,143,141,144,143,141,150,149,146,144,143,141,845,1
153,152,150,144,143,141,141,140,137,144,143,141,752,2
144,143,141,144,143,141,144,143,141,141,140,137,147,1
144,143,141,144,143,141,144,143,141,135,134,131,705,1
153,152,150,144,143,141,151,150,148,144,143,141,923,1
144,143,141,135,134,131,144,143,141,135,134,131,925,1
153,152,150,144,143,141,151,150,148,144,143,141,692,1
153,152,150,144,143,141,141,140,137,144,143,141,356,2
135,134,131,144,143,141,146,145,143,144,143,141,733,1
144,143,141,153,152,150,144,143,141,153,152,150,165,2
153,152,150,144,143,141,144,143,141,144,143,141,919,1
144,143,141,144,143,141,146,145,143,144,143,141,546,1
135,134,131,144,143,141,141,140,137,144,143,141,334,2
144,143,141,144,143,141,135,134,131,144,143,141,969,2
135,134,131,144,143,141,153,152,150,144,143,141,44,1
153,152,150,144,143,141,139,138,135,144,143,141,553,2
144,143,141,144,143,141,144,143,141,151,150,148,186,2
144,143,141,144,143,141,144,143,141,141,140,137,114,1
144,143,141,144,143,141,144,143,141,144,143,141,644,2
153,152,150,144,143,141,137,136,133,144,143,141,750,2
144,143,141,153,152,150,144,143,141,143,141,139,852,1
144,143,141,135,134,131,144,143,141,139,138,135,729,1
144,143,141,144,143,141,144,143,141,144,143,141,116,2
144,143,141,144,143,141,139,138,135,144,143,141,377,2
144,143,141,153,152,150,144,143,141,150,149,146,460,2
153,152,150,144,143,141,146,145,143,144,143,141,359,1
135,134,131,144,143,141,144,143,141,144,143,141,303,1
153,152,150,144,143,141,150,149,146,144,143,141,526,1
135,134,131,144,143,141,150,149,146,144,143,141,75,1
135,134,131,144,143,141,151,150,148,144,143,141,373,1
144,143,141,144,143,141,141,140,137,144,143,141,279,2
153,152,150,144,143,141,137,136,133,144,143,141,288,2
135,134,131,144,143,141,137,136,133,144,143,141,167,2
153,152,150,144,143,141,141,140,137,144,143,141,455,2
135,134,131,144,143,141,139,138,135,144,143,141,531,2
153,152,150,144,143,141,135,134,131,144,143,141,980,2
135,134,131,144,143,141,148,147,144,144,143,141,173,1
135,134,131,144,143,141,143,141,139,144,143,141,71,2
144,143,141,153,152,150,144,143,141,135,134,131,89,1
144,143,141,153,152,150,144,143,141,137,136,133,156,1
135,134,131,144,143,141,146,145,143,144,143,141,502,1
144,143,141,153,152,150,144,143,141,141,140,137,620,1
144,143,141,135,134,131,144,143,141,148,147,144,470,2
144,143,141,135,134,131,144,143,141,135,134,131,727,1
144,143,141,144,143,141,144,143,141,139,138,135,674,1
144,143,141,153,152,150,144,143,141,151,150,148,824,2
135,134,131,144,143,141,135,134,131,144,143,141,34,2
144,143,141,153,152,150,144,143,141,143,141,139,456,1
144,143,141,144,143,141,144,143,141,144,143,141,908,2
135,134,131,144,143,141,148,147,144,144,143,141,635,1
144,143,141,144,143,141,135,134,131,144,143,141,738,2
144,143,141,153,152,150,144,143,141,148,147,144,30,2
144,143,141,144,143,141,135,134,131,144,143,141,375,2
144,143,141,144,143,141,144,143,141,146,145,143,513,2
144,143,141,135,134,131,144,143,141,151,150,148,868,2
144,143,141,153,152,150,144,143,141,141,140,137,983,1
144,143,141,135,134,131,144,143,141,153,152,150,473,2
144,143,141,144,143,141,148,147,144,144,143,141,415,1
135,134,131,144,143,141,151,150,148,144,143,141,802,1
153,152,150,144,143,141,144,143,141,144,143,141,490,1
144,143,141,153,152,150,144,143,141,153,152,150,363,2
144,143,141,135,134,131,144,143,141,137,136,133,629,1
135,134,131,144,143,141,148,147,144,144,143,141,239,1
153,152,150,144,143,141,146,145,143,144,143,141,491,1
144,143,141,135,134,131,144,143,141,151,150,148,109,2
144,143,141,144,143,141,144,143,141,153,152,150,649,2
153,152,150,144,143,141,141,140,137,144,143,141,587,2
144,143,141,144,143,141,144,143,141,151,150,148,384,2
144,143,141,144,143,141,144,143,141,150,149,146,20,2
144,143,141,144,143,141,144,143,141,144,143,141,545,1
135,134,131,144,143,141,153,152,150,144,143,141,275,1
153,152,150,144,143,141,144,143,141,144,143,141,721,1
144,143,141,144,143,141,144,143,141,144,143,141,842,1
153,152,150,144,143,141,143,141,139,144,143,141,918,2
135,134,131,144,143,141,146,145,143,144,143,141,73,1
144,143,141,144,143,141,150,149,146,144,143,141,350,1
144,143,141,144,143,141,146,145,143,144,143,141,876,1
153,152,150,144,143,141,146,145,143,144,143,141,194,1
144,143,141,153,152,150,144,143,141,150,149,146,394,2
153,152,150,144,143,141,151,150,148,144,143,141,164,1
153,152,150,144,143,141,148,147,144,144,143,141,294,1
144,143,141,153,152,150,144,143,141,144,143,141,424,2
153,152,150,144,143,141,135,134,131,144,143,141,815,2
144,143,141,153,152,150,144,143,141,139,138,135,751,1
135,134,131,144,143,141,151,150,148,144,143,141,472,1
135,134,131,144,143,141,144,143,141,144,143,141,501,1
153,152,150,144,143,141,135,134,131,144,143,141,287,2
135,134,131,144,143,141,135,134,131,144,143,141,661,2
144,143,141,144,143,141,144,143,141,137,136,133,475,1
144,143,141,144,143,141,146,145,143,144,143,141,909,1
144,143,141,144,143,141,148,147,144,144,143,141,976,1
144,143,141,144,143,141,143,141,139,144,143,141,148,2
144,143,141,144,143,141,144,143,141,144,143,141,413,2
135,134,131,144,143,141,150,149,146,144,143,141,9,1
144,143,141,135,134,131,144,143,141,144,143,141,336,2
144,143,141,135,134,131,144,143,141,146,145,143,271,2
144,143,141,144,143,141,144,143,141,139,138,135,938,1
144,143,141,144,143,141,150,149,146,144,143,141,284,1
144,143,141,135,134,131,144,143,141,137,136,133,596,1
144,143,141,153,152,150,144,143,141,139,138,135,586,1
144,143,141,153,152,150,144,143,141,137,136,133,321,1
144,143,141,153,152,150,144,143,141,135,134,131,386,1
144,143,141,153,152,150,144,143,141,143,141,139,489,1
144,143,141,144,143,141,135,134,131,144,143,141,408,2
144,143,141,144,143,141,144,143,141,151,150,148,846,2
144,143,141,144,143,141,137,136,133,144,143,141,409,2
144,143,141,144,143,141,144,143,141,151,150,148,813,2
144,143,141,144,143,141,144,143,141,151,150,148,285,2
153,152,150,144,143,141,153,152,150,144,143,141,957,1
153,152,150,144,143,141,151,150,148,144,143,141,956,1
144,143,141,135,134,131,144,143,141,144,143,141,897,2
135,134,131,144,143,141,139,138,135,144,143,141,300,2
144,143,141,153,152,150,144,143,141,139,138,135,454,1
144,143,141,153,152,150,144,143,141,139,138,135,388,1
144,143,141,153,152,150,144,143,141,153,152,150,594,2
144,143,141,144,143,141,144,143,141,135,134,131,177,1
144,143,141,153,152,150,144,143,141,148,147,144,756,2
144,143,141,144,143,141,144,143,141,143,141,139,643,1
153,152,150,144,143,141,146,145,143,144,143,141,953,1
144,143,141,144,143,141,148,147,144,144,143,141,217,1
144,143,141,135,134,131,144,143,141,141,140,137,499,1
144,143,141,135,134,131,144,143,141,148,147,144,602,2
144,143,141,135,134,131,144,143,141,148,147,144,305,2
144,143,141,135,134,131,144,143,141,139,138,135,135,1
144,143,141,144,143,141,144,143,141,143,141,139,346,1
153,152,150,144,143,141,144,143,141,144,143,141,853,1
144,143,141,144,143,141,144,143,141,146,145,143,18,2
135,134,131,144,143,141,143,141,139,144,143,141,632,2
144,143,141,135,134,131,144,143,141,146,145,143,40,2
144,143,141,135,134,131,144,143,141,141,140,137,796,1
135,134,131,144,143,141,153,152,150,144,143,141,704,1
144,143,141,144,143,141,144,143,141,144,143,141,677,2
135,134,131,144,143,141,139,138,135,144,143,141,267,2
144,143,141,135,134,131,144,143,141,143,141,139,500,1
144,143,141,144,143,141,153,152,150,144,143,141,814,1
144,143,141,144,143,141,148,147,144,144,143,141,85,1
144,143,141,144,143,141,135,134,131,144,143,141,771,2
135,134,131,144,143,141,146,145,143,144,143,141,304,1
144,143,141,135,134,131,144,143,141,153,152,150,803,2
144,143,141,144,143,141,144,143,141,144,143,141,809,1
144,143,141,135,134,131,144,143,141,141,140,137,697,1
144,143,141,144,143,141,141,140,137,144,143,141,411,2
144,143,141,144,143,141,144,143,141,144,143,141,215,2
135,134,131,144,143,141,148,147,144,144,143,141,206,1
135,134,131,144,143,141,148,147,144,144,143,141,899,1
144,143,141,144,143,141,144,143,141,144,143,141,743,1
144,143,141,144,143,141,144,143,141,139,138,135,575,1
153,152,150,144,143,141,139,138,135,144,143,141,124,2
144,143,141,144,143,141,144,143,141,144,143,141,50,2
135,134,131,144,143,141,141,140,137,144,143,141,400,2
153,152,150,144,143,141,153,152,150,144,143,141,627,1
144,143,141,144,143,141,135,134,131,144,143,141,507,2
144,143,141,153,152,150,144,143,141,153,152,150,429,2
153,152,150,144,143,141,148,147,144,144,143,141,360,1
144,143,141,144,143,141,144,143,141,144,143,141,776,2
144,143,141,144,143,141,144,143,141,135,134,131,243,1
144,143,141,144,143,141,144,143,141,137,136,133,739,1
153,152,150,144,143,141,143,141,139,144,143,141,357,2
144,143,141,144,143,141,137,136,133,144,143,141,937,2
144,143,141,135,134,131,144,143,141,143,141,139,797,1
144,143,141,135,134,131,144,143,141,146,145,143,535,2
153,152,150,144,143,141,151,150,148,144,143,141,758,1
153,152,150,144,143,141,144,143,141,144,143,141,127,1
144,143,141,135,134,131,144,143,141,135,134,131,562,1
144,143,141,144,143,141,139,138,135,144,143,141,641,2
144,143,141,144,143,141,143,141,139,144,143,141,841,2
144,143,141,153,152,150,144,143,141,150,149,146,823,2
144,143,141,144,143,141,144,143,141,137,136,133,79,1
144,143,141,153,152,150,144,143,141,151,150,148,32,2
144,143,141,144,143,141,143,141,139,144,143,141,808,2
144,143,141,144,143,141,144,143,141,139,138,135,542,1
144,143,141,144,143,141,146,145,143,144,143,141,579,1
135,134,131,144,143,141,141,140,137,144,143,141,895,2
144,143,141,153,152,150,144,143,141,143,141,139,60,1
144,143,141,144,143,141,144,143,141,151,150,148,417,2
144,143,141,144,143,141,144,143,141,151,150,148,582,2
144,143,141,144,143,141,143,141,139,144,143,141,214,2
135,134,131,144,143,141,135,134,131,144,143,141,496,2
144,143,141,144,143,141,153,152,150,144,143,141,88,1
153,152,150,144,143,141,146,145,143,144,143,141,260,1
144,143,141,153,152,150,144,143,141,137,136,133,123,1
144,143,141,135,134,131,144,143,141,144,143,141,72,2
144,143,141,144,143,141,151,150,148,144,143,141,318,1
144,143,141,135,134,131,144,143,141,144,143,141,699,2
135,134,131,144,143,141,150,149,146,144,143,141,306,1
153,152,150,144,143,141,148,147,144,144,143,141,723,1
144,143,141,135,134,131,144,143,141,151,150,148,175,2
153,152,150,144,143,141,135,134,131,144,143,141,683,2
144,143,141,153,152,150,144,143,141,146,145,143,986,2
144,143,141,144,143,141,144,143,141,150,149,146,152,2
135,134,131,144,143,141,146,145,143,144,143,141,898,1
144,143,141,135,134,131,144,143,141,151,150,148,571,2
153,152,150,144,143,141,139,138,135,144,143,141,685,2
153,152,150,144,143,141,135,134,131,144,143,141,914,2
153,152,150,144,143,141,135,134,131,144,143,141,518,2
144,143,141,144,143,141,137,136,133,144,143,141,178,2
144,143,141,144,143,141,144,143,141,144,143,141,578,2
144,143,141,153,152,150,144,143,141,150,149,146,922,2
144,143,141,144,143,141,144,143,141,137,136,133,574,1
144,143,141,153,152,150,144,143,141,148,147,144,162,2
153,152,150,144,143,141,143,141,139,144,143,141,291,2
153,152,150,144,143,141,141,140,137,144,143,141,686,2
144,143,141,153,152,150,144,143,141,137,136,133,486,1
144,143,141,135,134,131,144,143,141,151,150,148,703,2
144,143,141,135,134,131,144,143,141,146,145,143,700,2
144,143,141,153,152,150,144,143,141,153,152,150,561,2
144,143,141,135,134,131,144,143,141,151,150,148,241,2
144,143,141,144,143,141,137,136,133,144,143,141,970,2
144,143,141,135,134,131,144,143,141,151,150,148,835,2
144,143,141,135,134,131,144,143,141,146,145,143,601,2
135,134,131,144,143,141,153,152,150,144,143,141,935,1
144,143,141,144,143,141,144,143,141,141,140,137,444,1
144,143,141,153,152,150,144,143,141,143,141,139,27,1
144,143,141,144,143,141,143,141,139,144,143,141,49,2
144,143,141,135,134,131,144,143,141,143,141,139,269,1
153,152,150,144,143,141,144,143,141,144,143,141,160,1
144,143,141,153,152,150,144,143,141,153,152,150,99,2
135,134,131,144,143,141,135,134,131,144,143,141,463,2
144,143,141,135,134,131,144,143,141,139,138,135,432,1
153,152,150,144,143,141,135,134,131,144,143,141,650,2
144,143,141,144,143,141,144,143,141,150,149,146,581,2
153,152,150,144,143,141,148,147,144,144,143,141,63,1
153,152,150,144,143,141,150,149,146,144,143,141,559,1
153,152,150,144,143,141,148,147,144,144,143,141,459,1
144,143,141,153,152,150,144,143,141,141,140,137,290,1
144,143,141,135,134,131,144,143,141,144,143,141,633,2
144,143,141,144,143,141,144,143,141,150,149,146,944,2
144,143,141,144,143,141,139,138,135,144,143,141,839,2
144,143,141,153,152,150,144,143,141,137,136,133,222,1
144,143,141,144,143,141,144,143,141,144,143,141,83,2
144,143,141,144,143,141,148,147,144,144,143,141,943,1
144,143,141,153,152,150,144,143,141,150,149,146,724,2
135,134,131,144,143,141,137,136,133,144,143,141,530,2
144,143,141,144,143,141,141,140,137,144,143,141,708,2
144,143,141,144,143,141,150,149,146,144,143,141,449,1
153,152,150,144,143,141,141,140,137,144,143,141,488,2
153,152,150,144,143,141,137,136,133,144,143,141,717,2
135,134,131,144,143,141,150,149,146,144,143,141,636,1
153,152,150,144,143,141,150,149,146,144,143,141,625,1
144,143,141,153,152,150,144,143,141,151,150,148,527,2
144,143,141,144,143,141,143,141,139,144,143,141,940,2
144,143,141,144,143,141,151,150,148,144,143,141,615,1
144,143,141,135,134,131,144,143,141,153,152,150,506,2
144,143,141,144,143,141,148,147,144,144,143,141,580,1
144,143,141,144,143,141,144,143,141,148,147,144,349,2
144,143,141,135,134,131,144,143,141,153,152,150,11,2
135,134,131,144,143,141,153,152,150,144,143,141,605,1
144,143,141,153,152,150,144,143,141,144,143,141,556,2
144,143,141,135,134,131,144,143,141,141,140,137,4,1
144,143,141,144,143,141,144,143,141,153,152,150,517,2
144,143,141,153,152,150,144,143,141,135,134,131,419,1
144,143,141,135,134,131,144,143,141,139,138,135,762,1
144,143,141,153,152,150,144,143,141,148,147,144,195,2
144,143,141,144,143,141,151,150,148,144,143,141,945,1
144,143,141,153,152,150,144,143,141,148,147,144,426,2
153,152,150,144,143,141,150,149,146,144,143,141,988,1
144,143,141,153,152,150,144,143,141,141,140,137,917,1
144,143,141,135,134,131,144,143,141,146,145,143,106,2
144,143,141,144,143,141,144,143,141,135,134,131,573,1
153,152,150,144,143,141,151,150,148,144,143,141,230,1
153,152,150,144,143,141,150,149,146,144,143,141,493,1
135,134,131,144,143,141,144,143,141,144,143,141,798,1
144,143,141,135,134,131,144,143,141,139,138,135,234,1
144,143,141,135,134,131,144,143,141,144,143,141,402,2
144,143,141,153,152,150,144,143,141,150,149,146,361,2
144,143,141,144,143,141,144,143,141,143,141,139,478,1
144,143,141,144,143,141,144,143,141,148,147,144,547,2
153,152,150,144,143,141,151,150,148,144,143,141,461,1
144,143,141,153,152,150,144,143,141,151,150,148,65,2
144,143,141,144,143,141,137,136,133,144,143,141,640,2
135,134,131,144,143,141,148,147,144,144,143,141,272,1
144,143,141,153,152,150,144,143,141,151,150,148,857,2
144,143,141,144,143,141,135,134,131,144,143,141,12,2
153,152,150,144,143,141,153,152,150,144,143,141,759,1
144,143,141,144,143,141,153,152,150,144,143,141,187,1
144,143,141,135,134,131,144,143,141,146,145,143,766,2
153,152,150,144,143,141,141,140,137,144,143,141,818,2
135,134,131,144,143,141,144,143,141,144,143,141,6,1
144,143,141,153,152,150,144,143,141,146,145,143,128,2
144,143,141,144,143,141,144,143,141,139,138,135,971,1
135,134,131,144,143,141,153,152,150,144,143,141,869,1
153,152,150,144,143,141,144,143,141,144,143,141,457,1
135,134,131,144,143,141,150,149,146,144,143,141,702,1
144,143,141,153,152,150,144,143,141,150,149,146,889,2
144,143,141,135,134,131,144,143,141,151,150,148,142,2
144,143,141,144,143,141,144,143,141,146,145,143,414,2
144,143,141,144,143,141,135,134,131,144,143,141,276,2
144,143,141,153,152,150,144,143,141,137,136,133,915,1
144,143,141,135,134,131,144,143,141,139,138,135,696,1
144,143,141,144,143,141,144,143,141,139,138,135,179,1
153,152,150,144,143,141,151,150,148,144,143,141,98,1
153,152,150,144,143,141,135,134,131,144,143,141,584,2
153,152,150,144,143,141,148,147,144,144,143,141,690,1
135,134,131,144,143,141,137,136,133,144,143,141,761,2
144,143,141,135,134,131,144,143,141,151,150,148,10,2
135,134,131,144,143,141,148,147,144,144,143,141,74,1
153,152,150,144,143,141,148,147,144,144,143,141,525,1
153,152,150,144,143,141,141,140,137,144,143,141,224,2
144,143,141,135,134,131,144,143,141,141,140,137,136,1
144,143,141,153,152,150,144,143,141,144,143,141,94,2
144,143,141,144,143,141,135,134,131,144,143,141,474,2
144,143,141,144,143,141,151,150,148,144,143,141,153,1
144,143,141,144,143,141,135,134,131,144,143,141,144,2
153,152,150,144,143,141,146,145,143,144,143,141,689,1
144,143,141,144,143,141,150,149,146,144,143,141,878,1
144,143,141,135,134,131,144,143,141,135,134,131,100,1
144,143,141,153,152,150,144,143,141,143,141,139,423,1
153,152,150,144,143,141,150,149,146,144,143,141,592,1
144,143,141,144,143,141,144,143,141,135,134,131,309,1
144,143,141,144,143,141,144,143,141,135,134,131,210,1
144,143,141,153,152,150,144,143,141,153,152,150,792,2
144,143,141,153,152,150,144,143,141,143,141,139,753,1
144,143,141,144,143,141,144,143,141,146,145,143,381,2
153,152,150,144,143,141,135,134,131,144,143,141,617,2
144,143,141,144,143,141,139,138,135,144,143,141,773,2
144,143,141,144,143,141,144,143,141,148,147,144,448,2
144,143,141,144,143,141,151,150,148,144,143,141,912,1
144,143,141,144,143,141,151,150,148,144,143,141,120,1
135,134,131,144,143,141,150,149,146,144,143,141,108,1
144,143,141,144,143,141,143,141,139,144,143,141,775,2
144,143,141,144,143,141,144,143,141,144,143,141,380,2
144,143,141,144,143,141,144,143,141,148,147,144,712,2
144,143,141,153,152,150,144,143,141,144,143,141,325,2
144,143,141,144,143,141,144,143,141,139,138,135,905,1
144,143,141,144,143,141,135,134,131,144,143,141,936,2
144,143,141,144,143,141,144,143,141,150,149,146,548,2
153,152,150,144,143,141,135,134,131,144,143,141,188,2
144,143,141,144,143,141,153,152,150,144,143,141,352,1
135,134,131,144,143,141,150,149,146,144,143,141,174,1
144,143,141,153,152,150,144,143,141,150,149,146,295,2
144,143,141,135,134,131,144,143,141,135,134,131,859,1
153,152,150,144,143,141,141,140,137,144,143,141,554,2
144,143,141,144,143,141,144,143,141,137,136,133,442,1
153,152,150,144,143,141,135,134,131,144,143,141,56,2
135,134,131,144,143,141,137,136,133,144,143,141,860,2
144,143,141,144,143,141,144,143,141,137,136,133,607,1
144,143,141,144,143,141,144,143,141,143,141,139,247,1
144,143,141,144,143,141,144,143,141,148,147,144,52,2
135,134,131,144,143,141,137,136,133,144,143,141,35,2
153,152,150,144,143,141,151,150,148,144,143,141,626,1
144,143,141,144,143,141,144,143,141,143,141,139,973,1
144,143,141,153,152,150,144,143,141,141,140,137,884,1
144,143,141,144,143,141,146,145,143,144,143,141,150,1
144,143,141,153,152,150,144,143,141,143,141,139,885,1
153,152,150,144,143,141,141,140,137,144,143,141,323,2
153,152,150,144,143,141,150,149,146,144,143,141,658,1
144,143,141,144,143,141,144,143,141,141,140,137,213,1
144,143,141,144,143,141,144,143,141,141,140,137,906,1
153,152,150,144,143,141,151,150,148,144,143,141,989,1
144,143,141,144,143,141,144,143,141,146,145,143,84,2
144,143,141,135,134,131,144,143,141,153,152,150,902,2
144,143,141,144,143,141,144,143,141,137,136,133,244,1
144,143,141,144,143,141,137,136,133,144,143,141,46,2
153,152,150,144,143,141,151,150,148,144,143,141,131,1
144,143,141,144,143,141,151,150,148,144,143,141,747,1
144,143,141,144,143,141,144,143,141,144,143,141,446,2
153,152,150,144,143,141,144,143,141,144,143,141,358,1
144,143,141,153,152,150,144,143,141,146,145,143,62,2
153,152,150,144,143,141,139,138,135,144,143,141,982,2
144,143,141,135,134,131,144,143,141,137,136,133,728,1
144,143,141,144,143,141,143,141,139,144,143,141,544,2
144,143,141,135,134,131,144,143,141,146,145,143,568,2
144,143,141,135,134,131,144,143,141,137,136,133,827,1
153,152,150,144,143,141,137,136,133,144,143,141,24,2
144,143,141,144,143,141,144,143,141,143,141,139,412,1
144,143,141,135,134,131,144,143,141,151,150,148,340,2
144,143,141,144,143,141,144,143,141,135,134,131,672,1
144,143,141,153,152,150,144,143,141,144,143,141,688,2
144,143,141,144,143,141,143,141,139,144,143,141,709,2
144,143,141,153,152,150,144,143,141,135,134,131,320,1
144,143,141,153,152,150,144,143,141,141,140,137,26,1
144,143,141,135,134,131,144,143,141,146,145,143,403,2
144,143,141,135,134,131,144,143,141,148,147,144,932,2
144,143,141,153,152,150,144,143,141,141,140,137,191,1
153,152,150,144,143,141,153,152,150,144,143,141,297,1
144,143,141,144,143,141,144,143,141,144,143,141,347,1
153,152,150,144,143,141,144,143,141,144,143,141,193,1
144,143,141,135,134,131,144,143,141,143,141,139,665,1
144,143,141,135,134,131,144,143,141,137,136,133,233,1
135,134,131,144,143,141,139,138,135,144,143,141,69,2
144,143,141,144,143,141,144,143,141,146,145,143,348,2
144,143,141,135,134,131,144,143,141,144,143,141,138,2
144,143,141,144,143,141,137,136,133,144,143,141,706,2
153,152,150,144,143,141,144,143,141,144,143,141,523,1
153,152,150,144,143,141,150,149,146,144,143,141,790,1
144,143,141,144,143,141,153,152,150,144,143,141,121,1
153,152,150,144,143,141,153,152,150,144,143,141,198,1
144,143,141,144,143,141,144,143,141,135,134,131,342,1
144,143,141,144,143,141,144,143,141,144,143,141,248,1
144,143,141,144,143,141,144,143,141,144,143,141,974,1
144,143,141,144,143,141,144,143,141,141,140,137,246,1
144,143,141,144,143,141,144,143,141,135,134,131,111,1
144,143,141,144,143,141,144,143,141,153,152,150,319,2
144,143,141,135,134,131,144,143,141,139,138,135,894,1
135,134,131,144,143,141,150,149,146,144,143,141,372,1
144,143,141,144,143,141,148,147,144,144,143,141,151,1
153,152,150,144,143,141,139,138,135,144,143,141,355,2
144,143,141,144,143,141,144,143,141,144,143,141,182,1
144,143,141,135,134,131,144,143,141,135,134,131,760,1
153,152,150,144,143,141,153,152,150,144,143,141,264,1
153,152,150,144,143,141,135,134,131,144,143,141,716,2
153,152,150,144,143,141,135,134,131,144,143,141,485,2
144,143,141,144,143,141,144,143,141,151,150,148,450,2
144,143,141,144,143,141,144,143,141,144,143,141,17,1
144,143,141,144,143,141,150,149,146,144,143,141,317,1
153,152,150,144,143,141,139,138,135,144,143,141,949,2
144,143,141,144,143,141,144,143,141,144,143,141,512,2
135,134,131,144,143,141,148,147,144,144,143,141,41,1
153,152,150,144,143,141,135,134,131,144,143,141,353,2
144,143,141,144,143,141,135,134,131,144,143,141,639,2
144,143,141,135,134,131,144,143,141,148,147,144,8,2
144,143,141,153,152,150,144,143,141,150,149,146,328,2
144,143,141,135,134,131,144,143,141,153,152,150,143,2
144,143,141,144,143,141,150,149,146,144,143,141,416,1
144,143,141,135,134,131,144,143,141,143,141,139,731,1
144,143,141,144,143,141,144,143,141,153,152,150,418,2
144,143,141,135,134,131,144,143,141,137,136,133,464,1
153,152,150,144,143,141,143,141,139,144,143,141,192,2
153,152,150,144,143,141,153,152,150,144,143,141,858,1
144,143,141,144,143,141,146,145,143,144,143,141,315,1
144,143,141,135,134,131,144,143,141,148,147,144,338,2
144,143,141,135,134,131,144,143,141,139,138,135,36,1
153,152,150,144,143,141,137,136,133,144,143,141,255,2
144,143,141,144,143,141,144,143,141,141,140,137,510,1
144,143,141,144,143,141,144,143,141,153,152,150,715,2
144,143,141,153,152,150,144,143,141,139,138,135,652,1
144,143,141,153,152,150,144,143,141,143,141,139,984,1
144,143,141,144,143,141,153,152,150,144,143,141,550,1
144,143,141,144,143,141,144,143,141,141,140,137,48,1
144,143,141,144,143,141,144,143,141,144,143,141,479,2
144,143,141,144,143,141,144,143,141,141,140,137,873,1
144,143,141,144,143,141,144,143,141,146,145,143,810,2
144,143,141,153,152,150,144,143,141,148,147,144,855,2
144,143,141,144,143,141,148,147,144,144,143,141,910,1
135,134,131,144,143,141,139,138,135,144,143,141,3,2
144,143,141,144,143,141,144,143,141,153,152,150,880,2
153,152,150,144,143,141,139,138,135,144,143,141,322,2
144,143,141,144,143,141,144,143,141,150,149,146,251,2
144,143,141,144,143,141,150,149,146,144,143,141,680,1
153,152,150,144,143,141,137,136,133,144,143,141,90,2
144,143,141,153,152,150,144,143,141,148,147,144,558,2
144,143,141,144,143,141,144,143,141,153,152,150,451,2
153,152,150,144,143,141,153,152,150,144,143,141,396,1
135,134,131,144,143,141,150,149,146,144,143,141,669,1
135,134,131,144,143,141,153,152,150,144,143,141,770,1
144,143,141,153,152,150,144,143,141,150,149,146,262,2
144,143,141,135,134,131,144,143,141,151,150,148,637,2
135,134,131,144,143,141,150,149,146,144,143,141,570,1
153,152,150,144,143,141,150,149,146,144,143,141,97,1
153,152,150,144,143,141,148,147,144,144,143,141,822,1
135,134,131,144,143,141,144,143,141,144,143,141,204,1
153,152,150,144,143,141,137,136,133,144,143,141,519,2
144,143,141,144,143,141,144,143,141,150,149,146,383,2
144,143,141,153,152,150,144,143,141,141,140,137,521,1
144,143,141,153,152,150,144,143,141,151,150,148,362,2
144,143,141,144,143,141,144,143,141,153,152,150,781,2
144,143,141,135,134,131,144,143,141,148,147,144,437,2
144,143,141,144,143,141,144,143,141,141,140,137,972,1
153,152,150,144,143,141,137,136,133,144,143,141,618,2
135,134,131,144,143,141,153,152,150,144,143,141,572,1
153,152,150,144,143,141,137,136,133,144,143,141,57,2
144,143,141,135,134,131,144,143,141,141,140,137,37,1
144,143,141,153,152,150,144,143,141,139,138,135,784,1
135,134,131,144,143,141,151,150,148,144,143,141,538,1
144,143,141,153,152,150,144,143,141,146,145,143,887,2
144,143,141,144,143,141,143,141,139,144,143,141,610,2
153,152,150,144,143,141,139,138,135,144,143,141,58,2
144,143,141,135,134,131,144,143,141,143,141,139,467,1
135,134,131,144,143,141,151,150,148,144,143,141,76,1
135,134,131,144,143,141,139,138,135,144,143,141,861,2
144,143,141,135,134,131,144,143,141,144,143,141,534,2
144,143,141,135,134,131,144,143,141,143,141,139,335,1
153,152,150,144,143,141,150,149,146,144,143,141,31,1
144,143,141,144,143,141,143,141,139,144,143,141,313,2
144,143,141,144,143,141,144,143,141,143,141,139,676,1
153,152,150,144,143,141,135,134,131,144,143,141,749,2
144,143,141,153,152,150,144,143,141,135,134,131,155,1
144,143,141,144,143,141,137,136,133,144,143,141,112,2
144,143,141,153,152,150,144,143,141,137,136,133,882,1
135,134,131,144,143,141,141,140,137,144,143,141,565,2
144,143,141,153,152,150,144,143,141,146,145,143,755,2
144,143,141,144,143,141,150,149,146,144,143,141,977,1
144,143,141,153,152,150,144,143,141,151,150,148,329,2
144,143,141,144,143,141,153,152,150,144,143,141,385,1
144,143,141,135,134,131,144,143,141,139,138,135,597,1
135,134,131,144,143,141,141,140,137,144,143,141,763,2
153,152,150,144,143,141,139,138,135,144,143,141,91,2
144,143,141,135,134,131,144,143,141,143,141,139,170,1
144,143,141,144,143,141,144,143,141,144,143,141,314,1
144,143,141,135,134,131,144,143,141,141,140,137,664,1
135,134,131,144,143,141,150,149,146,144,143,141,339,1
144,143,141,144,143,141,153,152,150,144,143,141,913,1
144,143,141,144,143,141,141,140,137,144,143,141,180,2
135,134,131,144,143,141,146,145,143,144,143,141,436,1
144,143,141,153,152,150,144,143,141,139,138,135,289,1
135,134,131,144,143,141,146,145,143,144,143,141,931,1
153,152,150,144,143,141,146,145,143,144,143,141,722,1
144,143,141,153,152,150,144,143,141,143,141,139,654,1
144,143,141,135,134,131,144,143,141,137,136,133,497,1
135,134,131,144,143,141,144,143,141,144,143,141,369,1
144,143,141,135,134,131,144,143,141,143,141,139,533,1
135,134,131,144,143,141,135,134,131,144,143,141,331,2
144,143,141,144,143,141,135,134,131,144,143,141,540,2
153,152,150,144,143,141,144,143,141,144,143,141,292,1
144,143,141,144,143,141,146,145,143,144,143,141,744,1
144,143,141,153,152,150,144,143,141,143,141,139,258,1
144,143,141,135,134,131,144,143,141,137,136,133,266,1
144,143,141,135,134,131,144,143,141,144,143,141,468,2
144,143,141,144,143,141,144,143,141,137,136,133,310,1
144,143,141,144,143,141,150,149,146,144,143,141,53,1
144,143,141,135,134,131,144,143,141,143,141,139,137,1
135,134,131,144,143,141,150,149,146,144,143,141,900,1
144,143,141,144,143,141,144,143,141,153,152,150,22,2
144,143,141,153,152,150,144,143,141,143,141,139,621,1
144,143,141,153,152,150,144,143,141,148,147,144,492,2
135,134,131,144,143,141,144,143,141,144,143,141,666,1
153,152,150,144,143,141,144,143,141,144,143,141,655,1
144,143,141,144,143,141,144,143,141,151,150,148,780,2
135,134,131,144,143,141,146,145,143,144,143,141,469,1
144,143,141,153,152,150,144,143,141,146,145,143,392,2
144,143,141,153,152,150,144,143,141,139,138,135,520,1
153,152,150,144,143,141,146,145,143,144,143,141,557,1
144,143,141,144,143,141,144,143,141,151,150,148,681,2
144,143,141,144,143,141,144,143,141,150,149,146,482,2
135,134,131,144,143,141,151,150,148,144,143,141,604,1
153,152,150,144,143,141,144,143,141,144,143,141,622,1
135,134,131,144,143,141,141,140,137,144,143,141,301,2
135,134,131,144,143,141,141,140,137,144,143,141,202,2
144,143,141,144,143,141,153,152,150,144,143,141,286,1
135,134,131,144,143,141,144,143,141,144,143,141,930,1
135,134,131,144,143,141,151,150,148,144,143,141,769,1
135,134,131,144,143,141,135,134,131,144,143,141,199,2
144,143,141,144,143,141,144,143,141,151,150,148,879,2
144,143,141,144,143,141,137,136,133,144,143,141,871,2
144,143,141,144,143,141,143,141,139,144,143,141,82,2
153,152,150,144,143,141,148,147,144,144,143,141,327,1
144,143,141,144,143,141,144,143,141,139,138,135,14,1
