144,143,141,144,143,141,148,147,144,144,143,141,745,1
144,143,141,135,134,131,144,143,141,139,138,135,564,1
144,143,141,135,134,131,144,143,141,150,149,146,504,2
144,143,141,144,143,141,137,136,133,144,143,141,79,2
144,143,141,135,134,131,144,143,141,144,143,141,39,2
144,143,141,144,143,141,150,149,146,144,143,141,317,1
153,152,150,144,143,141,143,141,139,144,143,141,786,2
144,143,141,153,152,150,144,143,141,139,138,135,487,1
153,152,150,144,143,141,144,143,141,144,143,141,820,1
144,143,141,144,143,141,135,134,131,144,143,141,309,2
144,143,141,135,134,131,144,143,141,143,141,139,269,1
144,143,141,144,143,141,135,134,131,144,143,141,375,2
135,134,131,144,143,141,146,145,143,144,143,141,832,1
144,143,141,144,143,141,139,138,135,144,143,141,47,2
135,134,131,144,143,141,148,147,144,144,143,141,899,1
144,143,141,135,134,131,144,143,141,137,136,133,365,1
144,143,141,153,152,150,144,143,141,135,134,131,287,1
135,134,131,144,143,141,141,140,137,144,143,141,598,2
144,143,141,144,143,141,137,136,133,144,143,141,640,2
144,143,141,144,143,141,148,147,144,144,143,141,481,1
144,143,141,153,152,150,144,143,141,143,141,139,456,1
135,134,131,144,143,141,144,143,141,144,143,141,501,1
144,143,141,153,152,150,144,143,141,150,149,146,493,2
144,143,141,135,134,131,144,143,141,150,149,146,240,2
144,143,141,144,143,141,144,143,141,144,143,141,776,2
144,143,141,144,143,141,137,136,133,144,143,141,277,2
153,152,150,144,143,141,150,149,146,144,143,141,328,1
144,143,141,153,152,150,144,143,141,153,152,150,363,2
153,152,150,144,143,141,135,134,131,144,143,141,815,2
144,143,141,135,134,131,144,143,141,143,141,139,71,1
144,143,141,144,143,141,144,143,141,139,138,135,641,1
135,134,131,144,143,141,143,141,139,144,143,141,38,2
153,152,150,144,143,141,144,143,141,144,143,141,424,1
144,143,141,144,143,141,153,152,150,144,143,141,517,1
144,143,141,144,143,141,151,150,148,144,143,141,516,1
144,143,141,144,143,141,144,143,141,135,134,131,45,1
144,143,141,135,134,131,144,143,141,135,134,131,793,1
144,143,141,144,143,141,144,143,141,146,145,143,348,2
135,134,131,144,143,141,141,140,137,144,143,141,202,2
144,143,141,153,152,150,144,143,141,143,141,139,93,1
144,143,141,135,134,131,144,143,141,148,147,144,239,2
144,143,141,144,143,141,144,143,141,146,145,143,513,2
144,143,141,135,134,131,144,143,141,151,150,148,175,2
144,143,141,144,143,141,153,152,150,144,143,141,220,1
144,143,141,144,143,141,144,143,141,144,143,141,347,1
135,134,131,144,143,141,143,141,139,144,143,141,698,2
144,143,141,144,143,141,146,145,143,144,143,141,249,1
144,143,141,153,152,150,144,143,141,135,134,131,353,1
144,143,141,153,152,150,144,143,141,151,150,148,263,2
144,143,141,144,143,141,139,138,135,144,143,141,476,2
144,143,141,144,143,141,144,143,141,141,140,137,939,1
144,143,141,144,143,141,144,143,141,139,138,135,608,1
144,143,141,135,134,131,144,143,141,141,140,137,697,1
144,143,141,144,143,141,141,140,137,144,143,141,642,2
135,134,131,144,143,141,135,134,131,144,143,141,958,2
144,143,141,135,134,131,144,143,141,144,143,141,567,2
144,143,141,144,143,141,153,152,150,144,143,141,748,1
144,143,141,135,134,131,144,143,141,153,152,150,671,2
144,143,141,153,152,150,144,143,141,150,149,146,64,2
153,152,150,144,143,141,139,138,135,144,143,141,289,2
144,143,141,144,143,141,144,143,141,146,145,143,645,2
144,143,141,144,143,141,144,143,141,144,143,141,281,2
144,143,141,135,134,131,144,143,141,150,149,146,636,2
144,143,141,144,143,141,153,152,150,144,143,141,781,1
144,143,141,144,143,141,143,141,139,144,143,141,379,2
135,134,131,144,143,141,148,147,144,144,143,141,767,1
144,143,141,144,143,141,144,143,141,139,138,135,344,1
144,143,141,135,134,131,144,143,141,148,147,144,41,2
135,134,131,144,143,141,146,145,143,144,143,141,205,1
135,134,131,144,143,141,139,138,135,144,143,141,597,2
144,143,141,153,152,150,144,143,141,143,141,139,984,1
153,152,150,144,143,141,143,141,139,144,143,141,951,2
144,143,141,144,143,141,144,143,141,144,143,141,116,2
153,152,150,144,143,141,150,149,146,144,143,141,526,1
144,143,141,135,134,131,144,143,141,150,149,146,207,2
144,143,141,144,143,141,144,143,141,148,147,144,217,2
153,152,150,144,143,141,143,141,139,144,143,141,357,2
144,143,141,144,143,141,144,143,141,139,138,135,707,1
135,134,131,144,143,141,146,145,143,144,143,141,667,1
153,152,150,144,143,141,143,141,139,144,143,141,291,2
144,143,141,153,152,150,144,143,141,153,152,150,297,2
135,134,131,144,143,141,146,145,143,144,143,141,931,1
144,143,141,144,143,141,150,149,146,144,143,141,911,1
153,152,150,144,143,141,139,138,135,144,143,141,850,2
135,134,131,144,143,141,135,134,131,144,143,141,628,2
153,152,150,144,143,141,139,138,135,144,143,141,982,2
153,152,150,144,143,141,144,143,141,144,143,141,193,1
144,143,141,144,143,141,137,136,133,144,143,141,904,2
135,134,131,144,143,141,143,141,139,144,143,141,467,2
144,143,141,153,152,150,144,143,141,141,140,137,521,1
144,143,141,144,143,141,144,143,141,141,140,137,48,1
153,152,150,144,143,141,143,141,139,144,143,141,390,2
135,134,131,144,143,141,144,143,141,144,143,141,237,1
135,134,131,144,143,141,141,140,137,144,143,141,763,2
144,143,141,144,143,141,135,134,131,144,143,141,210,2
144,143,141,153,152,150,144,143,141,141,140,137,224,1
144,143,141,135,134,131,144,143,141,141,140,137,862,1
144,143,141,135,134,131,144,143,141,141,140,137,829,1
153,152,150,144,143,141,139,138,135,144,143,141,520,2
144,143,141,144,143,141,144,143,141,144,143,141,512,2
144,143,141,135,134,131,144,143,141,150,149,146,42,2
144,143,141,144,143,141,143,141,139,144,143,141,148,2
144,143,141,153,152,150,144,143,141,143,141,139,423,1
144,143,141,153,152,150,144,143,141,141,140,137,422,1
144,143,141,153,152,150,144,143,141,153,152,150,462,2
153,152,150,144,143,141,151,150,148,144,143,141,626,1
144,143,141,153,152,150,144,143,141,141,140,137,26,1
135,134,131,144,143,141,144,143,141,144,143,141,270,1
144,143,141,144,143,141,146,145,143,144,143,141,447,1
144,143,141,144,143,141,144,143,141,151,150,148,879,2
144,143,141,153,152,150,144,143,141,148,147,144,756,2
144,143,141,144,143,141,141,140,137,144,143,141,510,2
144,143,141,144,143,141,151,150,148,144,143,141,351,1
144,143,141,144,143,141,139,138,135,144,143,141,773,2
153,152,150,144,143,141,141,140,137,144,143,141,257,2
144,143,141,144,143,141,146,145,143,144,143,141,51,1
144,143,141,135,134,131,144,143,141,151,150,148,76,2
153,152,150,144,143,141,137,136,133,144,143,141,552,2
144,143,141,153,152,150,144,143,141,150,149,146,97,2
144,143,141,135,134,131,144,143,141,146,145,143,73,2
144,143,141,144,143,141,144,143,141,153,152,150,418,2
144,143,141,153,152,150,144,143,141,148,147,144,96,2
144,143,141,153,152,150,144,143,141,150,149,146,130,2
144,143,141,153,152,150,144,143,141,135,134,131,980,1
153,152,150,144,143,141,148,147,144,144,143,141,624,1
144,143,141,144,143,141,144,143,141,144,143,141,479,1
135,134,131,144,143,141,153,152,150,144,143,141,143,1
144,143,141,144,143,141,137,136,133,144,143,141,937,2
144,143,141,144,143,141,144,143,141,144,143,141,941,2
144,143,141,144,143,141,151,150,148,144,143,141,417,1
144,143,141,144,143,141,144,143,141,143,141,139,544,1
153,152,150,144,143,141,148,147,144,144,143,141,327,1
153,152,150,144,143,141,141,140,137,144,143,141,653,2
144,143,141,135,134,131,144,143,141,144,143,141,6,2
153,152,150,144,143,141,148,147,144,144,143,141,789,1
144,143,141,135,134,131,144,143,141,150,149,146,339,2
153,152,150,144,143,141,139,138,135,144,143,141,91,2
144,143,141,135,134,131,144,143,141,143,141,139,401,1
144,143,141,135,134,131,144,143,141,143,141,139,500,1
144,143,141,144,143,141,144,143,141,135,134,131,837,1
144,143,141,144,143,141,143,141,139,144,143,141,841,2
153,152,150,144,143,141,137,136,133,144,143,141,651,2
144,143,141,135,134,131,144,143,141,144,143,141,105,2
144,143,141,144,143,141,148,147,144,144,143,141,943,1
135,134,131,144,143,141,137,136,133,144,143,141,167,2
135,134,131,144,143,141,139,138,135,144,143,141,795,2
153,152,150,144,143,141,137,136,133,144,143,141,90,2
144,143,141,153,152,150,144,143,141,135,134,131,23,1
144,143,141,153,152,150,144,143,141,135,134,131,386,1
144,143,141,144,143,141,144,143,141,144,143,141,380,2
144,143,141,144,143,141,144,143,141,144,143,141,974,1
144,143,141,144,143,141,144,143,141,153,152,150,616,2
144,143,141,144,143,141,135,134,131,144,143,141,408,2
135,134,131,144,143,141,148,147,144,144,143,141,866,1
135,134,131,144,143,141,137,136,133,144,143,141,266,2
135,134,131,144,143,141,151,150,148,144,143,141,109,1
135,134,131,144,143,141,153,152,150,144,143,141,572,1
144,143,141,135,134,131,144,143,141,141,140,137,367,1
153,152,150,144,143,141,148,147,144,144,143,141,393,1
144,143,141,144,143,141,144,143,141,148,147,144,514,2
144,143,141,144,143,141,144,143,141,141,140,137,345,1
144,143,141,153,152,150,144,143,141,137,136,133,816,1
135,134,131,144,143,141,143,141,139,144,143,141,863,2
144,143,141,135,134,131,144,143,141,139,138,135,366,1
144,143,141,153,152,150,144,143,141,135,134,131,452,1
144,143,141,135,134,131,144,143,141,135,134,131,364,1
135,134,131,144,143,141,151,150,148,144,143,141,274,1
144,143,141,153,152,150,144,143,141,137,136,133,915,1
144,143,141,144,143,141,144,143,141,148,147,144,250,2
144,143,141,135,134,131,144,143,141,146,145,143,337,2
135,134,131,144,143,141,148,147,144,144,143,141,206,1
144,143,141,153,152,150,144,143,141,141,140,137,92,1
144,143,141,144,143,141,135,134,131,144,143,141,441,2
144,143,141,144,143,141,144,143,141,143,141,139,709,1
135,134,131,144,143,141,146,145,143,144,143,141,403,1
144,143,141,153,152,150,144,143,141,139,138,135,58,1
153,152,150,144,143,141,148,147,144,144,143,141,723,1
144,143,141,144,143,141,153,152,150,144,143,141,121,1
135,134,131,144,143,141,151,150,148,144,143,141,307,1
144,143,141,144,143,141,153,152,150,144,143,141,352,1
144,143,141,144,143,141,144,143,141,144,143,141,875,1
135,134,131,144,143,141,143,141,139,144,143,141,731,2
144,143,141,144,143,141,137,136,133,144,143,141,772,2
144,143,141,153,152,150,144,143,141,139,138,135,454,1
135,134,131,144,143,141,150,149,146,144,143,141,966,1
144,143,141,153,152,150,144,143,141,135,134,131,89,1
144,143,141,135,134,131,144,143,141,144,143,141,600,2
135,134,131,144,143,141,143,141,139,144,143,141,599,2
144,143,141,153,152,150,144,143,141,144,143,141,952,2
135,134,131,144,143,141,137,136,133,144,143,141,827,2
135,134,131,144,143,141,139,138,135,144,143,141,762,2
144,143,141,135,134,131,144,143,141,139,138,135,36,1
144,143,141,135,134,131,144,143,141,146,145,143,139,2
144,143,141,144,143,141,144,143,141,146,145,143,282,2
135,134,131,144,143,141,146,145,143,144,143,141,799,1
153,152,150,144,143,141,153,152,150,144,143,141,33,1
144,143,141,144,143,141,150,149,146,144,143,141,977,1
144,143,141,144,143,141,144,143,141,153,152,150,880,2
144,143,141,144,143,141,144,143,141,148,147,144,52,2
144,143,141,144,143,141,144,143,141,148,147,144,283,2
135,134,131,144,143,141,141,140,137,144,143,141,268,2
153,152,150,144,143,141,139,138,135,144,143,141,124,2
144,143,141,153,152,150,144,143,141,151,150,148,494,2
144,143,141,135,134,131,144,143,141,135,134,131,529,1
144,143,141,135,134,131,144,143,141,146,145,143,40,2
144,143,141,144,143,141,146,145,143,144,143,141,876,1
144,143,141,144,143,141,144,143,141,146,145,143,744,2
144,143,141,135,134,131,144,143,141,135,134,131,595,1
144,143,141,144,143,141,135,134,131,144,143,141,606,2
153,152,150,144,143,141,151,150,148,144,143,141,791,1
144,143,141,153,152,150,144,143,141,137,136,133,156,1
144,143,141,144,143,141,144,143,141,137,136,133,376,1
144,143,141,144,143,141,143,141,139,144,143,141,874,2
144,143,141,144,143,141,146,145,143,144,143,141,975,1
153,152,150,144,143,141,150,149,146,144,143,141,295,1
135,134,131,144,143,141,135,134,131,144,143,141,298,2
144,143,141,144,143,141,135,134,131,144,143,141,540,2
135,134,131,144,143,141,141,140,137,144,143,141,334,2
135,134,131,144,143,141,153,152,150,144,143,141,77,1
153,152,150,144,143,141,148,147,144,144,143,141,30,1
135,134,131,144,143,141,135,134,131,144,143,141,34,2
144,143,141,144,143,141,144,143,141,141,140,137,840,1
144,143,141,144,143,141,141,140,137,144,143,141,807,2
135,134,131,144,143,141,135,134,131,144,143,141,265,2
144,143,141,144,143,141,144,143,141,141,140,137,675,1
144,143,141,144,143,141,144,143,141,150,149,146,548,2
153,152,150,144,143,141,144,143,141,144,143,141,919,1
144,143,141,144,143,141,144,143,141,144,143,141,182,2
144,143,141,144,143,141,144,143,141,139,138,135,806,1
144,143,141,144,143,141,144,143,141,141,140,137,906,1
153,152,150,144,143,141,146,145,143,144,143,141,788,1
153,152,150,144,143,141,141,140,137,144,143,141,125,2
153,152,150,144,143,141,137,136,133,144,143,141,321,2
144,143,141,144,143,141,144,143,141,151,150,148,615,2
135,134,131,144,143,141,148,147,144,144,143,141,140,1
144,143,141,144,143,141,146,145,143,144,143,141,942,1
144,143,141,144,143,141,153,152,150,144,143,141,484,1
144,143,141,144,143,141,153,152,150,144,143,141,451,1
144,143,141,144,143,141,150,149,146,144,143,141,713,1
144,143,141,153,152,150,144,143,141,143,141,139,687,1
144,143,141,135,134,131,144,143,141,139,138,135,663,1
144,143,141,144,143,141,144,143,141,151,150,148,780,2
144,143,141,153,152,150,144,143,141,148,147,144,426,2
144,143,141,135,134,131,144,143,141,137,136,133,464,1
153,152,150,144,143,141,135,134,131,144,143,141,122,2
144,143,141,135,134,131,144,143,141,146,145,143,568,2
144,143,141,153,152,150,144,143,141,144,143,141,391,2
144,143,141,153,152,150,144,143,141,144,143,141,160,2
144,143,141,135,134,131,144,143,141,143,141,139,203,1
135,134,131,144,143,141,137,136,133,144,143,141,35,2
144,143,141,153,152,150,144,143,141,137,136,133,981,1
144,143,141,144,143,141,144,143,141,151,150,148,384,2
135,134,131,144,143,141,148,147,144,144,143,141,701,1
144,143,141,153,152,150,144,143,141,148,147,144,525,2
144,143,141,144,143,141,144,143,141,135,134,131,507,1
135,134,131,144,143,141,137,136,133,144,143,141,794,2
144,143,141,135,134,131,144,143,141,148,147,144,965,2
144,143,141,135,134,131,144,143,141,137,136,133,596,1
153,152,150,144,143,141,144,143,141,144,143,141,556,1
144,143,141,135,134,131,144,143,141,146,145,143,304,2
135,134,131,144,143,141,143,141,139,144,143,141,302,2
135,134,131,144,143,141,151,150,148,144,143,141,868,1
144,143,141,144,143,141,144,143,141,150,149,146,350,2
144,143,141,144,143,141,144,143,141,148,147,144,184,2
144,143,141,135,134,131,144,143,141,151,150,148,802,2
135,134,131,144,143,141,139,138,135,144,143,141,135,2
135,134,131,144,143,141,143,141,139,144,143,141,236,2
135,134,131,144,143,141,144,143,141,144,143,141,765,1
153,152,150,144,143,141,143,141,139,144,143,141,753,2
153,152,150,144,143,141,139,138,135,144,143,141,355,2
153,152,150,144,143,141,146,145,143,144,143,141,986,1
144,143,141,135,134,131,144,143,141,143,141,139,104,1
144,143,141,135,134,131,144,143,141,153,152,150,869,2
135,134,131,144,143,141,137,136,133,144,143,141,200,2
153,152,150,144,143,141,141,140,137,144,143,141,686,2
144,143,141,144,143,141,139,138,135,144,143,141,938,2
135,134,131,144,143,141,148,147,144,144,143,141,338,1
144,143,141,144,143,141,144,143,141,144,143,141,743,2
144,143,141,135,134,131,144,143,141,143,141,139,368,1
144,143,141,144,143,141,148,147,144,144,143,141,382,1
144,143,141,144,143,141,148,147,144,144,143,141,580,1
153,152,150,144,143,141,146,145,143,144,143,141,392,1
144,143,141,153,152,150,144,143,141,137,136,133,57,1
144,143,141,144,143,141,144,143,141,137,136,133,211,1
144,143,141,144,143,141,153,152,150,144,143,141,946,1
144,143,141,153,152,150,144,143,141,151,150,148,164,2
144,143,141,144,143,141,139,138,135,144,143,141,212,2
135,134,131,144,143,141,150,149,146,144,143,141,768,1
144,143,141,144,143,141,144,143,141,143,141,139,445,1
144,143,141,135,134,131,144,143,141,151,150,148,901,2
144,143,141,135,134,131,144,143,141,151,150,148,670,2
135,134,131,144,143,141,143,141,139,144,143,141,929,2
144,143,141,144,143,141,144,143,141,143,141,139,940,1
144,143,141,144,143,141,144,143,141,137,136,133,541,1
153,152,150,144,143,141,141,140,137,144,143,141,719,2
144,143,141,153,152,150,144,143,141,135,134,131,947,1
153,152,150,144,143,141,146,145,143,144,143,141,524,1
144,143,141,135,134,131,144,143,141,144,143,141,633,2
144,143,141,153,152,150,144,143,141,141,140,137,389,1
153,152,150,144,143,141,153,152,150,144,143,141,957,1
135,134,131,144,143,141,143,141,139,144,143,141,632,2
144,143,141,144,143,141,143,141,139,144,143,141,676,2
153,152,150,144,143,141,150,149,146,144,143,141,361,1
144,143,141,135,134,131,144,143,141,141,140,137,169,1
153,152,150,144,143,141,151,150,148,144,143,141,692,1
144,143,141,135,134,131,144,143,141,148,147,144,668,2
144,143,141,144,143,141,144,143,141,143,141,139,907,1
144,143,141,135,134,131,144,143,141,144,143,141,930,2
144,143,141,144,143,141,144,143,141,143,141,139,16,1
144,143,141,144,143,141,146,145,143,144,143,141,216,1
144,143,141,153,152,150,144,143,141,137,136,133,255,1
144,143,141,144,143,141,150,149,146,144,143,141,152,1
144,143,141,144,143,141,146,145,143,144,143,141,315,1
144,143,141,144,143,141,151,150,148,144,143,141,681,1
153,152,150,144,143,141,150,149,146,144,143,141,757,1
144,143,141,144,143,141,144,143,141,144,143,141,83,1
144,143,141,144,143,141,144,143,141,150,149,146,218,2
144,143,141,135,134,131,144,143,141,148,147,144,74,2
144,143,141,153,152,150,144,143,141,151,150,148,428,2
135,134,131,144,143,141,144,143,141,144,143,141,732,1
144,143,141,153,152,150,144,143,141,143,141,139,555,1
135,134,131,144,143,141,151,150,148,144,143,141,406,1
144,143,141,153,152,150,144,143,141,151,150,148,461,2
144,143,141,153,152,150,144,143,141,144,143,141,325,2
144,143,141,135,134,131,144,143,141,150,149,146,405,2
153,152,150,144,143,141,135,134,131,144,143,141,584,2
144,143,141,135,134,131,144,143,141,144,143,141,204,2
144,143,141,144,143,141,139,138,135,144,143,141,410,2
144,143,141,144,143,141,146,145,143,144,143,141,150,1
144,143,141,144,143,141,144,143,141,150,149,146,944,2
144,143,141,153,152,150,144,143,141,148,147,144,690,2
144,143,141,144,143,141,144,143,141,137,136,133,475,1
144,143,141,153,152,150,144,143,141,139,138,135,223,1
144,143,141,144,143,141,153,152,150,144,143,141,253,1
135,134,131,144,143,141,148,147,144,144,143,141,569,1
144,143,141,135,134,131,144,143,141,151,150,148,835,2
153,152,150,144,143,141,144,143,141,144,143,141,589,1
144,143,141,135,134,131,144,143,141,139,138,135,333,1
144,143,141,153,152,150,144,143,141,153,152,150,726,2
144,143,141,144,143,141,151,150,148,144,143,141,252,1
144,143,141,153,152,150,144,143,141,137,136,133,519,1
144,143,141,144,143,141,144,143,141,144,143,141,413,1
144,143,141,144,143,141,144,143,141,146,145,143,777,2
153,152,150,144,143,141,150,149,146,144,143,141,262,1
135,134,131,144,143,141,135,134,131,144,143,141,397,2
135,134,131,144,143,141,150,149,146,144,143,141,108,1
135,134,131,144,143,141,139,138,135,144,143,141,861,2
144,143,141,153,152,150,144,143,141,141,140,137,356,1
144,143,141,144,143,141,146,145,143,144,143,141,843,1
135,134,131,144,143,141,137,136,133,144,143,141,761,2
144,143,141,144,143,141,150,149,146,144,143,141,20,1
135,134,131,144,143,141,137,136,133,144,143,141,959,2
153,152,150,144,143,141,151,150,148,144,143,141,857,1
144,143,141,153,152,150,144,143,141,153,152,150,165,2
144,143,141,144,143,141,144,143,141,148,147,144,679,2
144,143,141,153,152,150,144,143,141,146,145,143,458,2
135,134,131,144,143,141,146,145,143,144,143,141,898,1
153,152,150,144,143,141,137,136,133,144,143,141,585,2
144,143,141,153,152,150,144,143,141,146,145,143,62,2
144,143,141,144,143,141,153,152,150,144,143,141,550,1
144,143,141,144,143,141,144,143,141,144,143,141,842,2
153,152,150,144,143,141,135,134,131,144,143,141,617,2
144,143,141,144,143,141,144,143,141,135,134,131,573,1
144,143,141,135,134,131,144,143,141,151,150,148,340,2
144,143,141,144,143,141,139,138,135,144,143,141,443,2
144,143,141,135,134,131,144,143,141,135,134,131,826,1
135,134,131,144,143,141,153,152,150,144,143,141,44,1
153,152,150,144,143,141,143,141,139,144,143,141,258,2
135,134,131,144,143,141,143,141,139,144,143,141,962,2
144,143,141,144,143,141,150,149,146,144,143,141,185,1
135,134,131,144,143,141,146,145,143,144,143,141,964,1
153,152,150,144,143,141,143,141,139,144,143,141,918,2
153,152,150,144,143,141,150,149,146,144,143,141,988,1
153,152,150,144,143,141,150,149,146,144,143,141,427,1
144,143,141,135,134,131,144,143,141,144,143,141,798,2
135,134,131,144,143,141,148,147,144,144,143,141,470,1
144,143,141,144,143,141,139,138,135,144,143,141,146,2
144,143,141,153,152,150,144,143,141,137,136,133,618,1
153,152,150,144,143,141,139,138,135,144,143,141,619,2
144,143,141,144,143,141,144,143,141,146,145,143,18,2
144,143,141,153,152,150,144,143,141,144,143,141,622,2
153,152,150,144,143,141,141,140,137,144,143,141,884,2
144,143,141,153,152,150,144,143,141,150,149,146,823,2
153,152,150,144,143,141,143,141,139,144,143,141,324,2
144,143,141,153,152,150,144,143,141,151,150,148,98,2
144,143,141,144,143,141,144,143,141,144,143,141,611,1
144,143,141,135,134,131,144,143,141,143,141,139,896,1
153,152,150,144,143,141,143,141,139,144,143,141,489,2
135,134,131,144,143,141,137,136,133,144,143,141,2,2
144,143,141,144,143,141,139,138,135,144,143,141,245,2
144,143,141,144,143,141,139,138,135,144,143,141,905,2
153,152,150,144,143,141,141,140,137,144,143,141,455,2
135,134,131,144,143,141,143,141,139,144,143,141,830,2
144,143,141,135,134,131,144,143,141,141,140,137,961,1
144,143,141,144,143,141,135,134,131,144,143,141,474,2
144,143,141,153,152,150,144,143,141,137,136,133,123,1
153,152,150,144,143,141,139,138,135,144,143,141,421,2
144,143,141,153,152,150,144,143,141,146,145,143,920,2
135,134,131,144,143,141,146,145,143,144,143,141,469,1
144,143,141,135,134,131,144,143,141,151,150,148,703,2
144,143,141,153,152,150,144,143,141,139,138,135,784,1
135,134,131,144,143,141,137,136,133,144,143,141,728,2
144,143,141,144,143,141,139,138,135,144,143,141,575,2
135,134,131,144,143,141,151,150,148,144,143,141,472,1
144,143,141,144,143,141,148,147,144,144,143,141,910,1
144,143,141,144,143,141,144,143,141,148,147,144,811,2
144,143,141,144,143,141,141,140,137,144,143,141,708,2
135,134,131,144,143,141,148,147,144,144,143,141,371,1
144,143,141,153,152,150,144,143,141,153,152,150,495,2
144,143,141,153,152,150,144,143,141,148,147,144,360,2
144,143,141,135,134,131,144,143,141,135,134,131,166,1
144,143,141,144,143,141,141,140,137,144,143,141,477,2
144,143,141,135,134,131,144,143,141,139,138,135,498,1
144,143,141,135,134,131,144,143,141,153,152,150,308,2
144,143,141,144,143,141,144,143,141,151,150,148,549,2
144,143,141,144,143,141,144,143,141,137,136,133,838,1
144,143,141,135,134,131,144,143,141,151,150,148,571,2
144,143,141,144,143,141,153,152,150,144,143,141,583,1
135,134,131,144,143,141,153,152,150,144,143,141,968,1
135,134,131,144,143,141,151,150,148,144,143,141,43,1
135,134,131,144,143,141,141,140,137,144,143,141,466,2
153,152,150,144,143,141,153,152,150,144,143,141,924,1
144,143,141,153,152,150,144,143,141,148,147,144,657,2
135,134,131,144,143,141,137,136,133,144,143,141,629,2
144,143,141,144,143,141,151,150,148,144,143,141,21,1
144,143,141,144,143,141,144,143,141,137,136,133,244,1
153,152,150,144,143,141,139,138,135,144,143,141,586,2
144,143,141,144,143,141,153,152,150,144,143,141,682,1
135,134,131,144,143,141,150,149,146,144,143,141,273,1
144,143,141,144,143,141,144,143,141,146,145,143,612,2
144,143,141,135,134,131,144,143,141,151,150,148,538,2
144,143,141,153,152,150,144,143,141,144,143,141,721,2
153,152,150,144,143,141,135,134,131,144,143,141,254,2
144,143,141,144,143,141,141,140,137,144,143,141,114,2
144,143,141,135,134,131,144,143,141,144,143,141,72,2
144,143,141,144,143,141,135,134,131,144,143,141,12,2
153,152,150,144,143,141,143,141,139,144,143,141,819,2
144,143,141,144,143,141,139,138,135,144,143,141,278,2
144,143,141,144,143,141,141,140,137,144,143,141,576,2
153,152,150,144,143,141,141,140,137,144,143,141,554,2
144,143,141,153,152,150,144,143,141,148,147,144,459,2
144,143,141,153,152,150,144,143,141,146,145,143,887,2
144,143,141,135,134,131,144,143,141,139,138,135,465,1
153,152,150,144,143,141,137,136,133,144,143,141,354,2
144,143,141,144,143,141,148,147,144,144,143,141,778,1
144,143,141,144,143,141,139,138,135,144,143,141,80,2
144,143,141,144,143,141,144,143,141,153,152,150,154,2
135,134,131,144,143,141,135,134,131,144,143,141,331,2
144,143,141,144,143,141,146,145,143,144,143,141,678,1
144,143,141,144,143,141,137,136,133,144,143,141,145,2
153,152,150,144,143,141,153,152,150,144,143,141,132,1
135,134,131,144,143,141,146,145,143,144,143,141,634,1
144,143,141,144,143,141,143,141,139,144,143,141,214,2
153,152,150,144,143,141,150,149,146,144,143,141,889,1
144,143,141,144,143,141,143,141,139,144,143,141,478,2
153,152,150,144,143,141,151,150,148,144,143,141,824,1
144,143,141,144,143,141,144,143,141,144,143,141,248,2
144,143,141,135,134,131,144,143,141,153,152,150,110,2
153,152,150,144,143,141,141,140,137,144,143,141,587,2
144,143,141,153,152,150,144,143,141,135,134,131,848,1
144,143,141,153,152,150,144,143,141,151,150,148,560,2
144,143,141,135,134,131,144,143,141,150,149,146,735,2
153,152,150,144,143,141,139,138,135,144,143,141,652,2
144,143,141,144,143,141,137,136,133,144,143,141,508,2
153,152,150,144,143,141,146,145,143,144,143,141,491,1
144,143,141,153,152,150,144,143,141,139,138,135,157,1
153,152,150,144,143,141,139,138,135,144,143,141,685,2
144,143,141,153,152,150,144,143,141,148,147,144,129,2
144,143,141,135,134,131,144,143,141,148,147,144,602,2
144,143,141,144,143,141,144,143,141,151,150,148,450,2
144,143,141,153,152,150,144,143,141,153,152,150,627,2
144,143,141,135,134,131,144,143,141,135,134,131,1,1
135,134,131,144,143,141,151,150,148,144,143,141,934,1
144,143,141,153,152,150,144,143,141,144,143,141,226,2
144,143,141,135,134,131,144,143,141,153,152,150,473,2
135,134,131,144,143,141,141,140,137,144,143,141,103,2
144,143,141,144,143,141,144,143,141,148,147,144,415,2
144,143,141,135,134,131,144,143,141,141,140,137,730,1
153,152,150,144,143,141,151,150,148,144,143,141,197,1
144,143,141,144,143,141,144,143,141,150,149,146,53,2
144,143,141,135,134,131,144,143,141,137,136,133,530,1
135,134,131,144,143,141,137,136,133,144,143,141,431,2
135,134,131,144,143,141,143,141,139,144,143,141,137,2
144,143,141,144,143,141,153,152,150,144,143,141,55,1
135,134,131,144,143,141,135,134,131,144,143,141,133,2
144,143,141,135,134,131,144,143,141,153,152,150,11,2
144,143,141,144,143,141,153,152,150,144,143,141,913,1
144,143,141,144,143,141,150,149,146,144,143,141,812,1
135,134,131,144,143,141,135,134,131,144,143,141,199,2
135,134,131,144,143,141,137,136,133,144,143,141,860,2
144,143,141,144,143,141,143,141,139,144,143,141,49,2
144,143,141,153,152,150,144,143,141,153,152,150,891,2
144,143,141,144,143,141,144,143,141,141,140,137,444,1
135,134,131,144,143,141,137,136,133,144,143,141,299,2
153,152,150,144,143,141,153,152,150,144,143,141,693,1
144,143,141,144,143,141,144,143,141,151,150,148,714,2
144,143,141,153,152,150,144,143,141,139,138,135,949,1
144,143,141,144,143,141,153,152,150,144,143,141,187,1
144,143,141,144,143,141,144,143,141,143,141,139,115,1
144,143,141,153,152,150,144,143,141,146,145,143,359,2
135,134,131,144,143,141,144,143,141,144,143,141,963,1
144,143,141,144,143,141,141,140,137,144,143,141,411,2
153,152,150,144,143,141,144,143,141,144,143,141,754,1
144,143,141,144,143,141,144,143,141,151,150,148,87,2
144,143,141,144,143,141,150,149,146,144,143,141,878,1
153,152,150,144,143,141,146,145,143,144,143,141,326,1
144,143,141,144,143,141,144,143,141,144,143,141,50,2
135,134,131,144,143,141,150,149,146,144,143,141,867,1
144,143,141,144,143,141,144,143,141,143,141,139,346,1
144,143,141,153,152,150,144,143,141,148,147,144,261,2
144,143,141,135,134,131,144,143,141,137,136,133,101,1
144,143,141,144,143,141,144,143,141,137,136,133,607,1
144,143,141,144,143,141,144,143,141,139,138,135,542,1
144,143,141,144,143,141,135,134,131,144,143,141,672,2
135,134,131,144,143,141,148,147,144,144,143,141,404,1
153,152,150,144,143,141,135,134,131,144,143,141,221,2
144,143,141,144,143,141,144,143,141,139,138,135,872,1
135,134,131,144,143,141,139,138,135,144,143,141,69,2
144,143,141,153,152,150,144,143,141,135,134,131,56,1
153,152,150,144,143,141,148,147,144,144,143,141,888,1
153,152,150,144,143,141,153,152,150,144,143,141,198,1
144,143,141,135,134,131,144,143,141,150,149,146,834,2
144,143,141,135,134,131,144,143,141,139,138,135,828,1
144,143,141,135,134,131,144,143,141,144,143,141,666,2
153,152,150,144,143,141,146,145,143,144,143,141,656,1
153,152,150,144,143,141,144,143,141,144,143,141,457,1
144,143,141,135,134,131,144,143,141,153,152,150,506,2
144,143,141,144,143,141,144,143,141,137,136,133,574,1
144,143,141,144,143,141,148,147,144,144,143,141,118,1
144,143,141,144,143,141,141,140,137,144,143,141,873,2
153,152,150,144,143,141,141,140,137,144,143,141,323,2
144,143,141,144,143,141,143,141,139,144,143,141,775,2
144,143,141,153,152,150,144,143,141,144,143,141,292,2
135,134,131,144,143,141,146,145,143,144,143,141,238,1
144,143,141,144,143,141,144,143,141,135,134,131,903,1
144,143,141,135,134,131,144,143,141,146,145,143,436,2
135,134,131,144,143,141,135,134,131,144,143,141,859,2
135,134,131,144,143,141,141,140,137,144,143,141,664,2
144,143,141,144,143,141,144,143,141,150,149,146,647,2
135,134,131,144,143,141,135,134,131,144,143,141,463,2
144,143,141,135,134,131,144,143,141,146,145,143,172,2
144,143,141,153,152,150,144,143,141,151,150,148,890,2
144,143,141,153,152,150,144,143,141,143,141,139,885,1
144,143,141,153,152,150,144,143,141,146,145,143,590,2
144,143,141,153,152,150,144,143,141,143,141,139,192,1
144,143,141,135,134,131,144,143,141,143,141,139,533,1
144,143,141,135,134,131,144,143,141,137,136,133,893,1
144,143,141,153,152,150,144,143,141,141,140,137,983,1
153,152,150,144,143,141,141,140,137,144,143,141,917,2
144,143,141,135,134,131,144,143,141,141,140,137,37,1
144,143,141,144,143,141,146,145,143,144,143,141,117,1
135,134,131,144,143,141,143,141,139,144,143,141,434,2
135,134,131,144,143,141,150,149,146,144,143,141,141,1
153,152,150,144,143,141,139,138,135,144,143,141,256,2
144,143,141,144,143,141,144,143,141,144,143,141,809,2
144,143,141,144,143,141,144,143,141,135,134,131,78,1
153,152,150,144,143,141,146,145,143,144,143,141,194,1
144,143,141,135,134,131,144,143,141,151,150,148,637,2
144,143,141,135,134,131,144,143,141,151,150,148,769,2
135,134,131,144,143,141,146,145,143,144,143,141,865,1
153,152,150,144,143,141,139,138,135,144,143,141,751,2
144,143,141,153,152,150,144,143,141,135,134,131,485,1
144,143,141,144,143,141,153,152,150,144,143,141,22,1
144,143,141,144,143,141,146,145,143,144,143,141,546,1
144,143,141,144,143,141,144,143,141,141,140,137,279,1
153,152,150,144,143,141,139,138,135,144,143,141,553,2
144,143,141,144,143,141,144,143,141,144,143,141,644,1
153,152,150,144,143,141,143,141,139,144,143,141,654,2
144,143,141,153,152,150,144,143,141,148,147,144,294,2
144,143,141,144,143,141,150,149,146,144,143,141,284,1
153,152,150,144,143,141,135,134,131,144,143,141,320,2
135,134,131,144,143,141,150,149,146,144,143,141,570,1
144,143,141,153,152,150,144,143,141,137,136,133,684,1
144,143,141,135,134,131,144,143,141,153,152,150,836,2
144,143,141,153,152,150,144,143,141,144,143,141,61,2
144,143,141,135,134,131,144,143,141,135,134,131,232,1
135,134,131,144,143,141,146,145,143,144,143,141,370,1
144,143,141,153,152,150,144,143,141,153,152,150,792,2
153,152,150,144,143,141,150,149,146,144,143,141,163,1
153,152,150,144,143,141,135,134,131,144,143,141,782,2
153,152,150,144,143,141,153,152,150,144,143,141,561,1
153,152,150,144,143,141,137,136,133,144,143,141,486,2
144,143,141,153,152,150,144,143,141,135,134,131,650,1
135,134,131,144,143,141,137,136,133,144,143,141,695,2
144,143,141,144,143,141,144,143,141,141,140,137,246,1
135,134,131,144,143,141,144,143,141,144,143,141,897,1
144,143,141,144,143,141,135,134,131,144,143,141,276,2
144,143,141,135,134,131,144,143,141,153,152,150,770,2
144,143,141,144,143,141,135,134,131,144,143,141,342,2
135,134,131,144,143,141,151,150,148,144,143,141,373,1
144,143,141,144,143,141,135,134,131,144,143,141,111,2
135,134,131,144,143,141,137,136,133,144,143,141,398,2
144,143,141,144,143,141,144,143,141,150,149,146,416,2
153,152,150,144,143,141,137,136,133,144,143,141,783,2
144,143,141,144,143,141,137,136,133,144,143,141,178,2
144,143,141,153,152,150,144,143,141,135,134,131,881,1
144,143,141,144,143,141,144,143,141,153,152,150,715,2
135,134,131,144,143,141,143,141,139,144,143,141,335,2
153,152,150,144,143,141,135,134,131,144,143,141,683,2
153,152,150,144,143,141,143,141,139,144,143,141,27,2
144,143,141,144,143,141,137,136,133,144,143,141,805,2
153,152,150,144,143,141,148,147,144,144,143,141,954,1
135,134,131,144,143,141,137,136,133,144,143,141,497,2
153,152,150,144,143,141,144,143,141,144,143,141,259,1
153,152,150,144,143,141,139,138,135,144,143,141,916,2
144,143,141,135,134,131,144,143,141,144,143,141,534,2
144,143,141,144,143,141,135,134,131,144,143,141,639,2
135,134,131,144,143,141,139,138,135,144,143,141,432,2
144,143,141,153,152,150,144,143,141,150,149,146,691,2
144,143,141,144,143,141,144,143,141,151,150,148,120,2
144,143,141,153,152,150,144,143,141,151,150,148,725,2
153,152,150,144,143,141,137,136,133,144,143,141,288,2
144,143,141,144,143,141,137,136,133,144,143,141,970,2
144,143,141,153,152,150,144,143,141,143,141,139,621,1
144,143,141,135,134,131,144,143,141,143,141,139,5,1
144,143,141,144,143,141,139,138,135,144,143,141,971,2
135,134,131,144,143,141,153,152,150,144,143,141,704,1
144,143,141,135,134,131,144,143,141,139,138,135,234,1
144,143,141,153,152,150,144,143,141,146,145,143,689,2
144,143,141,144,143,141,143,141,139,144,143,141,280,2
135,134,131,144,143,141,148,147,144,144,143,141,932,1
144,143,141,153,152,150,144,143,141,146,145,143,128,2
135,134,131,144,143,141,153,152,150,144,143,141,935,1
135,134,131,144,143,141,135,134,131,144,143,141,661,2
144,143,141,144,143,141,144,143,141,150,149,146,746,2
135,134,131,144,143,141,146,145,143,144,143,141,766,1
144,143,141,153,152,150,144,143,141,151,150,148,758,2
144,143,141,144,143,141,144,143,141,151,150,148,54,2
144,143,141,144,143,141,144,143,141,148,147,144,712,2
144,143,141,135,134,131,144,143,141,153,152,150,242,2
144,143,141,144,143,141,144,143,141,139,138,135,674,1
153,152,150,144,143,141,148,147,144,144,143,141,855,1
153,152,150,144,143,141,139,138,135,144,143,141,25,2
135,134,131,144,143,141,135,134,131,144,143,141,760,2
144,143,141,153,152,150,144,143,141,141,140,137,191,1
144,143,141,135,134,131,144,143,141,153,152,150,341,2
153,152,150,144,143,141,144,143,141,144,143,141,985,1
153,152,150,144,143,141,150,149,146,144,143,141,559,1
144,143,141,135,134,131,144,143,141,151,150,148,505,2
144,143,141,144,143,141,151,150,148,144,143,141,846,1
144,143,141,144,143,141,144,143,141,143,141,139,610,1
144,143,141,144,143,141,146,145,143,144,143,141,810,1
144,143,141,135,134,131,144,143,141,135,134,131,67,1
153,152,150,144,143,141,143,141,139,144,143,141,126,2
153,152,150,144,143,141,148,147,144,144,143,141,195,1
153,152,150,144,143,141,135,134,131,144,143,141,155,2
153,152,150,144,143,141,151,150,148,144,143,141,659,1
144,143,141,144,143,141,141,140,137,144,143,141,972,2
153,152,150,144,143,141,151,150,148,144,143,141,65,1
144,143,141,135,134,131,144,143,141,137,136,133,233,1
144,143,141,153,152,150,144,143,141,144,143,141,853,2
144,143,141,153,152,150,144,143,141,141,140,137,818,1
144,143,141,144,143,141,151,150,148,144,143,141,582,1
144,143,141,153,152,150,144,143,141,135,134,131,419,1
144,143,141,135,134,131,144,143,141,144,143,141,336,2
144,143,141,144,143,141,144,143,141,141,140,137,543,1
144,143,141,153,152,150,144,143,141,148,147,144,921,2
135,134,131,144,143,141,144,143,141,144,143,141,369,1
144,143,141,144,143,141,143,141,139,144,143,141,313,2
144,143,141,144,143,141,135,134,131,144,143,141,705,2
153,152,150,144,143,141,151,150,148,144,143,141,395,1
144,143,141,153,152,150,144,143,141,135,134,131,749,1
153,152,150,144,143,141,146,145,143,144,143,141,557,1
144,143,141,144,143,141,146,145,143,144,143,141,909,1
144,143,141,153,152,150,144,143,141,146,145,143,293,2
144,143,141,153,152,150,144,143,141,153,152,150,759,2
153,152,150,144,143,141,143,141,139,144,143,141,588,2
153,152,150,144,143,141,150,149,146,144,143,141,955,1
144,143,141,153,152,150,144,143,141,144,143,141,655,2
144,143,141,153,152,150,144,143,141,137,136,133,420,1
144,143,141,144,143,141,144,143,141,150,149,146,482,2
144,143,141,144,143,141,144,143,141,148,147,144,151,2
144,143,141,144,143,141,146,145,143,144,143,141,381,1
144,143,141,144,143,141,148,147,144,144,143,141,877,1
144,143,141,144,143,141,144,143,141,151,150,148,318,2
153,152,150,144,143,141,153,152,150,144,143,141,660,1
144,143,141,153,152,150,144,143,141,151,150,148,131,2
144,143,141,144,143,141,144,143,141,144,143,141,545,2
144,143,141,135,134,131,144,143,141,139,138,135,696,1
144,143,141,135,134,131,144,143,141,139,138,135,927,1
144,143,141,135,134,131,144,143,141,137,136,133,68,1
144,143,141,135,134,131,144,143,141,144,143,141,402,2
144,143,141,144,143,141,144,143,141,144,143,141,314,2
144,143,141,153,152,150,144,143,141,153,152,150,528,2
144,143,141,135,134,131,144,143,141,143,141,139,797,1
144,143,141,144,143,141,144,143,141,150,149,146,581,2
144,143,141,153,152,150,144,143,141,153,152,150,594,2
144,143,141,153,152,150,144,143,141,143,141,139,720,1
144,143,141,144,143,141,144,143,141,150,149,146,86,2
135,134,131,144,143,141,146,145,143,144,143,141,271,1
153,152,150,144,143,141,150,149,146,144,143,141,394,1
144,143,141,144,143,141,148,147,144,144,143,141,316,1
144,143,141,153,152,150,144,143,141,153,152,150,429,2
135,134,131,144,143,141,153,152,150,144,143,141,374,1
144,143,141,135,134,131,144,143,141,146,145,143,700,2
135,134,131,144,143,141,139,138,135,144,143,141,3,2
144,143,141,144,143,141,146,145,143,144,143,141,414,1
153,152,150,144,143,141,137,136,133,144,143,141,387,2
153,152,150,144,143,141,151,150,148,144,143,141,956,1
144,143,141,153,152,150,144,143,141,135,134,131,518,1
153,152,150,144,143,141,146,145,143,144,143,141,260,1
135,134,131,144,143,141,153,152,150,144,143,141,275,1
144,143,141,135,134,131,144,143,141,141,140,137,235,1
144,143,141,144,143,141,143,141,139,144,143,141,181,2
153,152,150,144,143,141,141,140,137,144,143,141,851,2
144,143,141,144,143,141,144,143,141,143,141,139,808,1
144,143,141,144,143,141,153,152,150,144,143,141,847,1
135,134,131,144,143,141,141,140,137,144,143,141,796,2
135,134,131,144,143,141,150,149,146,144,143,141,537,1
144,143,141,144,143,141,137,136,133,144,143,141,442,2
135,134,131,144,143,141,141,140,137,144,143,141,895,2
153,152,150,144,143,141,151,150,148,144,143,141,527,1
144,143,141,144,143,141,143,141,139,144,143,141,742,2
153,152,150,144,143,141,141,140,137,144,143,141,752,2
144,143,141,144,143,141,141,140,137,144,143,141,147,2
144,143,141,135,134,131,144,143,141,135,134,131,430,1
144,143,141,135,134,131,144,143,141,144,143,141,831,2
144,143,141,144,143,141,148,147,144,144,143,141,976,1
144,143,141,144,143,141,144,143,141,144,143,141,677,1
144,143,141,144,143,141,144,143,141,135,134,131,243,1
144,143,141,144,143,141,144,143,141,153,152,150,979,2
153,152,150,144,143,141,148,147,144,144,143,141,591,1
144,143,141,144,143,141,144,143,141,150,149,146,779,2
144,143,141,153,152,150,144,143,141,146,145,143,161,2
144,143,141,153,152,150,144,143,141,150,149,146,724,2
144,143,141,144,143,141,148,147,144,144,143,141,349,1
144,143,141,135,134,131,144,143,141,139,138,135,630,1
144,143,141,135,134,131,144,143,141,146,145,143,601,2
144,143,141,144,143,141,135,134,131,144,143,141,804,2
144,143,141,144,143,141,143,141,139,144,143,141,577,2
144,143,141,144,143,141,144,143,141,146,145,143,480,2
135,134,131,144,143,141,139,138,135,144,143,141,399,2
144,143,141,144,143,141,144,143,141,153,152,150,88,2
144,143,141,144,143,141,144,143,141,148,147,144,85,2
153,152,150,144,143,141,148,147,144,144,143,141,228,1
144,143,141,144,143,141,139,138,135,144,143,141,311,2
144,143,141,153,152,150,144,143,141,137,136,133,849,1
153,152,150,144,143,141,153,152,150,144,143,141,858,1
144,143,141,144,143,141,144,143,141,137,136,133,13,1
153,152,150,144,143,141,153,152,150,144,143,141,264,1
153,152,150,144,143,141,153,152,150,144,143,141,990,1
144,143,141,153,152,150,144,143,141,146,145,143,425,2
144,143,141,144,143,141,139,138,135,144,143,141,14,2
135,134,131,144,143,141,150,149,146,144,143,141,75,1
144,143,141,135,134,131,144,143,141,144,143,141,171,2
144,143,141,144,143,141,144,143,141,137,136,133,871,1
144,143,141,135,134,131,144,143,141,150,149,146,801,2
153,152,150,144,143,141,139,138,135,144,143,141,190,2
135,134,131,144,143,141,150,149,146,144,143,141,933,1
144,143,141,153,152,150,144,143,141,144,143,141,94,2
153,152,150,144,143,141,146,145,143,144,143,141,722,1
135,134,131,144,143,141,135,134,131,144,143,141,496,2
135,134,131,144,143,141,137,136,133,144,143,141,134,2
144,143,141,153,152,150,144,143,141,135,134,131,188,1
135,134,131,144,143,141,153,152,150,144,143,141,803,1
144,143,141,144,143,141,139,138,135,144,143,141,509,2
144,143,141,144,143,141,144,143,141,148,147,144,448,2
135,134,131,144,143,141,144,143,141,144,143,141,138,1
144,143,141,153,152,150,144,143,141,143,141,139,225,1
144,143,141,135,134,131,144,143,141,153,152,150,539,2
153,152,150,144,143,141,144,143,141,144,143,141,886,1
153,152,150,144,143,141,146,145,143,144,143,141,29,1
135,134,131,144,143,141,148,147,144,144,143,141,734,1
144,143,141,153,152,150,144,143,141,148,147,144,162,2
144,143,141,135,134,131,144,143,141,141,140,137,70,1
144,143,141,144,143,141,144,143,141,153,152,150,814,2
153,152,150,144,143,141,146,145,143,144,143,141,821,1
144,143,141,135,134,131,144,143,141,150,149,146,174,2
144,143,141,135,134,131,144,143,141,153,152,150,902,2
153,152,150,144,143,141,148,147,144,144,143,141,987,1
144,143,141,135,134,131,144,143,141,151,150,148,10,2
144,143,141,144,143,141,144,143,141,141,140,137,81,1
153,152,150,144,143,141,139,138,135,144,143,141,388,2
144,143,141,135,134,131,144,143,141,146,145,143,502,2
144,143,141,153,152,150,144,143,141,139,138,135,718,1
153,152,150,144,143,141,153,152,150,144,143,141,396,1
153,152,150,144,143,141,150,149,146,144,143,141,460,1
144,143,141,144,143,141,135,134,131,144,143,141,177,2
144,143,141,135,134,131,144,143,141,150,149,146,372,2
153,152,150,144,143,141,143,141,139,144,143,141,522,2
144,143,141,153,152,150,144,143,141,146,145,143,755,2
144,143,141,135,134,131,144,143,141,139,138,135,300,1
135,134,131,144,143,141,151,150,148,144,143,141,967,1
153,152,150,144,143,141,141,140,137,144,143,141,950,2
144,143,141,153,152,150,144,143,141,141,140,137,158,1
135,134,131,144,143,141,148,147,144,144,143,141,536,1
153,152,150,144,143,141,150,149,146,144,143,141,856,1
144,143,141,144,143,141,141,140,137,144,143,141,378,2
144,143,141,144,143,141,144,143,141,144,143,141,578,1
144,143,141,153,152,150,144,143,141,143,141,139,159,1
144,143,141,153,152,150,144,143,141,148,147,144,822,2
144,143,141,135,134,131,144,143,141,135,134,131,727,1
144,143,141,135,134,131,144,143,141,143,141,139,566,1
144,143,141,144,143,141,144,143,141,139,138,135,113,1
135,134,131,144,143,141,146,145,143,144,143,141,535,1
144,143,141,153,152,150,144,143,141,146,145,143,854,2
135,134,131,144,143,141,151,150,148,144,143,141,736,1
144,143,141,144,143,141,144,143,141,151,150,148,219,2
144,143,141,144,143,141,144,143,141,151,150,148,648,2
135,134,131,144,143,141,139,138,135,144,143,141,102,2
144,143,141,144,143,141,135,134,131,144,143,141,144,2
144,143,141,144,143,141,144,143,141,151,150,148,978,2
144,143,141,153,152,150,144,143,141,135,134,131,914,1
144,143,141,144,143,141,144,143,141,137,136,133,112,1
144,143,141,144,143,141,144,143,141,135,134,131,738,1
144,143,141,144,143,141,144,143,141,144,143,141,17,1
144,143,141,135,134,131,144,143,141,150,149,146,438,2
135,134,131,144,143,141,144,143,141,144,143,141,303,1
144,143,141,153,152,150,144,143,141,146,145,143,227,2
135,134,131,144,143,141,141,140,137,144,143,141,565,2
144,143,141,144,143,141,148,147,144,144,143,141,547,1
144,143,141,144,143,141,144,143,141,146,145,143,84,2
144,143,141,153,152,150,144,143,141,148,147,144,492,2
144,143,141,144,143,141,144,143,141,153,152,150,286,2
135,134,131,144,143,141,148,147,144,144,143,141,503,1
144,143,141,135,134,131,144,143,141,153,152,150,209,2
153,152,150,144,143,141,141,140,137,144,143,141,620,2
144,143,141,144,143,141,143,141,139,144,143,141,82,2
144,143,141,153,152,150,144,143,141,144,143,141,787,2
153,152,150,144,143,141,146,145,143,144,143,141,623,1
144,143,141,135,134,131,144,143,141,141,140,137,400,1
153,152,150,144,143,141,153,152,150,144,143,141,330,1
144,143,141,153,152,150,144,143,141,137,136,133,24,1
144,143,141,135,134,131,144,143,141,137,136,133,662,1
144,143,141,144,143,141,137,136,133,144,143,141,706,2
144,143,141,144,143,141,144,143,141,151,150,148,186,2
144,143,141,135,134,131,144,143,141,150,149,146,900,2
144,143,141,144,143,141,146,145,143,144,143,141,711,1
144,143,141,153,152,150,144,143,141,137,136,133,882,1
144,143,141,135,134,131,144,143,141,148,147,144,833,2
144,143,141,153,152,150,144,143,141,137,136,133,222,1
144,143,141,144,143,141,141,140,137,144,143,141,180,2
135,134,131,144,143,141,148,147,144,144,143,141,107,1
144,143,141,144,143,141,141,140,137,144,143,141,15,2
144,143,141,135,134,131,144,143,141,141,140,137,631,1
144,143,141,144,143,141,150,149,146,144,143,141,515,1
153,152,150,144,143,141,151,150,148,144,143,141,32,1
144,143,141,153,152,150,144,143,141,150,149,146,592,2
144,143,141,153,152,150,144,143,141,150,149,146,196,2
144,143,141,144,143,141,144,143,141,143,141,139,412,1
144,143,141,153,152,150,144,143,141,139,138,135,322,1
144,143,141,144,143,141,144,143,141,153,152,150,319,2
135,134,131,144,143,141,153,152,150,144,143,141,440,1
144,143,141,153,152,150,144,143,141,150,149,146,625,2
144,143,141,144,143,141,153,152,150,144,143,141,649,1
135,134,131,144,143,141,148,147,144,144,143,141,8,1
153,152,150,144,143,141,139,138,135,144,143,141,817,2
135,134,131,144,143,141,144,143,141,144,143,141,699,1
144,143,141,135,134,131,144,143,141,148,147,144,272,2
144,143,141,144,143,141,144,143,141,139,138,135,377,1
135,134,131,144,143,141,143,141,139,144,143,141,764,2
144,143,141,144,143,141,143,141,139,144,143,141,511,2
144,143,141,135,134,131,144,143,141,135,134,131,892,1
135,134,131,144,143,141,137,136,133,144,143,141,332,2
135,134,131,144,143,141,151,150,148,144,143,141,604,1
135,134,131,144,143,141,150,149,146,144,143,141,669,1
144,143,141,144,143,141,144,143,141,135,134,131,771,1
153,152,150,144,143,141,137,136,133,144,143,141,453,2
135,134,131,144,143,141,141,140,137,144,143,141,928,2
135,134,131,144,143,141,135,134,131,144,143,141,562,2
144,143,141,144,143,141,144,143,141,146,145,143,183,2
144,143,141,153,152,150,144,143,141,150,149,146,31,2
144,143,141,144,143,141,144,143,141,151,150,148,285,2
153,152,150,144,143,141,150,149,146,144,143,141,790,1
135,134,131,144,143,141,153,152,150,144,143,141,407,1
144,143,141,144,143,141,144,143,141,143,141,139,643,1
144,143,141,135,134,131,144,143,141,141,140,137,499,1
144,143,141,144,143,141,144,143,141,143,141,139,973,1
153,152,150,144,143,141,135,134,131,144,143,141,551,2
135,134,131,144,143,141,151,150,148,144,143,141,241,1
144,143,141,135,134,131,144,143,141,148,147,144,800,2
153,152,150,144,143,141,151,150,148,144,143,141,923,1
135,134,131,144,143,141,135,134,131,144,143,141,925,2
144,143,141,144,143,141,144,143,141,141,140,137,312,1
153,152,150,144,143,141,153,152,150,144,143,141,66,1
144,143,141,144,143,141,135,134,131,144,143,141,936,2
144,143,141,144,143,141,151,150,148,144,143,141,945,1
144,143,141,144,143,141,144,143,141,139,138,135,179,1
144,143,141,135,134,131,144,143,141,139,138,135,201,1
144,143,141,144,143,141,144,143,141,141,140,137,741,1
144,143,141,135,134,131,144,143,141,150,149,146,471,2
144,143,141,153,152,150,144,143,141,153,152,150,825,2
153,152,150,144,143,141,151,150,148,144,143,141,593,1
144,143,141,153,152,150,144,143,141,148,147,144,63,2
144,143,141,135,134,131,144,143,141,144,143,141,468,2
144,143,141,144,143,141,137,136,133,144,143,141,409,2
153,152,150,144,143,141,144,143,141,144,143,141,688,1
153,152,150,144,143,141,141,140,137,144,143,141,488,2
144,143,141,144,143,141,144,143,141,150,149,146,680,2
135,134,131,144,143,141,139,138,135,144,143,141,531,2
153,152,150,144,143,141,151,150,148,144,143,141,230,1
144,143,141,144,143,141,144,143,141,151,150,148,483,2
135,134,131,144,143,141,148,147,144,144,143,141,173,1
144,143,141,144,143,141,144,143,141,144,143,141,149,1
144,143,141,144,143,141,150,149,146,144,143,141,383,1
144,143,141,135,134,131,144,143,141,139,138,135,960,1
144,143,141,144,143,141,148,147,144,144,143,141,844,1
144,143,141,153,152,150,144,143,141,139,138,135,883,1
144,143,141,144,143,141,144,143,141,151,150,148,747,2
153,152,150,144,143,141,150,149,146,144,143,141,922,1
144,143,141,144,143,141,144,143,141,150,149,146,251,2
144,143,141,144,143,141,144,143,141,144,143,141,710,1
144,143,141,144,143,141,148,147,144,144,143,141,646,1
144,143,141,135,134,131,144,143,141,151,150,148,208,2
144,143,141,135,134,131,144,143,141,139,138,135,168,1
135,134,131,144,143,141,141,140,137,144,143,141,4,2
144,143,141,144,143,141,144,143,141,144,143,141,446,1
144,143,141,153,152,150,144,143,141,143,141,139,60,1
144,143,141,144,143,141,144,143,141,137,136,133,310,1
144,143,141,153,152,150,144,143,141,146,145,143,953,2
135,134,131,144,143,141,153,152,150,144,143,141,638,1
144,143,141,135,134,131,144,143,141,151,150,148,142,2
153,152,150,144,143,141,153,152,150,144,143,141,99,1
144,143,141,135,134,131,144,143,141,148,147,144,437,2
144,143,141,153,152,150,144,143,141,151,150,148,329,2
144,143,141,135,134,131,144,143,141,135,134,131,694,1
135,134,131,144,143,141,146,145,143,144,143,141,733,1
144,143,141,153,152,150,144,143,141,137,136,133,717,1
144,143,141,135,134,131,144,143,141,139,138,135,729,1
135,134,131,144,143,141,141,140,137,144,143,141,301,2
135,134,131,144,143,141,144,143,141,144,143,141,435,1
153,152,150,144,143,141,137,136,133,144,143,141,189,2
144,143,141,135,134,131,144,143,141,141,140,137,136,1
144,143,141,144,143,141,144,143,141,148,147,144,613,2
144,143,141,144,143,141,144,143,141,135,134,131,969,1
153,152,150,144,143,141,144,143,141,144,143,141,358,1
135,134,131,144,143,141,151,150,148,144,143,141,439,1
144,143,141,144,143,141,143,141,139,144,143,141,247,2
144,143,141,144,143,141,150,149,146,144,143,141,845,1
153,152,150,144,143,141,151,150,148,144,143,141,362,1
153,152,150,144,143,141,150,149,146,144,143,141,658,1
144,143,141,153,152,150,144,143,141,151,150,148,296,2
144,143,141,144,143,141,139,138,135,144,143,141,839,2
144,143,141,153,152,150,144,143,141,148,147,144,558,2
135,134,131,144,143,141,144,143,141,144,143,141,864,1
144,143,141,153,152,150,144,143,141,146,145,143,95,2
144,143,141,144,143,141,137,136,133,144,143,141,46,2
144,143,141,144,143,141,144,143,141,137,136,133,343,1
144,143,141,144,143,141,144,143,141,144,143,141,908,2
144,143,141,144,143,141,144,143,141,150,149,146,614,2
135,134,131,144,143,141,146,145,143,144,143,141,7,1
135,134,131,144,143,141,139,138,135,144,143,141,267,2
144,143,141,153,152,150,144,143,141,151,150,148,989,2
135,134,131,144,143,141,141,140,137,144,143,141,433,2
144,143,141,153,152,150,144,143,141,144,143,141,490,2
144,143,141,135,134,131,144,143,141,146,145,143,106,2
144,143,141,135,134,131,144,143,141,143,141,139,170,1
144,143,141,153,152,150,144,143,141,141,140,137,59,1
144,143,141,144,143,141,144,143,141,137,136,133,673,1
135,134,131,144,143,141,153,152,150,144,143,141,737,1
144,143,141,153,152,150,144,143,141,137,136,133,750,1
144,143,141,153,152,150,144,143,141,144,143,141,127,2
144,143,141,144,143,141,144,143,141,146,145,143,579,2
144,143,141,135,134,131,144,143,141,135,134,131,100,1
135,134,131,144,143,141,150,149,146,144,143,141,9,1
144,143,141,144,143,141,135,134,131,144,143,141,870,2
144,143,141,144,143,141,144,143,141,150,149,146,449,2
153,152,150,144,143,141,153,152,150,144,143,141,231,1
144,143,141,153,152,150,144,143,141,143,141,139,852,1
153,152,150,144,143,141,137,136,133,144,143,141,948,2
135,134,131,144,143,141,137,136,133,144,143,141,926,2
144,143,141,144,143,141,144,143,141,141,140,137,609,1
144,143,141,144,143,141,141,140,137,144,143,141,213,2
144,143,141,144,143,141,144,143,141,139,138,135,740,1
144,143,141,144,143,141,144,143,141,151,150,148,153,2
144,143,141,135,134,131,144,143,141,153,152,150,605,2
153,152,150,144,143,141,135,134,131,144,143,141,716,2
144,143,141,144,143,141,153,152,150,144,143,141,385,1
144,143,141,153,152,150,144,143,141,150,149,146,229,2
144,143,141,144,143,141,144,143,141,150,149,146,119,2
135,134,131,144,143,141,143,141,139,144,143,141,665,2
135,134,131,144,143,141,148,147,144,144,143,141,305,1
135,134,131,144,143,141,150,149,146,144,143,141,306,1
153,152,150,144,143,141,141,140,137,144,143,141,290,2
135,134,131,144,143,141,139,138,135,144,143,141,894,2
144,143,141,135,134,131,144,143,141,141,140,137,532,1
135,134,131,144,143,141,153,152,150,144,143,141,176,1
144,143,141,135,134,131,144,143,141,150,149,146,702,2
144,143,141,144,143,141,151,150,148,144,143,141,912,1
153,152,150,144,143,141,144,143,141,144,143,141,523,1
144,143,141,144,143,141,144,143,141,144,143,141,215,2
144,143,141,144,143,141,144,143,141,151,150,148,813,2
153,152,150,144,143,141,144,143,141,144,143,141,28,1
144,143,141,144,143,141,144,143,141,148,147,144,19,2
144,143,141,135,134,131,144,143,141,150,149,146,603,2
144,143,141,135,134,131,144,143,141,137,136,133,563,1
144,143,141,144,143,141,141,140,137,144,143,141,774,2
144,143,141,144,143,141,137,136,133,144,143,141,739,2
144,143,141,135,134,131,144,143,141,148,147,144,635,2
153,152,150,144,143,141,141,140,137,144,143,141,785,2
