70,70,70,70,70,70,74,74,74,70,70,70,745,1
70,70,70,60,60,60,70,70,70,64,64,64,564,1
70,70,70,60,60,60,70,70,70,76,76,76,504,2
70,70,70,70,70,70,62,62,62,70,70,70,79,2
70,70,70,60,60,60,70,70,70,70,70,70,39,2
70,70,70,70,70,70,76,76,76,70,70,70,317,1
80,80,80,70,70,70,68,68,68,70,70,70,786,2
70,70,70,80,80,80,70,70,70,64,64,64,487,1
80,80,80,70,70,70,70,70,70,70,70,70,820,1
70,70,70,70,70,70,60,60,60,70,70,70,309,2
70,70,70,60,60,60,70,70,70,68,68,68,269,1
70,70,70,70,70,70,60,60,60,70,70,70,375,2
60,60,60,70,70,70,72,72,72,70,70,70,832,1
70,70,70,70,70,70,64,64,64,70,70,70,47,2
60,60,60,70,70,70,74,74,74,70,70,70,899,1
70,70,70,60,60,60,70,70,70,62,62,62,365,1
70,70,70,80,80,80,70,70,70,60,60,60,287,1
60,60,60,70,70,70,66,66,66,70,70,70,598,2
70,70,70,70,70,70,62,62,62,70,70,70,640,2
70,70,70,70,70,70,74,74,74,70,70,70,481,1
70,70,70,80,80,80,70,70,70,68,68,68,456,1
60,60,60,70,70,70,70,70,70,70,70,70,501,1
70,70,70,80,80,80,70,70,70,76,76,76,493,2
70,70,70,60,60,60,70,70,70,76,76,76,240,2
70,70,70,70,70,70,70,70,70,70,70,70,776,2
70,70,70,70,70,70,62,62,62,70,70,70,277,2
80,80,80,70,70,70,76,76,76,70,70,70,328,1
70,70,70,80,80,80,70,70,70,80,80,80,363,2
80,80,80,70,70,70,60,60,60,70,70,70,815,2
70,70,70,60,60,60,70,70,70,68,68,68,71,1
70,70,70,70,70,70,70,70,70,64,64,64,641,1
60,60,60,70,70,70,68,68,68,70,70,70,38,2
80,80,80,70,70,70,70,70,70,70,70,70,424,1
70,70,70,70,70,70,80,80,80,70,70,70,517,1
70,70,70,70,70,70,78,78,78,70,70,70,516,1
70,70,70,70,70,70,70,70,70,60,60,60,45,1
70,70,70,60,60,60,70,70,70,60,60,60,793,1
70,70,70,70,70,70,70,70,70,72,72,72,348,2
60,60,60,70,70,70,66,66,66,70,70,70,202,2
70,70,70,80,80,80,70,70,70,68,68,68,93,1
70,70,70,60,60,60,70,70,70,74,74,74,239,2
70,70,70,70,70,70,70,70,70,72,72,72,513,2
70,70,70,60,60,60,70,70,70,78,78,78,175,2
70,70,70,70,70,70,80,80,80,70,70,70,220,1
70,70,70,70,70,70,70,70,70,70,70,70,347,1
60,60,60,70,70,70,68,68,68,70,70,70,698,2
70,70,70,70,70,70,72,72,72,70,70,70,249,1
70,70,70,80,80,80,70,70,70,60,60,60,353,1
70,70,70,80,80,80,70,70,70,78,78,78,263,2
70,70,70,70,70,70,64,64,64,70,70,70,476,2
70,70,70,70,70,70,70,70,70,66,66,66,939,1
70,70,70,70,70,70,70,70,70,64,64,64,608,1
70,70,70,60,60,60,70,70,70,66,66,66,697,1
70,70,70,70,70,70,66,66,66,70,70,70,642,2
60,60,60,70,70,70,60,60,60,70,70,70,958,2
70,70,70,60,60,60,70,70,70,70,70,70,567,2
70,70,70,70,70,70,80,80,80,70,70,70,748,1
70,70,70,60,60,60,70,70,70,80,80,80,671,2
70,70,70,80,80,80,70,70,70,76,76,76,64,2
80,80,80,70,70,70,64,64,64,70,70,70,289,2
70,70,70,70,70,70,70,70,70,72,72,72,645,2
70,70,70,70,70,70,70,70,70,70,70,70,281,2
70,70,70,60,60,60,70,70,70,76,76,76,636,2
70,70,70,70,70,70,80,80,80,70,70,70,781,1
70,70,70,70,70,70,68,68,68,70,70,70,379,2
60,60,60,70,70,70,74,74,74,70,70,70,767,1
70,70,70,70,70,70,70,70,70,64,64,64,344,1
70,70,70,60,60,60,70,70,70,74,74,74,41,2
60,60,60,70,70,70,72,72,72,70,70,70,205,1
60,60,60,70,70,70,64,64,64,70,70,70,597,2
70,70,70,80,80,80,70,70,70,68,68,68,984,1
80,80,80,70,70,70,68,68,68,70,70,70,951,2
70,70,70,70,70,70,70,70,70,70,70,70,116,2
80,80,80,70,70,70,76,76,76,70,70,70,526,1
70,70,70,60,60,60,70,70,70,76,76,76,207,2
70,70,70,70,70,70,70,70,70,74,74,74,217,2
80,80,80,70,70,70,68,68,68,70,70,70,357,2
70,70,70,70,70,70,70,70,70,64,64,64,707,1
60,60,60,70,70,70,72,72,72,70,70,70,667,1
80,80,80,70,70,70,68,68,68,70,70,70,291,2
70,70,70,80,80,80,70,70,70,80,80,80,297,2
60,60,60,70,70,70,72,72,72,70,70,70,931,1
70,70,70,70,70,70,76,76,76,70,70,70,911,1
80,80,80,70,70,70,64,64,64,70,70,70,850,2
60,60,60,70,70,70,60,60,60,70,70,70,628,2
80,80,80,70,70,70,64,64,64,70,70,70,982,2
80,80,80,70,70,70,70,70,70,70,70,70,193,1
70,70,70,70,70,70,62,62,62,70,70,70,904,2
60,60,60,70,70,70,68,68,68,70,70,70,467,2
70,70,70,80,80,80,70,70,70,66,66,66,521,1
70,70,70,70,70,70,70,70,70,66,66,66,48,1
80,80,80,70,70,70,68,68,68,70,70,70,390,2
60,60,60,70,70,70,70,70,70,70,70,70,237,1
60,60,60,70,70,70,66,66,66,70,70,70,763,2
70,70,70,70,70,70,60,60,60,70,70,70,210,2
70,70,70,80,80,80,70,70,70,66,66,66,224,1
70,70,70,60,60,60,70,70,70,66,66,66,862,1
70,70,70,60,60,60,70,70,70,66,66,66,829,1
80,80,80,70,70,70,64,64,64,70,70,70,520,2
70,70,70,70,70,70,70,70,70,70,70,70,512,2
70,70,70,60,60,60,70,70,70,76,76,76,42,2
70,70,70,70,70,70,68,68,68,70,70,70,148,2
70,70,70,80,80,80,70,70,70,68,68,68,423,1
70,70,70,80,80,80,70,70,70,66,66,66,422,1
70,70,70,80,80,80,70,70,70,80,80,80,462,2
80,80,80,70,70,70,78,78,78,70,70,70,626,1
70,70,70,80,80,80,70,70,70,66,66,66,26,1
60,60,60,70,70,70,70,70,70,70,70,70,270,1
70,70,70,70,70,70,72,72,72,70,70,70,447,1
70,70,70,70,70,70,70,70,70,78,78,78,879,2
70,70,70,80,80,80,70,70,70,74,74,74,756,2
70,70,70,70,70,70,66,66,66,70,70,70,510,2
70,70,70,70,70,70,78,78,78,70,70,70,351,1
70,70,70,70,70,70,64,64,64,70,70,70,773,2
80,80,80,70,70,70,66,66,66,70,70,70,257,2
70,70,70,70,70,70,72,72,72,70,70,70,51,1
70,70,70,60,60,60,70,70,70,78,78,78,76,2
80,80,80,70,70,70,62,62,62,70,70,70,552,2
70,70,70,80,80,80,70,70,70,76,76,76,97,2
70,70,70,60,60,60,70,70,70,72,72,72,73,2
70,70,70,70,70,70,70,70,70,80,80,80,418,2
70,70,70,80,80,80,70,70,70,74,74,74,96,2
70,70,70,80,80,80,70,70,70,76,76,76,130,2
70,70,70,80,80,80,70,70,70,60,60,60,980,1
80,80,80,70,70,70,74,74,74,70,70,70,624,1
70,70,70,70,70,70,70,70,70,70,70,70,479,1
60,60,60,70,70,70,80,80,80,70,70,70,143,1
70,70,70,70,70,70,62,62,62,70,70,70,937,2
70,70,70,70,70,70,70,70,70,70,70,70,941,2
70,70,70,70,70,70,78,78,78,70,70,70,417,1
70,70,70,70,70,70,70,70,70,68,68,68,544,1
80,80,80,70,70,70,74,74,74,70,70,70,327,1
80,80,80,70,70,70,66,66,66,70,70,70,653,2
70,70,70,60,60,60,70,70,70,70,70,70,6,2
80,80,80,70,70,70,74,74,74,70,70,70,789,1
70,70,70,60,60,60,70,70,70,76,76,76,339,2
80,80,80,70,70,70,64,64,64,70,70,70,91,2
70,70,70,60,60,60,70,70,70,68,68,68,401,1
70,70,70,60,60,60,70,70,70,68,68,68,500,1
70,70,70,70,70,70,70,70,70,60,60,60,837,1
70,70,70,70,70,70,68,68,68,70,70,70,841,2
80,80,80,70,70,70,62,62,62,70,70,70,651,2
70,70,70,60,60,60,70,70,70,70,70,70,105,2
70,70,70,70,70,70,74,74,74,70,70,70,943,1
60,60,60,70,70,70,62,62,62,70,70,70,167,2
60,60,60,70,70,70,64,64,64,70,70,70,795,2
80,80,80,70,70,70,62,62,62,70,70,70,90,2
70,70,70,80,80,80,70,70,70,60,60,60,23,1
70,70,70,80,80,80,70,70,70,60,60,60,386,1
70,70,70,70,70,70,70,70,70,70,70,70,380,2
70,70,70,70,70,70,70,70,70,70,70,70,974,1
70,70,70,70,70,70,70,70,70,80,80,80,616,2
70,70,70,70,70,70,60,60,60,70,70,70,408,2
60,60,60,70,70,70,74,74,74,70,70,70,866,1
60,60,60,70,70,70,62,62,62,70,70,70,266,2
60,60,60,70,70,70,78,78,78,70,70,70,109,1
60,60,60,70,70,70,80,80,80,70,70,70,572,1
70,70,70,60,60,60,70,70,70,66,66,66,367,1
80,80,80,70,70,70,74,74,74,70,70,70,393,1
70,70,70,70,70,70,70,70,70,74,74,74,514,2
70,70,70,70,70,70,70,70,70,66,66,66,345,1
70,70,70,80,80,80,70,70,70,62,62,62,816,1
60,60,60,70,70,70,68,68,68,70,70,70,863,2
70,70,70,60,60,60,70,70,70,64,64,64,366,1
70,70,70,80,80,80,70,70,70,60,60,60,452,1
70,70,70,60,60,60,70,70,70,60,60,60,364,1
60,60,60,70,70,70,78,78,78,70,70,70,274,1
70,70,70,80,80,80,70,70,70,62,62,62,915,1
70,70,70,70,70,70,70,70,70,74,74,74,250,2
70,70,70,60,60,60,70,70,70,72,72,72,337,2
60,60,60,70,70,70,74,74,74,70,70,70,206,1
70,70,70,80,80,80,70,70,70,66,66,66,92,1
70,70,70,70,70,70,60,60,60,70,70,70,441,2
70,70,70,70,70,70,70,70,70,68,68,68,709,1
60,60,60,70,70,70,72,72,72,70,70,70,403,1
70,70,70,80,80,80,70,70,70,64,64,64,58,1
80,80,80,70,70,70,74,74,74,70,70,70,723,1
70,70,70,70,70,70,80,80,80,70,70,70,121,1
60,60,60,70,70,70,78,78,78,70,70,70,307,1
70,70,70,70,70,70,80,80,80,70,70,70,352,1
70,70,70,70,70,70,70,70,70,70,70,70,875,1
60,60,60,70,70,70,68,68,68,70,70,70,731,2
70,70,70,70,70,70,62,62,62,70,70,70,772,2
70,70,70,80,80,80,70,70,70,64,64,64,454,1
60,60,60,70,70,70,76,76,76,70,70,70,966,1
70,70,70,80,80,80,70,70,70,60,60,60,89,1
70,70,70,60,60,60,70,70,70,70,70,70,600,2
60,60,60,70,70,70,68,68,68,70,70,70,599,2
70,70,70,80,80,80,70,70,70,70,70,70,952,2
60,60,60,70,70,70,62,62,62,70,70,70,827,2
60,60,60,70,70,70,64,64,64,70,70,70,762,2
70,70,70,60,60,60,70,70,70,64,64,64,36,1
70,70,70,60,60,60,70,70,70,72,72,72,139,2
70,70,70,70,70,70,70,70,70,72,72,72,282,2
60,60,60,70,70,70,72,72,72,70,70,70,799,1
80,80,80,70,70,70,80,80,80,70,70,70,33,1
70,70,70,70,70,70,76,76,76,70,70,70,977,1
70,70,70,70,70,70,70,70,70,80,80,80,880,2
70,70,70,70,70,70,70,70,70,74,74,74,52,2
70,70,70,70,70,70,70,70,70,74,74,74,283,2
60,60,60,70,70,70,66,66,66,70,70,70,268,2
80,80,80,70,70,70,64,64,64,70,70,70,124,2
70,70,70,80,80,80,70,70,70,78,78,78,494,2
70,70,70,60,60,60,70,70,70,60,60,60,529,1
70,70,70,60,60,60,70,70,70,72,72,72,40,2
70,70,70,70,70,70,72,72,72,70,70,70,876,1
70,70,70,70,70,70,70,70,70,72,72,72,744,2
70,70,70,60,60,60,70,70,70,60,60,60,595,1
70,70,70,70,70,70,60,60,60,70,70,70,606,2
80,80,80,70,70,70,78,78,78,70,70,70,791,1
70,70,70,80,80,80,70,70,70,62,62,62,156,1
70,70,70,70,70,70,70,70,70,62,62,62,376,1
70,70,70,70,70,70,68,68,68,70,70,70,874,2
70,70,70,70,70,70,72,72,72,70,70,70,975,1
80,80,80,70,70,70,76,76,76,70,70,70,295,1
60,60,60,70,70,70,60,60,60,70,70,70,298,2
70,70,70,70,70,70,60,60,60,70,70,70,540,2
60,60,60,70,70,70,66,66,66,70,70,70,334,2
60,60,60,70,70,70,80,80,80,70,70,70,77,1
80,80,80,70,70,70,74,74,74,70,70,70,30,1
60,60,60,70,70,70,60,60,60,70,70,70,34,2
70,70,70,70,70,70,70,70,70,66,66,66,840,1
70,70,70,70,70,70,66,66,66,70,70,70,807,2
60,60,60,70,70,70,60,60,60,70,70,70,265,2
70,70,70,70,70,70,70,70,70,66,66,66,675,1
70,70,70,70,70,70,70,70,70,76,76,76,548,2
80,80,80,70,70,70,70,70,70,70,70,70,919,1
70,70,70,70,70,70,70,70,70,70,70,70,182,2
70,70,70,70,70,70,70,70,70,64,64,64,806,1
70,70,70,70,70,70,70,70,70,66,66,66,906,1
80,80,80,70,70,70,72,72,72,70,70,70,788,1
80,80,80,70,70,70,66,66,66,70,70,70,125,2
80,80,80,70,70,70,62,62,62,70,70,70,321,2
70,70,70,70,70,70,70,70,70,78,78,78,615,2
60,60,60,70,70,70,74,74,74,70,70,70,140,1
70,70,70,70,70,70,72,72,72,70,70,70,942,1
70,70,70,70,70,70,80,80,80,70,70,70,484,1
70,70,70,70,70,70,80,80,80,70,70,70,451,1
70,70,70,70,70,70,76,76,76,70,70,70,713,1
70,70,70,80,80,80,70,70,70,68,68,68,687,1
70,70,70,60,60,60,70,70,70,64,64,64,663,1
70,70,70,70,70,70,70,70,70,78,78,78,780,2
70,70,70,80,80,80,70,70,70,74,74,74,426,2
70,70,70,60,60,60,70,70,70,62,62,62,464,1
80,80,80,70,70,70,60,60,60,70,70,70,122,2
70,70,70,60,60,60,70,70,70,72,72,72,568,2
70,70,70,80,80,80,70,70,70,70,70,70,391,2
70,70,70,80,80,80,70,70,70,70,70,70,160,2
70,70,70,60,60,60,70,70,70,68,68,68,203,1
60,60,60,70,70,70,62,62,62,70,70,70,35,2
70,70,70,80,80,80,70,70,70,62,62,62,981,1
70,70,70,70,70,70,70,70,70,78,78,78,384,2
60,60,60,70,70,70,74,74,74,70,70,70,701,1
70,70,70,80,80,80,70,70,70,74,74,74,525,2
70,70,70,70,70,70,70,70,70,60,60,60,507,1
60,60,60,70,70,70,62,62,62,70,70,70,794,2
70,70,70,60,60,60,70,70,70,74,74,74,965,2
70,70,70,60,60,60,70,70,70,62,62,62,596,1
80,80,80,70,70,70,70,70,70,70,70,70,556,1
70,70,70,60,60,60,70,70,70,72,72,72,304,2
60,60,60,70,70,70,68,68,68,70,70,70,302,2
60,60,60,70,70,70,78,78,78,70,70,70,868,1
70,70,70,70,70,70,70,70,70,76,76,76,350,2
70,70,70,70,70,70,70,70,70,74,74,74,184,2
70,70,70,60,60,60,70,70,70,78,78,78,802,2
60,60,60,70,70,70,64,64,64,70,70,70,135,2
60,60,60,70,70,70,68,68,68,70,70,70,236,2
60,60,60,70,70,70,70,70,70,70,70,70,765,1
80,80,80,70,70,70,68,68,68,70,70,70,753,2
80,80,80,70,70,70,64,64,64,70,70,70,355,2
80,80,80,70,70,70,72,72,72,70,70,70,986,1
70,70,70,60,60,60,70,70,70,68,68,68,104,1
70,70,70,60,60,60,70,70,70,80,80,80,869,2
60,60,60,70,70,70,62,62,62,70,70,70,200,2
80,80,80,70,70,70,66,66,66,70,70,70,686,2
70,70,70,70,70,70,64,64,64,70,70,70,938,2
60,60,60,70,70,70,74,74,74,70,70,70,338,1
70,70,70,70,70,70,70,70,70,70,70,70,743,2
70,70,70,60,60,60,70,70,70,68,68,68,368,1
70,70,70,70,70,70,74,74,74,70,70,70,382,1
70,70,70,70,70,70,74,74,74,70,70,70,580,1
80,80,80,70,70,70,72,72,72,70,70,70,392,1
70,70,70,80,80,80,70,70,70,62,62,62,57,1
70,70,70,70,70,70,70,70,70,62,62,62,211,1
70,70,70,70,70,70,80,80,80,70,70,70,946,1
70,70,70,80,80,80,70,70,70,78,78,78,164,2
70,70,70,70,70,70,64,64,64,70,70,70,212,2
60,60,60,70,70,70,76,76,76,70,70,70,768,1
70,70,70,70,70,70,70,70,70,68,68,68,445,1
70,70,70,60,60,60,70,70,70,78,78,78,901,2
70,70,70,60,60,60,70,70,70,78,78,78,670,2
60,60,60,70,70,70,68,68,68,70,70,70,929,2
70,70,70,70,70,70,70,70,70,68,68,68,940,1
70,70,70,70,70,70,70,70,70,62,62,62,541,1
80,80,80,70,70,70,66,66,66,70,70,70,719,2
70,70,70,80,80,80,70,70,70,60,60,60,947,1
80,80,80,70,70,70,72,72,72,70,70,70,524,1
70,70,70,60,60,60,70,70,70,70,70,70,633,2
70,70,70,80,80,80,70,70,70,66,66,66,389,1
80,80,80,70,70,70,80,80,80,70,70,70,957,1
60,60,60,70,70,70,68,68,68,70,70,70,632,2
70,70,70,70,70,70,68,68,68,70,70,70,676,2
80,80,80,70,70,70,76,76,76,70,70,70,361,1
70,70,70,60,60,60,70,70,70,66,66,66,169,1
80,80,80,70,70,70,78,78,78,70,70,70,692,1
70,70,70,60,60,60,70,70,70,74,74,74,668,2
70,70,70,70,70,70,70,70,70,68,68,68,907,1
70,70,70,60,60,60,70,70,70,70,70,70,930,2
70,70,70,70,70,70,70,70,70,68,68,68,16,1
70,70,70,70,70,70,72,72,72,70,70,70,216,1
70,70,70,80,80,80,70,70,70,62,62,62,255,1
70,70,70,70,70,70,76,76,76,70,70,70,152,1
70,70,70,70,70,70,72,72,72,70,70,70,315,1
70,70,70,70,70,70,78,78,78,70,70,70,681,1
80,80,80,70,70,70,76,76,76,70,70,70,757,1
70,70,70,70,70,70,70,70,70,70,70,70,83,1
70,70,70,70,70,70,70,70,70,76,76,76,218,2
70,70,70,60,60,60,70,70,70,74,74,74,74,2
70,70,70,80,80,80,70,70,70,78,78,78,428,2
60,60,60,70,70,70,70,70,70,70,70,70,732,1
70,70,70,80,80,80,70,70,70,68,68,68,555,1
60,60,60,70,70,70,78,78,78,70,70,70,406,1
70,70,70,80,80,80,70,70,70,78,78,78,461,2
70,70,70,80,80,80,70,70,70,70,70,70,325,2
70,70,70,60,60,60,70,70,70,76,76,76,405,2
80,80,80,70,70,70,60,60,60,70,70,70,584,2
70,70,70,60,60,60,70,70,70,70,70,70,204,2
70,70,70,70,70,70,64,64,64,70,70,70,410,2
70,70,70,70,70,70,72,72,72,70,70,70,150,1
70,70,70,70,70,70,70,70,70,76,76,76,944,2
70,70,70,80,80,80,70,70,70,74,74,74,690,2
70,70,70,70,70,70,70,70,70,62,62,62,475,1
70,70,70,80,80,80,70,70,70,64,64,64,223,1
70,70,70,70,70,70,80,80,80,70,70,70,253,1
60,60,60,70,70,70,74,74,74,70,70,70,569,1
70,70,70,60,60,60,70,70,70,78,78,78,835,2
80,80,80,70,70,70,70,70,70,70,70,70,589,1
70,70,70,60,60,60,70,70,70,64,64,64,333,1
70,70,70,80,80,80,70,70,70,80,80,80,726,2
70,70,70,70,70,70,78,78,78,70,70,70,252,1
70,70,70,80,80,80,70,70,70,62,62,62,519,1
70,70,70,70,70,70,70,70,70,70,70,70,413,1
70,70,70,70,70,70,70,70,70,72,72,72,777,2
80,80,80,70,70,70,76,76,76,70,70,70,262,1
60,60,60,70,70,70,60,60,60,70,70,70,397,2
60,60,60,70,70,70,76,76,76,70,70,70,108,1
60,60,60,70,70,70,64,64,64,70,70,70,861,2
70,70,70,80,80,80,70,70,70,66,66,66,356,1
70,70,70,70,70,70,72,72,72,70,70,70,843,1
60,60,60,70,70,70,62,62,62,70,70,70,761,2
70,70,70,70,70,70,76,76,76,70,70,70,20,1
60,60,60,70,70,70,62,62,62,70,70,70,959,2
80,80,80,70,70,70,78,78,78,70,70,70,857,1
70,70,70,80,80,80,70,70,70,80,80,80,165,2
70,70,70,70,70,70,70,70,70,74,74,74,679,2
70,70,70,80,80,80,70,70,70,72,72,72,458,2
60,60,60,70,70,70,72,72,72,70,70,70,898,1
80,80,80,70,70,70,62,62,62,70,70,70,585,2
70,70,70,80,80,80,70,70,70,72,72,72,62,2
70,70,70,70,70,70,80,80,80,70,70,70,550,1
70,70,70,70,70,70,70,70,70,70,70,70,842,2
80,80,80,70,70,70,60,60,60,70,70,70,617,2
70,70,70,70,70,70,70,70,70,60,60,60,573,1
70,70,70,60,60,60,70,70,70,78,78,78,340,2
70,70,70,70,70,70,64,64,64,70,70,70,443,2
70,70,70,60,60,60,70,70,70,60,60,60,826,1
60,60,60,70,70,70,80,80,80,70,70,70,44,1
80,80,80,70,70,70,68,68,68,70,70,70,258,2
60,60,60,70,70,70,68,68,68,70,70,70,962,2
70,70,70,70,70,70,76,76,76,70,70,70,185,1
60,60,60,70,70,70,72,72,72,70,70,70,964,1
80,80,80,70,70,70,68,68,68,70,70,70,918,2
80,80,80,70,70,70,76,76,76,70,70,70,988,1
80,80,80,70,70,70,76,76,76,70,70,70,427,1
70,70,70,60,60,60,70,70,70,70,70,70,798,2
60,60,60,70,70,70,74,74,74,70,70,70,470,1
70,70,70,70,70,70,64,64,64,70,70,70,146,2
70,70,70,80,80,80,70,70,70,62,62,62,618,1
80,80,80,70,70,70,64,64,64,70,70,70,619,2
70,70,70,70,70,70,70,70,70,72,72,72,18,2
70,70,70,80,80,80,70,70,70,70,70,70,622,2
80,80,80,70,70,70,66,66,66,70,70,70,884,2
70,70,70,80,80,80,70,70,70,76,76,76,823,2
80,80,80,70,70,70,68,68,68,70,70,70,324,2
70,70,70,80,80,80,70,70,70,78,78,78,98,2
70,70,70,70,70,70,70,70,70,70,70,70,611,1
70,70,70,60,60,60,70,70,70,68,68,68,896,1
80,80,80,70,70,70,68,68,68,70,70,70,489,2
60,60,60,70,70,70,62,62,62,70,70,70,2,2
70,70,70,70,70,70,64,64,64,70,70,70,245,2
70,70,70,70,70,70,64,64,64,70,70,70,905,2
80,80,80,70,70,70,66,66,66,70,70,70,455,2
60,60,60,70,70,70,68,68,68,70,70,70,830,2
70,70,70,60,60,60,70,70,70,66,66,66,961,1
70,70,70,70,70,70,60,60,60,70,70,70,474,2
70,70,70,80,80,80,70,70,70,62,62,62,123,1
80,80,80,70,70,70,64,64,64,70,70,70,421,2
70,70,70,80,80,80,70,70,70,72,72,72,920,2
60,60,60,70,70,70,72,72,72,70,70,70,469,1
70,70,70,60,60,60,70,70,70,78,78,78,703,2
70,70,70,80,80,80,70,70,70,64,64,64,784,1
60,60,60,70,70,70,62,62,62,70,70,70,728,2
70,70,70,70,70,70,64,64,64,70,70,70,575,2
60,60,60,70,70,70,78,78,78,70,70,70,472,1
70,70,70,70,70,70,74,74,74,70,70,70,910,1
70,70,70,70,70,70,70,70,70,74,74,74,811,2
70,70,70,70,70,70,66,66,66,70,70,70,708,2
60,60,60,70,70,70,74,74,74,70,70,70,371,1
70,70,70,80,80,80,70,70,70,80,80,80,495,2
70,70,70,80,80,80,70,70,70,74,74,74,360,2
70,70,70,60,60,60,70,70,70,60,60,60,166,1
70,70,70,70,70,70,66,66,66,70,70,70,477,2
70,70,70,60,60,60,70,70,70,64,64,64,498,1
70,70,70,60,60,60,70,70,70,80,80,80,308,2
70,70,70,70,70,70,70,70,70,78,78,78,549,2
70,70,70,70,70,70,70,70,70,62,62,62,838,1
70,70,70,60,60,60,70,70,70,78,78,78,571,2
70,70,70,70,70,70,80,80,80,70,70,70,583,1
60,60,60,70,70,70,80,80,80,70,70,70,968,1
60,60,60,70,70,70,78,78,78,70,70,70,43,1
60,60,60,70,70,70,66,66,66,70,70,70,466,2
80,80,80,70,70,70,80,80,80,70,70,70,924,1
70,70,70,80,80,80,70,70,70,74,74,74,657,2
60,60,60,70,70,70,62,62,62,70,70,70,629,2
70,70,70,70,70,70,78,78,78,70,70,70,21,1
70,70,70,70,70,70,70,70,70,62,62,62,244,1
80,80,80,70,70,70,64,64,64,70,70,70,586,2
70,70,70,70,70,70,80,80,80,70,70,70,682,1
60,60,60,70,70,70,76,76,76,70,70,70,273,1
70,70,70,70,70,70,70,70,70,72,72,72,612,2
70,70,70,60,60,60,70,70,70,78,78,78,538,2
70,70,70,80,80,80,70,70,70,70,70,70,721,2
80,80,80,70,70,70,60,60,60,70,70,70,254,2
70,70,70,70,70,70,66,66,66,70,70,70,114,2
70,70,70,60,60,60,70,70,70,70,70,70,72,2
70,70,70,70,70,70,60,60,60,70,70,70,12,2
80,80,80,70,70,70,68,68,68,70,70,70,819,2
70,70,70,70,70,70,64,64,64,70,70,70,278,2
70,70,70,70,70,70,66,66,66,70,70,70,576,2
80,80,80,70,70,70,66,66,66,70,70,70,554,2
70,70,70,80,80,80,70,70,70,74,74,74,459,2
70,70,70,80,80,80,70,70,70,72,72,72,887,2
70,70,70,60,60,60,70,70,70,64,64,64,465,1
80,80,80,70,70,70,62,62,62,70,70,70,354,2
70,70,70,70,70,70,74,74,74,70,70,70,778,1
70,70,70,70,70,70,64,64,64,70,70,70,80,2
70,70,70,70,70,70,70,70,70,80,80,80,154,2
60,60,60,70,70,70,60,60,60,70,70,70,331,2
70,70,70,70,70,70,72,72,72,70,70,70,678,1
70,70,70,70,70,70,62,62,62,70,70,70,145,2
80,80,80,70,70,70,80,80,80,70,70,70,132,1
60,60,60,70,70,70,72,72,72,70,70,70,634,1
70,70,70,70,70,70,68,68,68,70,70,70,214,2
80,80,80,70,70,70,76,76,76,70,70,70,889,1
70,70,70,70,70,70,68,68,68,70,70,70,478,2
80,80,80,70,70,70,78,78,78,70,70,70,824,1
70,70,70,70,70,70,70,70,70,70,70,70,248,2
70,70,70,60,60,60,70,70,70,80,80,80,110,2
80,80,80,70,70,70,66,66,66,70,70,70,587,2
70,70,70,80,80,80,70,70,70,60,60,60,848,1
70,70,70,80,80,80,70,70,70,78,78,78,560,2
70,70,70,60,60,60,70,70,70,76,76,76,735,2
80,80,80,70,70,70,64,64,64,70,70,70,652,2
70,70,70,70,70,70,62,62,62,70,70,70,508,2
80,80,80,70,70,70,72,72,72,70,70,70,491,1
70,70,70,80,80,80,70,70,70,64,64,64,157,1
80,80,80,70,70,70,64,64,64,70,70,70,685,2
70,70,70,80,80,80,70,70,70,74,74,74,129,2
70,70,70,60,60,60,70,70,70,74,74,74,602,2
70,70,70,70,70,70,70,70,70,78,78,78,450,2
70,70,70,80,80,80,70,70,70,80,80,80,627,2
70,70,70,60,60,60,70,70,70,60,60,60,1,1
60,60,60,70,70,70,78,78,78,70,70,70,934,1
70,70,70,80,80,80,70,70,70,70,70,70,226,2
70,70,70,60,60,60,70,70,70,80,80,80,473,2
60,60,60,70,70,70,66,66,66,70,70,70,103,2
70,70,70,70,70,70,70,70,70,74,74,74,415,2
70,70,70,60,60,60,70,70,70,66,66,66,730,1
80,80,80,70,70,70,78,78,78,70,70,70,197,1
70,70,70,70,70,70,70,70,70,76,76,76,53,2
70,70,70,60,60,60,70,70,70,62,62,62,530,1
60,60,60,70,70,70,62,62,62,70,70,70,431,2
60,60,60,70,70,70,68,68,68,70,70,70,137,2
70,70,70,70,70,70,80,80,80,70,70,70,55,1
60,60,60,70,70,70,60,60,60,70,70,70,133,2
70,70,70,60,60,60,70,70,70,80,80,80,11,2
70,70,70,70,70,70,80,80,80,70,70,70,913,1
70,70,70,70,70,70,76,76,76,70,70,70,812,1
60,60,60,70,70,70,60,60,60,70,70,70,199,2
60,60,60,70,70,70,62,62,62,70,70,70,860,2
70,70,70,70,70,70,68,68,68,70,70,70,49,2
70,70,70,80,80,80,70,70,70,80,80,80,891,2
70,70,70,70,70,70,70,70,70,66,66,66,444,1
60,60,60,70,70,70,62,62,62,70,70,70,299,2
80,80,80,70,70,70,80,80,80,70,70,70,693,1
70,70,70,70,70,70,70,70,70,78,78,78,714,2
70,70,70,80,80,80,70,70,70,64,64,64,949,1
70,70,70,70,70,70,80,80,80,70,70,70,187,1
70,70,70,70,70,70,70,70,70,68,68,68,115,1
70,70,70,80,80,80,70,70,70,72,72,72,359,2
60,60,60,70,70,70,70,70,70,70,70,70,963,1
70,70,70,70,70,70,66,66,66,70,70,70,411,2
80,80,80,70,70,70,70,70,70,70,70,70,754,1
70,70,70,70,70,70,70,70,70,78,78,78,87,2
70,70,70,70,70,70,76,76,76,70,70,70,878,1
80,80,80,70,70,70,72,72,72,70,70,70,326,1
70,70,70,70,70,70,70,70,70,70,70,70,50,2
60,60,60,70,70,70,76,76,76,70,70,70,867,1
70,70,70,70,70,70,70,70,70,68,68,68,346,1
70,70,70,80,80,80,70,70,70,74,74,74,261,2
70,70,70,60,60,60,70,70,70,62,62,62,101,1
70,70,70,70,70,70,70,70,70,62,62,62,607,1
70,70,70,70,70,70,70,70,70,64,64,64,542,1
70,70,70,70,70,70,60,60,60,70,70,70,672,2
60,60,60,70,70,70,74,74,74,70,70,70,404,1
80,80,80,70,70,70,60,60,60,70,70,70,221,2
70,70,70,70,70,70,70,70,70,64,64,64,872,1
60,60,60,70,70,70,64,64,64,70,70,70,69,2
70,70,70,80,80,80,70,70,70,60,60,60,56,1
80,80,80,70,70,70,74,74,74,70,70,70,888,1
80,80,80,70,70,70,80,80,80,70,70,70,198,1
70,70,70,60,60,60,70,70,70,76,76,76,834,2
70,70,70,60,60,60,70,70,70,64,64,64,828,1
70,70,70,60,60,60,70,70,70,70,70,70,666,2
80,80,80,70,70,70,72,72,72,70,70,70,656,1
80,80,80,70,70,70,70,70,70,70,70,70,457,1
70,70,70,60,60,60,70,70,70,80,80,80,506,2
70,70,70,70,70,70,70,70,70,62,62,62,574,1
70,70,70,70,70,70,74,74,74,70,70,70,118,1
70,70,70,70,70,70,66,66,66,70,70,70,873,2
80,80,80,70,70,70,66,66,66,70,70,70,323,2
70,70,70,70,70,70,68,68,68,70,70,70,775,2
70,70,70,80,80,80,70,70,70,70,70,70,292,2
60,60,60,70,70,70,72,72,72,70,70,70,238,1
70,70,70,70,70,70,70,70,70,60,60,60,903,1
70,70,70,60,60,60,70,70,70,72,72,72,436,2
60,60,60,70,70,70,60,60,60,70,70,70,859,2
60,60,60,70,70,70,66,66,66,70,70,70,664,2
70,70,70,70,70,70,70,70,70,76,76,76,647,2
60,60,60,70,70,70,60,60,60,70,70,70,463,2
70,70,70,60,60,60,70,70,70,72,72,72,172,2
70,70,70,80,80,80,70,70,70,78,78,78,890,2
70,70,70,80,80,80,70,70,70,68,68,68,885,1
70,70,70,80,80,80,70,70,70,72,72,72,590,2
70,70,70,80,80,80,70,70,70,68,68,68,192,1
70,70,70,60,60,60,70,70,70,68,68,68,533,1
70,70,70,60,60,60,70,70,70,62,62,62,893,1
70,70,70,80,80,80,70,70,70,66,66,66,983,1
80,80,80,70,70,70,66,66,66,70,70,70,917,2
70,70,70,60,60,60,70,70,70,66,66,66,37,1
70,70,70,70,70,70,72,72,72,70,70,70,117,1
60,60,60,70,70,70,68,68,68,70,70,70,434,2
60,60,60,70,70,70,76,76,76,70,70,70,141,1
80,80,80,70,70,70,64,64,64,70,70,70,256,2
70,70,70,70,70,70,70,70,70,70,70,70,809,2
70,70,70,70,70,70,70,70,70,60,60,60,78,1
80,80,80,70,70,70,72,72,72,70,70,70,194,1
70,70,70,60,60,60,70,70,70,78,78,78,637,2
70,70,70,60,60,60,70,70,70,78,78,78,769,2
60,60,60,70,70,70,72,72,72,70,70,70,865,1
80,80,80,70,70,70,64,64,64,70,70,70,751,2
70,70,70,80,80,80,70,70,70,60,60,60,485,1
70,70,70,70,70,70,80,80,80,70,70,70,22,1
70,70,70,70,70,70,72,72,72,70,70,70,546,1
70,70,70,70,70,70,70,70,70,66,66,66,279,1
80,80,80,70,70,70,64,64,64,70,70,70,553,2
70,70,70,70,70,70,70,70,70,70,70,70,644,1
80,80,80,70,70,70,68,68,68,70,70,70,654,2
70,70,70,80,80,80,70,70,70,74,74,74,294,2
70,70,70,70,70,70,76,76,76,70,70,70,284,1
80,80,80,70,70,70,60,60,60,70,70,70,320,2
60,60,60,70,70,70,76,76,76,70,70,70,570,1
70,70,70,80,80,80,70,70,70,62,62,62,684,1
70,70,70,60,60,60,70,70,70,80,80,80,836,2
70,70,70,80,80,80,70,70,70,70,70,70,61,2
70,70,70,60,60,60,70,70,70,60,60,60,232,1
60,60,60,70,70,70,72,72,72,70,70,70,370,1
70,70,70,80,80,80,70,70,70,80,80,80,792,2
80,80,80,70,70,70,76,76,76,70,70,70,163,1
80,80,80,70,70,70,60,60,60,70,70,70,782,2
80,80,80,70,70,70,80,80,80,70,70,70,561,1
80,80,80,70,70,70,62,62,62,70,70,70,486,2
70,70,70,80,80,80,70,70,70,60,60,60,650,1
60,60,60,70,70,70,62,62,62,70,70,70,695,2
70,70,70,70,70,70,70,70,70,66,66,66,246,1
60,60,60,70,70,70,70,70,70,70,70,70,897,1
70,70,70,70,70,70,60,60,60,70,70,70,276,2
70,70,70,60,60,60,70,70,70,80,80,80,770,2
70,70,70,70,70,70,60,60,60,70,70,70,342,2
60,60,60,70,70,70,78,78,78,70,70,70,373,1
70,70,70,70,70,70,60,60,60,70,70,70,111,2
60,60,60,70,70,70,62,62,62,70,70,70,398,2
70,70,70,70,70,70,70,70,70,76,76,76,416,2
80,80,80,70,70,70,62,62,62,70,70,70,783,2
70,70,70,70,70,70,62,62,62,70,70,70,178,2
70,70,70,80,80,80,70,70,70,60,60,60,881,1
70,70,70,70,70,70,70,70,70,80,80,80,715,2
60,60,60,70,70,70,68,68,68,70,70,70,335,2
80,80,80,70,70,70,60,60,60,70,70,70,683,2
80,80,80,70,70,70,68,68,68,70,70,70,27,2
70,70,70,70,70,70,62,62,62,70,70,70,805,2
80,80,80,70,70,70,74,74,74,70,70,70,954,1
60,60,60,70,70,70,62,62,62,70,70,70,497,2
80,80,80,70,70,70,70,70,70,70,70,70,259,1
80,80,80,70,70,70,64,64,64,70,70,70,916,2
70,70,70,60,60,60,70,70,70,70,70,70,534,2
70,70,70,70,70,70,60,60,60,70,70,70,639,2
60,60,60,70,70,70,64,64,64,70,70,70,432,2
70,70,70,80,80,80,70,70,70,76,76,76,691,2
70,70,70,70,70,70,70,70,70,78,78,78,120,2
70,70,70,80,80,80,70,70,70,78,78,78,725,2
80,80,80,70,70,70,62,62,62,70,70,70,288,2
70,70,70,70,70,70,62,62,62,70,70,70,970,2
70,70,70,80,80,80,70,70,70,68,68,68,621,1
70,70,70,60,60,60,70,70,70,68,68,68,5,1
70,70,70,70,70,70,64,64,64,70,70,70,971,2
60,60,60,70,70,70,80,80,80,70,70,70,704,1
70,70,70,60,60,60,70,70,70,64,64,64,234,1
70,70,70,80,80,80,70,70,70,72,72,72,689,2
70,70,70,70,70,70,68,68,68,70,70,70,280,2
60,60,60,70,70,70,74,74,74,70,70,70,932,1
70,70,70,80,80,80,70,70,70,72,72,72,128,2
60,60,60,70,70,70,80,80,80,70,70,70,935,1
60,60,60,70,70,70,60,60,60,70,70,70,661,2
70,70,70,70,70,70,70,70,70,76,76,76,746,2
60,60,60,70,70,70,72,72,72,70,70,70,766,1
70,70,70,80,80,80,70,70,70,78,78,78,758,2
70,70,70,70,70,70,70,70,70,78,78,78,54,2
70,70,70,70,70,70,70,70,70,74,74,74,712,2
70,70,70,60,60,60,70,70,70,80,80,80,242,2
70,70,70,70,70,70,70,70,70,64,64,64,674,1
80,80,80,70,70,70,74,74,74,70,70,70,855,1
80,80,80,70,70,70,64,64,64,70,70,70,25,2
60,60,60,70,70,70,60,60,60,70,70,70,760,2
70,70,70,80,80,80,70,70,70,66,66,66,191,1
70,70,70,60,60,60,70,70,70,80,80,80,341,2
80,80,80,70,70,70,70,70,70,70,70,70,985,1
80,80,80,70,70,70,76,76,76,70,70,70,559,1
70,70,70,60,60,60,70,70,70,78,78,78,505,2
70,70,70,70,70,70,78,78,78,70,70,70,846,1
70,70,70,70,70,70,70,70,70,68,68,68,610,1
70,70,70,70,70,70,72,72,72,70,70,70,810,1
70,70,70,60,60,60,70,70,70,60,60,60,67,1
80,80,80,70,70,70,68,68,68,70,70,70,126,2
80,80,80,70,70,70,74,74,74,70,70,70,195,1
80,80,80,70,70,70,60,60,60,70,70,70,155,2
80,80,80,70,70,70,78,78,78,70,70,70,659,1
70,70,70,70,70,70,66,66,66,70,70,70,972,2
80,80,80,70,70,70,78,78,78,70,70,70,65,1
70,70,70,60,60,60,70,70,70,62,62,62,233,1
70,70,70,80,80,80,70,70,70,70,70,70,853,2
70,70,70,80,80,80,70,70,70,66,66,66,818,1
70,70,70,70,70,70,78,78,78,70,70,70,582,1
70,70,70,80,80,80,70,70,70,60,60,60,419,1
70,70,70,60,60,60,70,70,70,70,70,70,336,2
70,70,70,70,70,70,70,70,70,66,66,66,543,1
70,70,70,80,80,80,70,70,70,74,74,74,921,2
60,60,60,70,70,70,70,70,70,70,70,70,369,1
70,70,70,70,70,70,68,68,68,70,70,70,313,2
70,70,70,70,70,70,60,60,60,70,70,70,705,2
80,80,80,70,70,70,78,78,78,70,70,70,395,1
70,70,70,80,80,80,70,70,70,60,60,60,749,1
80,80,80,70,70,70,72,72,72,70,70,70,557,1
70,70,70,70,70,70,72,72,72,70,70,70,909,1
70,70,70,80,80,80,70,70,70,72,72,72,293,2
70,70,70,80,80,80,70,70,70,80,80,80,759,2
80,80,80,70,70,70,68,68,68,70,70,70,588,2
80,80,80,70,70,70,76,76,76,70,70,70,955,1
70,70,70,80,80,80,70,70,70,70,70,70,655,2
70,70,70,80,80,80,70,70,70,62,62,62,420,1
70,70,70,70,70,70,70,70,70,76,76,76,482,2
70,70,70,70,70,70,70,70,70,74,74,74,151,2
70,70,70,70,70,70,72,72,72,70,70,70,381,1
70,70,70,70,70,70,74,74,74,70,70,70,877,1
70,70,70,70,70,70,70,70,70,78,78,78,318,2
80,80,80,70,70,70,80,80,80,70,70,70,660,1
70,70,70,80,80,80,70,70,70,78,78,78,131,2
70,70,70,70,70,70,70,70,70,70,70,70,545,2
70,70,70,60,60,60,70,70,70,64,64,64,696,1
70,70,70,60,60,60,70,70,70,64,64,64,927,1
70,70,70,60,60,60,70,70,70,62,62,62,68,1
70,70,70,60,60,60,70,70,70,70,70,70,402,2
70,70,70,70,70,70,70,70,70,70,70,70,314,2
70,70,70,80,80,80,70,70,70,80,80,80,528,2
70,70,70,60,60,60,70,70,70,68,68,68,797,1
70,70,70,70,70,70,70,70,70,76,76,76,581,2
70,70,70,80,80,80,70,70,70,80,80,80,594,2
70,70,70,80,80,80,70,70,70,68,68,68,720,1
70,70,70,70,70,70,70,70,70,76,76,76,86,2
60,60,60,70,70,70,72,72,72,70,70,70,271,1
80,80,80,70,70,70,76,76,76,70,70,70,394,1
70,70,70,70,70,70,74,74,74,70,70,70,316,1
70,70,70,80,80,80,70,70,70,80,80,80,429,2
60,60,60,70,70,70,80,80,80,70,70,70,374,1
70,70,70,60,60,60,70,70,70,72,72,72,700,2
60,60,60,70,70,70,64,64,64,70,70,70,3,2
70,70,70,70,70,70,72,72,72,70,70,70,414,1
80,80,80,70,70,70,62,62,62,70,70,70,387,2
80,80,80,70,70,70,78,78,78,70,70,70,956,1
70,70,70,80,80,80,70,70,70,60,60,60,518,1
80,80,80,70,70,70,72,72,72,70,70,70,260,1
60,60,60,70,70,70,80,80,80,70,70,70,275,1
70,70,70,60,60,60,70,70,70,66,66,66,235,1
70,70,70,70,70,70,68,68,68,70,70,70,181,2
80,80,80,70,70,70,66,66,66,70,70,70,851,2
70,70,70,70,70,70,70,70,70,68,68,68,808,1
70,70,70,70,70,70,80,80,80,70,70,70,847,1
60,60,60,70,70,70,66,66,66,70,70,70,796,2
60,60,60,70,70,70,76,76,76,70,70,70,537,1
70,70,70,70,70,70,62,62,62,70,70,70,442,2
60,60,60,70,70,70,66,66,66,70,70,70,895,2
80,80,80,70,70,70,78,78,78,70,70,70,527,1
70,70,70,70,70,70,68,68,68,70,70,70,742,2
80,80,80,70,70,70,66,66,66,70,70,70,752,2
70,70,70,70,70,70,66,66,66,70,70,70,147,2
70,70,70,60,60,60,70,70,70,60,60,60,430,1
70,70,70,60,60,60,70,70,70,70,70,70,831,2
70,70,70,70,70,70,74,74,74,70,70,70,976,1
70,70,70,70,70,70,70,70,70,70,70,70,677,1
70,70,70,70,70,70,70,70,70,60,60,60,243,1
70,70,70,70,70,70,70,70,70,80,80,80,979,2
80,80,80,70,70,70,74,74,74,70,70,70,591,1
70,70,70,70,70,70,70,70,70,76,76,76,779,2
70,70,70,80,80,80,70,70,70,72,72,72,161,2
70,70,70,80,80,80,70,70,70,76,76,76,724,2
70,70,70,70,70,70,74,74,74,70,70,70,349,1
70,70,70,60,60,60,70,70,70,64,64,64,630,1
70,70,70,60,60,60,70,70,70,72,72,72,601,2
70,70,70,70,70,70,60,60,60,70,70,70,804,2
70,70,70,70,70,70,68,68,68,70,70,70,577,2
70,70,70,70,70,70,70,70,70,72,72,72,480,2
60,60,60,70,70,70,64,64,64,70,70,70,399,2
70,70,70,70,70,70,70,70,70,80,80,80,88,2
70,70,70,70,70,70,70,70,70,74,74,74,85,2
80,80,80,70,70,70,74,74,74,70,70,70,228,1
70,70,70,70,70,70,64,64,64,70,70,70,311,2
70,70,70,80,80,80,70,70,70,62,62,62,849,1
80,80,80,70,70,70,80,80,80,70,70,70,858,1
70,70,70,70,70,70,70,70,70,62,62,62,13,1
80,80,80,70,70,70,80,80,80,70,70,70,264,1
80,80,80,70,70,70,80,80,80,70,70,70,990,1
70,70,70,80,80,80,70,70,70,72,72,72,425,2
70,70,70,70,70,70,64,64,64,70,70,70,14,2
60,60,60,70,70,70,76,76,76,70,70,70,75,1
70,70,70,60,60,60,70,70,70,70,70,70,171,2
70,70,70,70,70,70,70,70,70,62,62,62,871,1
70,70,70,60,60,60,70,70,70,76,76,76,801,2
80,80,80,70,70,70,64,64,64,70,70,70,190,2
60,60,60,70,70,70,76,76,76,70,70,70,933,1
70,70,70,80,80,80,70,70,70,70,70,70,94,2
80,80,80,70,70,70,72,72,72,70,70,70,722,1
60,60,60,70,70,70,60,60,60,70,70,70,496,2
60,60,60,70,70,70,62,62,62,70,70,70,134,2
70,70,70,80,80,80,70,70,70,60,60,60,188,1
60,60,60,70,70,70,80,80,80,70,70,70,803,1
70,70,70,70,70,70,64,64,64,70,70,70,509,2
70,70,70,70,70,70,70,70,70,74,74,74,448,2
60,60,60,70,70,70,70,70,70,70,70,70,138,1
70,70,70,80,80,80,70,70,70,68,68,68,225,1
70,70,70,60,60,60,70,70,70,80,80,80,539,2
80,80,80,70,70,70,70,70,70,70,70,70,886,1
80,80,80,70,70,70,72,72,72,70,70,70,29,1
60,60,60,70,70,70,74,74,74,70,70,70,734,1
70,70,70,80,80,80,70,70,70,74,74,74,162,2
70,70,70,60,60,60,70,70,70,66,66,66,70,1
70,70,70,70,70,70,70,70,70,80,80,80,814,2
80,80,80,70,70,70,72,72,72,70,70,70,821,1
70,70,70,60,60,60,70,70,70,76,76,76,174,2
70,70,70,60,60,60,70,70,70,80,80,80,902,2
80,80,80,70,70,70,74,74,74,70,70,70,987,1
70,70,70,60,60,60,70,70,70,78,78,78,10,2
70,70,70,70,70,70,70,70,70,66,66,66,81,1
80,80,80,70,70,70,64,64,64,70,70,70,388,2
70,70,70,60,60,60,70,70,70,72,72,72,502,2
70,70,70,80,80,80,70,70,70,64,64,64,718,1
80,80,80,70,70,70,80,80,80,70,70,70,396,1
80,80,80,70,70,70,76,76,76,70,70,70,460,1
70,70,70,70,70,70,60,60,60,70,70,70,177,2
70,70,70,60,60,60,70,70,70,76,76,76,372,2
80,80,80,70,70,70,68,68,68,70,70,70,522,2
70,70,70,80,80,80,70,70,70,72,72,72,755,2
70,70,70,60,60,60,70,70,70,64,64,64,300,1
60,60,60,70,70,70,78,78,78,70,70,70,967,1
80,80,80,70,70,70,66,66,66,70,70,70,950,2
70,70,70,80,80,80,70,70,70,66,66,66,158,1
60,60,60,70,70,70,74,74,74,70,70,70,536,1
80,80,80,70,70,70,76,76,76,70,70,70,856,1
70,70,70,70,70,70,66,66,66,70,70,70,378,2
70,70,70,70,70,70,70,70,70,70,70,70,578,1
70,70,70,80,80,80,70,70,70,68,68,68,159,1
70,70,70,80,80,80,70,70,70,74,74,74,822,2
70,70,70,60,60,60,70,70,70,60,60,60,727,1
70,70,70,60,60,60,70,70,70,68,68,68,566,1
70,70,70,70,70,70,70,70,70,64,64,64,113,1
60,60,60,70,70,70,72,72,72,70,70,70,535,1
70,70,70,80,80,80,70,70,70,72,72,72,854,2
60,60,60,70,70,70,78,78,78,70,70,70,736,1
70,70,70,70,70,70,70,70,70,78,78,78,219,2
70,70,70,70,70,70,70,70,70,78,78,78,648,2
60,60,60,70,70,70,64,64,64,70,70,70,102,2
70,70,70,70,70,70,60,60,60,70,70,70,144,2
70,70,70,70,70,70,70,70,70,78,78,78,978,2
70,70,70,80,80,80,70,70,70,60,60,60,914,1
70,70,70,70,70,70,70,70,70,62,62,62,112,1
70,70,70,70,70,70,70,70,70,60,60,60,738,1
70,70,70,70,70,70,70,70,70,70,70,70,17,1
70,70,70,60,60,60,70,70,70,76,76,76,438,2
60,60,60,70,70,70,70,70,70,70,70,70,303,1
70,70,70,80,80,80,70,70,70,72,72,72,227,2
60,60,60,70,70,70,66,66,66,70,70,70,565,2
70,70,70,70,70,70,74,74,74,70,70,70,547,1
70,70,70,70,70,70,70,70,70,72,72,72,84,2
70,70,70,80,80,80,70,70,70,74,74,74,492,2
70,70,70,70,70,70,70,70,70,80,80,80,286,2
60,60,60,70,70,70,74,74,74,70,70,70,503,1
70,70,70,60,60,60,70,70,70,80,80,80,209,2
80,80,80,70,70,70,66,66,66,70,70,70,620,2
70,70,70,70,70,70,68,68,68,70,70,70,82,2
70,70,70,80,80,80,70,70,70,70,70,70,787,2
80,80,80,70,70,70,72,72,72,70,70,70,623,1
70,70,70,60,60,60,70,70,70,66,66,66,400,1
80,80,80,70,70,70,80,80,80,70,70,70,330,1
70,70,70,80,80,80,70,70,70,62,62,62,24,1
70,70,70,60,60,60,70,70,70,62,62,62,662,1
70,70,70,70,70,70,62,62,62,70,70,70,706,2
70,70,70,70,70,70,70,70,70,78,78,78,186,2
70,70,70,60,60,60,70,70,70,76,76,76,900,2
70,70,70,70,70,70,72,72,72,70,70,70,711,1
70,70,70,80,80,80,70,70,70,62,62,62,882,1
70,70,70,60,60,60,70,70,70,74,74,74,833,2
70,70,70,80,80,80,70,70,70,62,62,62,222,1
70,70,70,70,70,70,66,66,66,70,70,70,180,2
60,60,60,70,70,70,74,74,74,70,70,70,107,1
70,70,70,70,70,70,66,66,66,70,70,70,15,2
70,70,70,60,60,60,70,70,70,66,66,66,631,1
70,70,70,70,70,70,76,76,76,70,70,70,515,1
80,80,80,70,70,70,78,78,78,70,70,70,32,1
70,70,70,80,80,80,70,70,70,76,76,76,592,2
70,70,70,80,80,80,70,70,70,76,76,76,196,2
70,70,70,70,70,70,70,70,70,68,68,68,412,1
70,70,70,80,80,80,70,70,70,64,64,64,322,1
70,70,70,70,70,70,70,70,70,80,80,80,319,2
60,60,60,70,70,70,80,80,80,70,70,70,440,1
70,70,70,80,80,80,70,70,70,76,76,76,625,2
70,70,70,70,70,70,80,80,80,70,70,70,649,1
60,60,60,70,70,70,74,74,74,70,70,70,8,1
80,80,80,70,70,70,64,64,64,70,70,70,817,2
60,60,60,70,70,70,70,70,70,70,70,70,699,1
70,70,70,60,60,60,70,70,70,74,74,74,272,2
70,70,70,70,70,70,70,70,70,64,64,64,377,1
60,60,60,70,70,70,68,68,68,70,70,70,764,2
70,70,70,70,70,70,68,68,68,70,70,70,511,2
70,70,70,60,60,60,70,70,70,60,60,60,892,1
60,60,60,70,70,70,62,62,62,70,70,70,332,2
60,60,60,70,70,70,78,78,78,70,70,70,604,1
60,60,60,70,70,70,76,76,76,70,70,70,669,1
70,70,70,70,70,70,70,70,70,60,60,60,771,1
80,80,80,70,70,70,62,62,62,70,70,70,453,2
60,60,60,70,70,70,66,66,66,70,70,70,928,2
60,60,60,70,70,70,60,60,60,70,70,70,562,2
70,70,70,70,70,70,70,70,70,72,72,72,183,2
70,70,70,80,80,80,70,70,70,76,76,76,31,2
70,70,70,70,70,70,70,70,70,78,78,78,285,2
80,80,80,70,70,70,76,76,76,70,70,70,790,1
60,60,60,70,70,70,80,80,80,70,70,70,407,1
70,70,70,70,70,70,70,70,70,68,68,68,643,1
70,70,70,60,60,60,70,70,70,66,66,66,499,1
70,70,70,70,70,70,70,70,70,68,68,68,973,1
80,80,80,70,70,70,60,60,60,70,70,70,551,2
60,60,60,70,70,70,78,78,78,70,70,70,241,1
70,70,70,60,60,60,70,70,70,74,74,74,800,2
80,80,80,70,70,70,78,78,78,70,70,70,923,1
60,60,60,70,70,70,60,60,60,70,70,70,925,2
70,70,70,70,70,70,70,70,70,66,66,66,312,1
80,80,80,70,70,70,80,80,80,70,70,70,66,1
70,70,70,70,70,70,60,60,60,70,70,70,936,2
70,70,70,70,70,70,78,78,78,70,70,70,945,1
70,70,70,70,70,70,70,70,70,64,64,64,179,1
70,70,70,60,60,60,70,70,70,64,64,64,201,1
70,70,70,70,70,70,70,70,70,66,66,66,741,1
70,70,70,60,60,60,70,70,70,76,76,76,471,2
70,70,70,80,80,80,70,70,70,80,80,80,825,2
80,80,80,70,70,70,78,78,78,70,70,70,593,1
70,70,70,80,80,80,70,70,70,74,74,74,63,2
70,70,70,60,60,60,70,70,70,70,70,70,468,2
70,70,70,70,70,70,62,62,62,70,70,70,409,2
80,80,80,70,70,70,70,70,70,70,70,70,688,1
80,80,80,70,70,70,66,66,66,70,70,70,488,2
70,70,70,70,70,70,70,70,70,76,76,76,680,2
60,60,60,70,70,70,64,64,64,70,70,70,531,2
80,80,80,70,70,70,78,78,78,70,70,70,230,1
70,70,70,70,70,70,70,70,70,78,78,78,483,2
60,60,60,70,70,70,74,74,74,70,70,70,173,1
70,70,70,70,70,70,70,70,70,70,70,70,149,1
70,70,70,70,70,70,76,76,76,70,70,70,383,1
70,70,70,60,60,60,70,70,70,64,64,64,960,1
70,70,70,70,70,70,74,74,74,70,70,70,844,1
70,70,70,80,80,80,70,70,70,64,64,64,883,1
70,70,70,70,70,70,70,70,70,78,78,78,747,2
80,80,80,70,70,70,76,76,76,70,70,70,922,1
70,70,70,70,70,70,70,70,70,76,76,76,251,2
70,70,70,70,70,70,70,70,70,70,70,70,710,1
70,70,70,70,70,70,74,74,74,70,70,70,646,1
70,70,70,60,60,60,70,70,70,78,78,78,208,2
70,70,70,60,60,60,70,70,70,64,64,64,168,1
60,60,60,70,70,70,66,66,66,70,70,70,4,2
70,70,70,70,70,70,70,70,70,70,70,70,446,1
70,70,70,80,80,80,70,70,70,68,68,68,60,1
70,70,70,70,70,70,70,70,70,62,62,62,310,1
70,70,70,80,80,80,70,70,70,72,72,72,953,2
60,60,60,70,70,70,80,80,80,70,70,70,638,1
70,70,70,60,60,60,70,70,70,78,78,78,142,2
80,80,80,70,70,70,80,80,80,70,70,70,99,1
70,70,70,60,60,60,70,70,70,74,74,74,437,2
70,70,70,80,80,80,70,70,70,78,78,78,329,2
70,70,70,60,60,60,70,70,70,60,60,60,694,1
60,60,60,70,70,70,72,72,72,70,70,70,733,1
70,70,70,80,80,80,70,70,70,62,62,62,717,1
70,70,70,60,60,60,70,70,70,64,64,64,729,1
60,60,60,70,70,70,66,66,66,70,70,70,301,2
60,60,60,70,70,70,70,70,70,70,70,70,435,1
80,80,80,70,70,70,62,62,62,70,70,70,189,2
70,70,70,60,60,60,70,70,70,66,66,66,136,1
70,70,70,70,70,70,70,70,70,74,74,74,613,2
70,70,70,70,70,70,70,70,70,60,60,60,969,1
80,80,80,70,70,70,70,70,70,70,70,70,358,1
60,60,60,70,70,70,78,78,78,70,70,70,439,1
70,70,70,70,70,70,68,68,68,70,70,70,247,2
70,70,70,70,70,70,76,76,76,70,70,70,845,1
80,80,80,70,70,70,78,78,78,70,70,70,362,1
80,80,80,70,70,70,76,76,76,70,70,70,658,1
70,70,70,80,80,80,70,70,70,78,78,78,296,2
70,70,70,70,70,70,64,64,64,70,70,70,839,2
70,70,70,80,80,80,70,70,70,74,74,74,558,2
60,60,60,70,70,70,70,70,70,70,70,70,864,1
70,70,70,80,80,80,70,70,70,72,72,72,95,2
70,70,70,70,70,70,62,62,62,70,70,70,46,2
70,70,70,70,70,70,70,70,70,62,62,62,343,1
70,70,70,70,70,70,70,70,70,70,70,70,908,2
70,70,70,70,70,70,70,70,70,76,76,76,614,2
60,60,60,70,70,70,72,72,72,70,70,70,7,1
60,60,60,70,70,70,64,64,64,70,70,70,267,2
70,70,70,80,80,80,70,70,70,78,78,78,989,2
60,60,60,70,70,70,66,66,66,70,70,70,433,2
70,70,70,80,80,80,70,70,70,70,70,70,490,2
70,70,70,60,60,60,70,70,70,72,72,72,106,2
70,70,70,60,60,60,70,70,70,68,68,68,170,1
70,70,70,80,80,80,70,70,70,66,66,66,59,1
70,70,70,70,70,70,70,70,70,62,62,62,673,1
60,60,60,70,70,70,80,80,80,70,70,70,737,1
70,70,70,80,80,80,70,70,70,62,62,62,750,1
70,70,70,80,80,80,70,70,70,70,70,70,127,2
70,70,70,70,70,70,70,70,70,72,72,72,579,2
70,70,70,60,60,60,70,70,70,60,60,60,100,1
60,60,60,70,70,70,76,76,76,70,70,70,9,1
70,70,70,70,70,70,60,60,60,70,70,70,870,2
70,70,70,70,70,70,70,70,70,76,76,76,449,2
80,80,80,70,70,70,80,80,80,70,70,70,231,1
70,70,70,80,80,80,70,70,70,68,68,68,852,1
80,80,80,70,70,70,62,62,62,70,70,70,948,2
60,60,60,70,70,70,62,62,62,70,70,70,926,2
70,70,70,70,70,70,70,70,70,66,66,66,609,1
70,70,70,70,70,70,66,66,66,70,70,70,213,2
70,70,70,70,70,70,70,70,70,64,64,64,740,1
70,70,70,70,70,70,70,70,70,78,78,78,153,2
70,70,70,60,60,60,70,70,70,80,80,80,605,2
80,80,80,70,70,70,60,60,60,70,70,70,716,2
70,70,70,70,70,70,80,80,80,70,70,70,385,1
70,70,70,80,80,80,70,70,70,76,76,76,229,2
70,70,70,70,70,70,70,70,70,76,76,76,119,2
60,60,60,70,70,70,68,68,68,70,70,70,665,2
60,60,60,70,70,70,74,74,74,70,70,70,305,1
60,60,60,70,70,70,76,76,76,70,70,70,306,1
80,80,80,70,70,70,66,66,66,70,70,70,290,2
60,60,60,70,70,70,64,64,64,70,70,70,894,2
70,70,70,60,60,60,70,70,70,66,66,66,532,1
60,60,60,70,70,70,80,80,80,70,70,70,176,1
70,70,70,60,60,60,70,70,70,76,76,76,702,2
70,70,70,70,70,70,78,78,78,70,70,70,912,1
80,80,80,70,70,70,70,70,70,70,70,70,523,1
70,70,70,70,70,70,70,70,70,70,70,70,215,2
70,70,70,70,70,70,70,70,70,78,78,78,813,2
80,80,80,70,70,70,70,70,70,70,70,70,28,1
70,70,70,70,70,70,70,70,70,74,74,74,19,2
70,70,70,60,60,60,70,70,70,76,76,76,603,2
70,70,70,60,60,60,70,70,70,62,62,62,563,1
70,70,70,70,70,70,66,66,66,70,70,70,774,2
70,70,70,70,70,70,62,62,62,70,70,70,739,2
70,70,70,60,60,60,70,70,70,74,74,74,635,2
80,80,80,70,70,70,66,66,66,70,70,70,785,2
