113,112,109,113,112,109,118,116,114,113,112,109,19,1
99,98,95,113,112,109,122,121,118,113,112,109,43,1
113,112,109,113,112,109,118,116,114,113,112,109,52,1
113,112,109,99,98,95,113,112,109,108,106,104,37,1
113,112,109,113,112,109,102,101,98,113,112,109,13,2
113,112,109,99,98,95,113,112,109,125,123,121,44,2
125,123,121,113,112,109,110,109,106,113,112,109,27,2
113,112,109,113,112,109,113,112,109,105,104,101,47,1
113,112,109,113,112,109,122,121,118,113,112,109,21,1
125,123,121,113,112,109,115,114,111,113,112,109,62,1
99,98,95,113,112,109,105,104,101,113,112,109,3,2
125,123,121,113,112,109,120,119,116,113,112,109,64,1
113,112,109,99,98,95,113,112,109,108,106,104,4,1
113,112,109,113,112,109,125,123,121,113,112,109,55,1
113,112,109,99,98,95,113,112,109,122,121,118,10,2
113,112,109,113,112,109,113,112,109,115,114,111,18,2
113,112,109,99,98,95,113,112,109,113,112,109,39,2
99,98,95,113,112,109,113,112,109,113,112,109,6,1
113,112,109,113,112,109,120,119,116,113,112,109,20,1
113,112,109,125,123,121,113,112,109,102,101,98,57,1
125,123,121,113,112,109,115,114,111,113,112,109,29,1
113,112,109,113,112,109,115,114,111,113,112,109,51,1
113,112,109,113,112,109,113,112,109,122,121,118,54,2
113,112,109,113,112,109,113,112,109,113,112,109,50,2
113,112,109,125,123,121,113,112,109,102,101,98,24,1
99,98,95,113,112,109,115,114,111,113,112,109,40,1
113,112,109,125,123,121,113,112,109,113,112,109,28,2
99,98,95,113,112,109,110,109,106,113,112,109,5,2
125,123,121,113,112,109,108,106,104,113,112,109,26,2
113,112,109,125,123,121,113,112,109,118,116,114,63,2
113,112,109,125,123,121,113,112,109,105,104,101,25,1
113,112,109,125,123,121,113,112,109,122,121,118,65,2
125,123,121,113,112,109,122,121,118,113,112,109,32,1
113,112,109,113,112,109,113,112,109,99,98,95,45,1
113,112,109,99,98,95,113,112,109,99,98,95,1,1
125,123,121,113,112,109,120,119,116,113,112,109,31,1
113,112,109,99,98,95,113,112,109,105,104,101,36,1
113,112,109,113,112,109,99,98,95,113,112,109,12,2
125,123,121,113,112,109,113,112,109,113,112,109,61,1
113,112,109,113,112,109,113,112,109,102,101,98,46,1
113,112,109,113,112,109,113,112,109,105,104,101,14,1
113,112,109,99,98,95,113,112,109,118,116,114,41,2
113,112,109,99,98,95,113,112,109,99,98,95,34,1
125,123,121,113,112,109,105,104,101,113,112,109,58,2
99,98,95,113,112,109,115,114,111,113,112,109,7,1
125,123,121,113,112,109,99,98,95,113,112,109,23,2
113,112,109,113,112,109,113,112,109,110,109,106,16,1
125,123,121,113,112,109,110,109,106,113,112,109,60,2
113,112,109,113,112,109,110,109,106,113,112,109,49,2
113,112,109,113,112,109,108,106,104,113,112,109,15,2
99,98,95,113,112,109,102,101,98,113,112,109,35,2
113,112,109,99,98,95,113,112,109,120,119,116,42,2
113,112,109,113,112,109,108,106,104,113,112,109,48,2
113,112,109,125,123,121,113,112,109,108,106,104,59,1
113,112,109,113,112,109,125,123,121,113,112,109,22,1
113,112,109,125,123,121,113,112,109,99,98,95,56,1
125,123,121,113,112,109,125,123,121,113,112,109,33,1
113,112,109,99,98,95,113,112,109,118,116,114,8,2
113,112,109,99,98,95,113,112,109,125,123,121,11,2
113,112,109,113,112,109,113,112,109,113,112,109,17,2
99,98,95,113,112,109,120,119,116,113,112,109,9,1
113,112,109,125,123,121,113,112,109,118,116,114,30,2
113,112,109,99,98,95,113,112,109,110,109,106,38,1
125,123,121,113,112,109,125,123,121,113,112,109,66,1
113,112,109,99,98,95,113,112,109,102,101,98,2,1
113,112,109,113,112,109,113,112,109,120,119,116,53,2
