70,70,70,70,70,70,80,80,80,70,70,70,198,1
70,70,70,70,70,70,68,68,68,70,70,70,247,2
70,70,70,70,70,70,70,70,70,62,62,62,266,1
70,70,70,70,70,70,76,76,76,70,70,70,251,1
70,70,70,70,70,70,78,78,78,70,70,70,32,1
70,70,70,70,70,70,76,76,76,70,70,70,317,1
70,70,70,70,70,70,78,78,78,70,70,70,98,1
70,70,70,70,70,70,70,70,70,80,80,80,132,2
70,70,70,70,70,70,72,72,72,70,70,70,150,1
70,70,70,70,70,70,68,68,68,70,70,70,324,2
70,70,70,70,70,70,70,70,70,60,60,60,89,1
70,70,70,70,70,70,70,70,70,62,62,62,156,1
70,70,70,70,70,70,76,76,76,70,70,70,75,1
70,70,70,70,70,70,70,70,70,74,74,74,107,2
70,70,70,70,70,70,70,70,70,68,68,68,225,1
70,70,70,70,70,70,70,70,70,66,66,66,147,1
70,70,70,70,70,70,70,70,70,80,80,80,297,2
70,70,70,70,70,70,64,64,64,70,70,70,135,2
70,70,70,70,70,70,78,78,78,70,70,70,10,1
70,70,70,70,70,70,80,80,80,70,70,70,110,1
70,70,70,70,70,70,70,70,70,62,62,62,255,1
70,70,70,70,70,70,66,66,66,70,70,70,290,2
70,70,70,70,70,70,68,68,68,70,70,70,291,2
70,70,70,70,70,70,60,60,60,70,70,70,122,2
70,70,70,70,70,70,72,72,72,70,70,70,73,1
70,70,70,70,70,70,80,80,80,70,70,70,319,1
70,70,70,70,70,70,76,76,76,70,70,70,152,1
70,70,70,70,70,70,76,76,76,70,70,70,207,1
70,70,70,70,70,70,70,70,70,64,64,64,311,1
70,70,70,70,70,70,64,64,64,70,70,70,80,2
70,70,70,70,70,70,70,70,70,62,62,62,79,1
70,70,70,70,70,70,70,70,70,74,74,74,272,2
70,70,70,70,70,70,66,66,66,70,70,70,26,2
70,70,70,70,70,70,64,64,64,70,70,70,58,2
70,70,70,70,70,70,60,60,60,70,70,70,309,2
70,70,70,70,70,70,70,70,70,80,80,80,264,2
70,70,70,70,70,70,68,68,68,70,70,70,93,2
70,70,70,70,70,70,78,78,78,70,70,70,131,1
70,70,70,70,70,70,62,62,62,70,70,70,189,2
70,70,70,70,70,70,62,62,62,70,70,70,112,2
70,70,70,70,70,70,70,70,70,76,76,76,9,2
70,70,70,70,70,70,70,70,70,76,76,76,20,2
70,70,70,70,70,70,70,70,70,70,70,70,314,1
70,70,70,70,70,70,70,70,70,76,76,76,284,2
70,70,70,70,70,70,70,70,70,70,70,70,171,2
70,70,70,70,70,70,68,68,68,70,70,70,71,2
70,70,70,70,70,70,60,60,60,70,70,70,155,2
70,70,70,70,70,70,70,70,70,72,72,72,62,2
70,70,70,70,70,70,70,70,70,70,70,70,237,2
70,70,70,70,70,70,66,66,66,70,70,70,312,2
70,70,70,70,70,70,80,80,80,70,70,70,231,1
70,70,70,70,70,70,64,64,64,70,70,70,289,2
70,70,70,70,70,70,70,70,70,70,70,70,215,2
70,70,70,70,70,70,70,70,70,66,66,66,4,1
70,70,70,70,70,70,70,70,70,76,76,76,86,2
70,70,70,70,70,70,70,70,70,62,62,62,200,1
70,70,70,70,70,70,62,62,62,70,70,70,233,2
70,70,70,70,70,70,70,70,70,70,70,70,61,1
70,70,70,70,70,70,60,60,60,70,70,70,265,2
70,70,70,70,70,70,64,64,64,70,70,70,113,2
70,70,70,70,70,70,80,80,80,70,70,70,22,1
70,70,70,70,70,70,70,70,70,78,78,78,186,2
70,70,70,70,70,70,70,70,70,76,76,76,64,2
70,70,70,70,70,70,78,78,78,70,70,70,153,1
70,70,70,70,70,70,70,70,70,76,76,76,42,2
70,70,70,70,70,70,70,70,70,70,70,70,325,2
70,70,70,70,70,70,68,68,68,70,70,70,126,2
70,70,70,70,70,70,66,66,66,70,70,70,114,2
70,70,70,70,70,70,70,70,70,62,62,62,2,1
70,70,70,70,70,70,64,64,64,70,70,70,168,2
70,70,70,70,70,70,70,70,70,64,64,64,245,1
70,70,70,70,70,70,80,80,80,70,70,70,88,1
70,70,70,70,70,70,70,70,70,80,80,80,165,2
70,70,70,70,70,70,70,70,70,70,70,70,160,1
70,70,70,70,70,70,70,70,70,70,70,70,6,1
70,70,70,70,70,70,78,78,78,70,70,70,241,1
70,70,70,70,70,70,70,70,70,70,70,70,50,1
70,70,70,70,70,70,70,70,70,66,66,66,70,1
70,70,70,70,70,70,70,70,70,80,80,80,33,2
70,70,70,70,70,70,70,70,70,68,68,68,181,1
70,70,70,70,70,70,70,70,70,64,64,64,278,1
70,70,70,70,70,70,70,70,70,72,72,72,84,2
70,70,70,70,70,70,70,70,70,66,66,66,246,1
70,70,70,70,70,70,60,60,60,70,70,70,100,2
70,70,70,70,70,70,70,70,70,78,78,78,263,2
70,70,70,70,70,70,70,70,70,74,74,74,129,2
70,70,70,70,70,70,70,70,70,78,78,78,285,2
70,70,70,70,70,70,78,78,78,70,70,70,307,1
70,70,70,70,70,70,70,70,70,76,76,76,229,2
70,70,70,70,70,70,80,80,80,70,70,70,66,1
70,70,70,70,70,70,74,74,74,70,70,70,63,1
70,70,70,70,70,70,78,78,78,70,70,70,252,1
70,70,70,70,70,70,70,70,70,70,70,70,204,1
70,70,70,70,70,70,70,70,70,70,70,70,127,1
70,70,70,70,70,70,70,70,70,70,70,70,17,1
70,70,70,70,70,70,70,70,70,60,60,60,320,1
70,70,70,70,70,70,70,70,70,76,76,76,119,2
70,70,70,70,70,70,72,72,72,70,70,70,271,1
70,70,70,70,70,70,70,70,70,60,60,60,45,1
70,70,70,70,70,70,70,70,70,66,66,66,37,1
70,70,70,70,70,70,66,66,66,70,70,70,15,2
70,70,70,70,70,70,74,74,74,70,70,70,41,1
70,70,70,70,70,70,70,70,70,78,78,78,21,2
70,70,70,70,70,70,70,70,70,80,80,80,154,2
70,70,70,70,70,70,70,70,70,70,70,70,248,1
70,70,70,70,70,70,70,70,70,72,72,72,260,2
70,70,70,70,70,70,66,66,66,70,70,70,48,2
70,70,70,70,70,70,70,70,70,74,74,74,96,2
70,70,70,70,70,70,70,70,70,78,78,78,76,2
70,70,70,70,70,70,70,70,70,62,62,62,35,1
70,70,70,70,70,70,70,70,70,64,64,64,322,1
70,70,70,70,70,70,70,70,70,60,60,60,298,1
70,70,70,70,70,70,70,70,70,60,60,60,254,1
70,70,70,70,70,70,70,70,70,74,74,74,173,2
70,70,70,70,70,70,60,60,60,70,70,70,166,2
70,70,70,70,70,70,62,62,62,70,70,70,101,2
70,70,70,70,70,70,72,72,72,70,70,70,40,1
70,70,70,70,70,70,70,70,70,72,72,72,227,2
70,70,70,70,70,70,78,78,78,70,70,70,329,1
70,70,70,70,70,70,64,64,64,70,70,70,300,2
70,70,70,70,70,70,60,60,60,70,70,70,111,2
70,70,70,70,70,70,74,74,74,70,70,70,327,1
70,70,70,70,70,70,70,70,70,74,74,74,316,2
70,70,70,70,70,70,70,70,70,70,70,70,116,1
70,70,70,70,70,70,70,70,70,80,80,80,44,2
70,70,70,70,70,70,70,70,70,62,62,62,178,1
70,70,70,70,70,70,70,70,70,66,66,66,323,1
70,70,70,70,70,70,70,70,70,60,60,60,56,1
70,70,70,70,70,70,68,68,68,70,70,70,104,2
70,70,70,70,70,70,70,70,70,62,62,62,222,1
70,70,70,70,70,70,70,70,70,68,68,68,258,1
70,70,70,70,70,70,76,76,76,70,70,70,141,1
70,70,70,70,70,70,80,80,80,70,70,70,121,1
70,70,70,70,70,70,74,74,74,70,70,70,30,1
70,70,70,70,70,70,76,76,76,70,70,70,218,1
70,70,70,70,70,70,78,78,78,70,70,70,208,1
70,70,70,70,70,70,64,64,64,70,70,70,3,2
70,70,70,70,70,70,70,70,70,64,64,64,25,1
70,70,70,70,70,70,70,70,70,80,80,80,308,2
70,70,70,70,70,70,72,72,72,70,70,70,18,1
70,70,70,70,70,70,74,74,74,70,70,70,217,1
70,70,70,70,70,70,70,70,70,66,66,66,224,1
70,70,70,70,70,70,70,70,70,68,68,68,38,1
70,70,70,70,70,70,78,78,78,70,70,70,230,1
70,70,70,70,70,70,70,70,70,74,74,74,261,2
70,70,70,70,70,70,70,70,70,72,72,72,326,2
70,70,70,70,70,70,64,64,64,70,70,70,179,2
70,70,70,70,70,70,72,72,72,70,70,70,172,1
70,70,70,70,70,70,70,70,70,68,68,68,280,1
70,70,70,70,70,70,70,70,70,62,62,62,321,1
70,70,70,70,70,70,78,78,78,70,70,70,109,1
70,70,70,70,70,70,70,70,70,66,66,66,257,1
70,70,70,70,70,70,78,78,78,70,70,70,120,1
70,70,70,70,70,70,70,70,70,78,78,78,87,2
70,70,70,70,70,70,70,70,70,70,70,70,39,1
70,70,70,70,70,70,70,70,70,66,66,66,92,1
70,70,70,70,70,70,70,70,70,70,70,70,259,2
70,70,70,70,70,70,70,70,70,64,64,64,91,1
70,70,70,70,70,70,70,70,70,76,76,76,262,2
70,70,70,70,70,70,68,68,68,70,70,70,49,2
70,70,70,70,70,70,70,70,70,76,76,76,31,2
70,70,70,70,70,70,64,64,64,70,70,70,69,2
70,70,70,70,70,70,64,64,64,70,70,70,146,2
70,70,70,70,70,70,70,70,70,60,60,60,177,1
70,70,70,70,70,70,70,70,70,68,68,68,137,1
70,70,70,70,70,70,70,70,70,60,60,60,188,1
70,70,70,70,70,70,62,62,62,70,70,70,24,2
70,70,70,70,70,70,68,68,68,70,70,70,5,2
70,70,70,70,70,70,80,80,80,70,70,70,242,1
70,70,70,70,70,70,78,78,78,70,70,70,142,1
70,70,70,70,70,70,70,70,70,72,72,72,7,2
70,70,70,70,70,70,62,62,62,70,70,70,57,2
70,70,70,70,70,70,70,70,70,80,80,80,253,2
70,70,70,70,70,70,70,70,70,70,70,70,72,2
70,70,70,70,70,70,70,70,70,70,70,70,270,1
70,70,70,70,70,70,70,70,70,60,60,60,287,1
70,70,70,70,70,70,64,64,64,70,70,70,14,2
70,70,70,70,70,70,76,76,76,70,70,70,97,1
70,70,70,70,70,70,70,70,70,62,62,62,310,1
70,70,70,70,70,70,74,74,74,70,70,70,52,1
70,70,70,70,70,70,70,70,70,70,70,70,281,2
70,70,70,70,70,70,70,70,70,70,70,70,193,2
70,70,70,70,70,70,72,72,72,70,70,70,95,1
70,70,70,70,70,70,72,72,72,70,70,70,205,1
70,70,70,70,70,70,70,70,70,66,66,66,103,1
70,70,70,70,70,70,70,70,70,80,80,80,99,2
70,70,70,70,70,70,70,70,70,78,78,78,219,2
70,70,70,70,70,70,66,66,66,70,70,70,191,2
70,70,70,70,70,70,72,72,72,70,70,70,315,1
70,70,70,70,70,70,78,78,78,70,70,70,175,1
70,70,70,70,70,70,70,70,70,64,64,64,267,1
70,70,70,70,70,70,70,70,70,62,62,62,123,1
70,70,70,70,70,70,70,70,70,74,74,74,283,2
70,70,70,70,70,70,70,70,70,60,60,60,12,1
70,70,70,70,70,70,66,66,66,70,70,70,125,2
70,70,70,70,70,70,66,66,66,70,70,70,158,2
70,70,70,70,70,70,64,64,64,70,70,70,201,2
70,70,70,70,70,70,70,70,70,76,76,76,163,2
70,70,70,70,70,70,70,70,70,62,62,62,13,1
70,70,70,70,70,70,70,70,70,74,74,74,74,2
70,70,70,70,70,70,70,70,70,64,64,64,190,1
70,70,70,70,70,70,74,74,74,70,70,70,184,1
70,70,70,70,70,70,70,70,70,72,72,72,249,2
70,70,70,70,70,70,70,70,70,80,80,80,143,2
70,70,70,70,70,70,62,62,62,70,70,70,68,2
70,70,70,70,70,70,60,60,60,70,70,70,133,2
70,70,70,70,70,70,70,70,70,66,66,66,235,1
70,70,70,70,70,70,70,70,70,70,70,70,182,2
70,70,70,70,70,70,72,72,72,70,70,70,128,1
70,70,70,70,70,70,70,70,70,68,68,68,236,1
70,70,70,70,70,70,70,70,70,70,70,70,83,2
70,70,70,70,70,70,70,70,70,60,60,60,199,1
70,70,70,70,70,70,70,70,70,80,80,80,176,2
70,70,70,70,70,70,74,74,74,70,70,70,19,1
70,70,70,70,70,70,64,64,64,70,70,70,256,2
70,70,70,70,70,70,70,70,70,66,66,66,136,1
70,70,70,70,70,70,70,70,70,80,80,80,286,2
70,70,70,70,70,70,70,70,70,62,62,62,46,1
70,70,70,70,70,70,62,62,62,70,70,70,244,2
70,70,70,70,70,70,72,72,72,70,70,70,117,1
70,70,70,70,70,70,64,64,64,70,70,70,102,2
70,70,70,70,70,70,62,62,62,70,70,70,288,2
70,70,70,70,70,70,62,62,62,70,70,70,211,2
70,70,70,70,70,70,68,68,68,70,70,70,16,2
70,70,70,70,70,70,72,72,72,70,70,70,161,1
70,70,70,70,70,70,70,70,70,70,70,70,105,2
70,70,70,70,70,70,72,72,72,70,70,70,238,1
70,70,70,70,70,70,78,78,78,70,70,70,197,1
70,70,70,70,70,70,78,78,78,70,70,70,65,1
70,70,70,70,70,70,70,70,70,78,78,78,43,2
70,70,70,70,70,70,70,70,70,70,70,70,149,1
70,70,70,70,70,70,74,74,74,70,70,70,294,1
70,70,70,70,70,70,70,70,70,62,62,62,90,1
70,70,70,70,70,70,70,70,70,60,60,60,34,1
70,70,70,70,70,70,70,70,70,80,80,80,220,2
70,70,70,70,70,70,70,70,70,66,66,66,202,1
70,70,70,70,70,70,70,70,70,64,64,64,36,1
70,70,70,70,70,70,70,70,70,60,60,60,276,1
70,70,70,70,70,70,66,66,66,70,70,70,59,2
70,70,70,70,70,70,70,70,70,74,74,74,228,2
70,70,70,70,70,70,78,78,78,70,70,70,164,1
70,70,70,70,70,70,70,70,70,74,74,74,250,2
70,70,70,70,70,70,78,78,78,70,70,70,318,1
70,70,70,70,70,70,70,70,70,80,80,80,330,2
70,70,70,70,70,70,68,68,68,70,70,70,302,2
70,70,70,70,70,70,70,70,70,68,68,68,148,1
70,70,70,70,70,70,70,70,70,70,70,70,226,1
70,70,70,70,70,70,70,70,70,70,70,70,94,1
70,70,70,70,70,70,66,66,66,70,70,70,180,2
70,70,70,70,70,70,70,70,70,60,60,60,67,1
70,70,70,70,70,70,70,70,70,80,80,80,55,2
70,70,70,70,70,70,70,70,70,74,74,74,118,2
70,70,70,70,70,70,60,60,60,70,70,70,1,2
70,70,70,70,70,70,68,68,68,70,70,70,27,2
70,70,70,70,70,70,70,70,70,64,64,64,124,1
70,70,70,70,70,70,66,66,66,70,70,70,279,2
70,70,70,70,70,70,70,70,70,74,74,74,85,2
70,70,70,70,70,70,70,70,70,72,72,72,29,2
70,70,70,70,70,70,70,70,70,68,68,68,82,1
70,70,70,70,70,70,70,70,70,78,78,78,54,2
70,70,70,70,70,70,68,68,68,70,70,70,192,2
70,70,70,70,70,70,70,70,70,64,64,64,47,1
70,70,70,70,70,70,70,70,70,68,68,68,170,1
70,70,70,70,70,70,70,70,70,76,76,76,295,2
70,70,70,70,70,70,70,70,70,66,66,66,213,1
70,70,70,70,70,70,70,70,70,60,60,60,221,1
70,70,70,70,70,70,64,64,64,70,70,70,157,2
70,70,70,70,70,70,66,66,66,70,70,70,301,2
70,70,70,70,70,70,70,70,70,68,68,68,60,1
70,70,70,70,70,70,62,62,62,70,70,70,134,2
70,70,70,70,70,70,70,70,70,80,80,80,77,2
70,70,70,70,70,70,60,60,60,70,70,70,23,2
70,70,70,70,70,70,76,76,76,70,70,70,273,1
70,70,70,70,70,70,70,70,70,76,76,76,306,2
70,70,70,70,70,70,70,70,70,60,60,60,144,1
70,70,70,70,70,70,64,64,64,70,70,70,223,2
70,70,70,70,70,70,70,70,70,62,62,62,299,1
70,70,70,70,70,70,60,60,60,70,70,70,232,2
70,70,70,70,70,70,70,70,70,68,68,68,115,1
70,70,70,70,70,70,74,74,74,70,70,70,239,1
70,70,70,70,70,70,70,70,70,70,70,70,303,2
70,70,70,70,70,70,70,70,70,60,60,60,78,1
70,70,70,70,70,70,76,76,76,70,70,70,108,1
70,70,70,70,70,70,76,76,76,70,70,70,174,1
70,70,70,70,70,70,76,76,76,70,70,70,328,1
70,70,70,70,70,70,80,80,80,70,70,70,209,1
70,70,70,70,70,70,70,70,70,70,70,70,138,2
70,70,70,70,70,70,70,70,70,72,72,72,216,2
70,70,70,70,70,70,66,66,66,70,70,70,268,2
70,70,70,70,70,70,70,70,70,80,80,80,275,2
70,70,70,70,70,70,70,70,70,72,72,72,106,2
70,70,70,70,70,70,70,70,70,80,80,80,11,2
70,70,70,70,70,70,74,74,74,70,70,70,195,1
70,70,70,70,70,70,70,70,70,78,78,78,296,2
70,70,70,70,70,70,74,74,74,70,70,70,162,1
70,70,70,70,70,70,70,70,70,80,80,80,187,2
70,70,70,70,70,70,70,70,70,60,60,60,210,1
70,70,70,70,70,70,66,66,66,70,70,70,169,2
70,70,70,70,70,70,70,70,70,70,70,70,28,1
70,70,70,70,70,70,68,68,68,70,70,70,159,2
70,70,70,70,70,70,70,70,70,74,74,74,140,2
70,70,70,70,70,70,68,68,68,70,70,70,214,2
70,70,70,70,70,70,70,70,70,66,66,66,81,1
70,70,70,70,70,70,72,72,72,70,70,70,183,1
70,70,70,70,70,70,74,74,74,70,70,70,305,1
70,70,70,70,70,70,62,62,62,70,70,70,167,2
70,70,70,70,70,70,70,70,70,74,74,74,151,2
70,70,70,70,70,70,70,70,70,76,76,76,240,2
70,70,70,70,70,70,70,70,70,76,76,76,185,2
70,70,70,70,70,70,70,70,70,68,68,68,313,1
70,70,70,70,70,70,64,64,64,70,70,70,234,2
70,70,70,70,70,70,70,70,70,68,68,68,269,1
70,70,70,70,70,70,76,76,76,70,70,70,196,1
70,70,70,70,70,70,62,62,62,70,70,70,145,2
70,70,70,70,70,70,70,70,70,72,72,72,293,2
70,70,70,70,70,70,76,76,76,70,70,70,130,1
70,70,70,70,70,70,70,70,70,72,72,72,51,2
70,70,70,70,70,70,74,74,74,70,70,70,8,1
70,70,70,70,70,70,70,70,70,78,78,78,274,2
70,70,70,70,70,70,76,76,76,70,70,70,53,1
70,70,70,70,70,70,70,70,70,70,70,70,292,1
70,70,70,70,70,70,70,70,70,60,60,60,243,1
70,70,70,70,70,70,70,70,70,72,72,72,282,2
70,70,70,70,70,70,70,70,70,64,64,64,212,1
70,70,70,70,70,70,70,70,70,68,68,68,203,1
70,70,70,70,70,70,70,70,70,72,72,72,194,2
70,70,70,70,70,70,70,70,70,62,62,62,277,1
70,70,70,70,70,70,70,70,70,74,74,74,206,2
70,70,70,70,70,70,70,70,70,72,72,72,139,2
70,70,70,70,70,70,72,72,72,70,70,70,304,1
