144,143,141,144,143,141,153,152,150,144,143,141,198,1
144,143,141,144,143,141,143,141,139,144,143,141,247,2
144,143,141,144,143,141,144,143,141,137,136,133,266,1
144,143,141,144,143,141,150,149,146,144,143,141,251,1
144,143,141,144,143,141,151,150,148,144,143,141,32,1
144,143,141,144,143,141,150,149,146,144,143,141,317,1
144,143,141,144,143,141,151,150,148,144,143,141,98,1
144,143,141,144,143,141,144,143,141,153,152,150,132,2
144,143,141,144,143,141,146,145,143,144,143,141,150,1
144,143,141,144,143,141,143,141,139,144,143,141,324,2
144,143,141,144,143,141,144,143,141,135,134,131,89,1
144,143,141,144,143,141,144,143,141,137,136,133,156,1
144,143,141,144,143,141,150,149,146,144,143,141,75,1
144,143,141,144,143,141,144,143,141,148,147,144,107,2
144,143,141,144,143,141,144,143,141,143,141,139,225,1
144,143,141,144,143,141,144,143,141,141,140,137,147,1
144,143,141,144,143,141,144,143,141,153,152,150,297,2
144,143,141,144,143,141,139,138,135,144,143,141,135,2
144,143,141,144,143,141,151,150,148,144,143,141,10,1
144,143,141,144,143,141,153,152,150,144,143,141,110,1
144,143,141,144,143,141,144,143,141,137,136,133,255,1
144,143,141,144,143,141,141,140,137,144,143,141,290,2
144,143,141,144,143,141,143,141,139,144,143,141,291,2
144,143,141,144,143,141,135,134,131,144,143,141,122,2
144,143,141,144,143,141,146,145,143,144,143,141,73,1
144,143,141,144,143,141,153,152,150,144,143,141,319,1
144,143,141,144,143,141,150,149,146,144,143,141,152,1
144,143,141,144,143,141,150,149,146,144,143,141,207,1
144,143,141,144,143,141,144,143,141,139,138,135,311,1
144,143,141,144,143,141,139,138,135,144,143,141,80,2
144,143,141,144,143,141,144,143,141,137,136,133,79,1
144,143,141,144,143,141,144,143,141,148,147,144,272,2
144,143,141,144,143,141,141,140,137,144,143,141,26,2
144,143,141,144,143,141,139,138,135,144,143,141,58,2
144,143,141,144,143,141,135,134,131,144,143,141,309,2
144,143,141,144,143,141,144,143,141,153,152,150,264,2
144,143,141,144,143,141,143,141,139,144,143,141,93,2
144,143,141,144,143,141,151,150,148,144,143,141,131,1
144,143,141,144,143,141,137,136,133,144,143,141,189,2
144,143,141,144,143,141,137,136,133,144,143,141,112,2
144,143,141,144,143,141,144,143,141,150,149,146,9,2
144,143,141,144,143,141,144,143,141,150,149,146,20,2
144,143,141,144,143,141,144,143,141,144,143,141,314,1
144,143,141,144,143,141,144,143,141,150,149,146,284,2
144,143,141,144,143,141,144,143,141,144,143,141,171,2
144,143,141,144,143,141,143,141,139,144,143,141,71,2
144,143,141,144,143,141,135,134,131,144,143,141,155,2
144,143,141,144,143,141,144,143,141,146,145,143,62,2
144,143,141,144,143,141,144,143,141,144,143,141,237,2
144,143,141,144,143,141,141,140,137,144,143,141,312,2
144,143,141,144,143,141,153,152,150,144,143,141,231,1
144,143,141,144,143,141,139,138,135,144,143,141,289,2
144,143,141,144,143,141,144,143,141,144,143,141,215,2
144,143,141,144,143,141,144,143,141,141,140,137,4,1
144,143,141,144,143,141,144,143,141,150,149,146,86,2
144,143,141,144,143,141,144,143,141,137,136,133,200,1
144,143,141,144,143,141,137,136,133,144,143,141,233,2
144,143,141,144,143,141,144,143,141,144,143,141,61,1
144,143,141,144,143,141,135,134,131,144,143,141,265,2
144,143,141,144,143,141,139,138,135,144,143,141,113,2
144,143,141,144,143,141,153,152,150,144,143,141,22,1
144,143,141,144,143,141,144,143,141,151,150,148,186,2
144,143,141,144,143,141,144,143,141,150,149,146,64,2
144,143,141,144,143,141,151,150,148,144,143,141,153,1
144,143,141,144,143,141,144,143,141,150,149,146,42,2
144,143,141,144,143,141,144,143,141,144,143,141,325,2
144,143,141,144,143,141,143,141,139,144,143,141,126,2
144,143,141,144,143,141,141,140,137,144,143,141,114,2
144,143,141,144,143,141,144,143,141,137,136,133,2,1
144,143,141,144,143,141,139,138,135,144,143,141,168,2
144,143,141,144,143,141,144,143,141,139,138,135,245,1
144,143,141,144,143,141,153,152,150,144,143,141,88,1
144,143,141,144,143,141,144,143,141,153,152,150,165,2
144,143,141,144,143,141,144,143,141,144,143,141,160,1
144,143,141,144,143,141,144,143,141,144,143,141,6,1
144,143,141,144,143,141,151,150,148,144,143,141,241,1
144,143,141,144,143,141,144,143,141,144,143,141,50,1
144,143,141,144,143,141,144,143,141,141,140,137,70,1
144,143,141,144,143,141,144,143,141,153,152,150,33,2
144,143,141,144,143,141,144,143,141,143,141,139,181,1
144,143,141,144,143,141,144,143,141,139,138,135,278,1
144,143,141,144,143,141,144,143,141,146,145,143,84,2
144,143,141,144,143,141,144,143,141,141,140,137,246,1
144,143,141,144,143,141,135,134,131,144,143,141,100,2
144,143,141,144,143,141,144,143,141,151,150,148,263,2
144,143,141,144,143,141,144,143,141,148,147,144,129,2
144,143,141,144,143,141,144,143,141,151,150,148,285,2
144,143,141,144,143,141,151,150,148,144,143,141,307,1
144,143,141,144,143,141,144,143,141,150,149,146,229,2
144,143,141,144,143,141,153,152,150,144,143,141,66,1
144,143,141,144,143,141,148,147,144,144,143,141,63,1
144,143,141,144,143,141,151,150,148,144,143,141,252,1
144,143,141,144,143,141,144,143,141,144,143,141,204,1
144,143,141,144,143,141,144,143,141,144,143,141,127,1
144,143,141,144,143,141,144,143,141,144,143,141,17,1
144,143,141,144,143,141,144,143,141,135,134,131,320,1
144,143,141,144,143,141,144,143,141,150,149,146,119,2
144,143,141,144,143,141,146,145,143,144,143,141,271,1
144,143,141,144,143,141,144,143,141,135,134,131,45,1
144,143,141,144,143,141,144,143,141,141,140,137,37,1
144,143,141,144,143,141,141,140,137,144,143,141,15,2
144,143,141,144,143,141,148,147,144,144,143,141,41,1
144,143,141,144,143,141,144,143,141,151,150,148,21,2
144,143,141,144,143,141,144,143,141,153,152,150,154,2
144,143,141,144,143,141,144,143,141,144,143,141,248,1
144,143,141,144,143,141,144,143,141,146,145,143,260,2
144,143,141,144,143,141,141,140,137,144,143,141,48,2
144,143,141,144,143,141,144,143,141,148,147,144,96,2
144,143,141,144,143,141,144,143,141,151,150,148,76,2
144,143,141,144,143,141,144,143,141,137,136,133,35,1
144,143,141,144,143,141,144,143,141,139,138,135,322,1
144,143,141,144,143,141,144,143,141,135,134,131,298,1
144,143,141,144,143,141,144,143,141,135,134,131,254,1
144,143,141,144,143,141,144,143,141,148,147,144,173,2
144,143,141,144,143,141,135,134,131,144,143,141,166,2
144,143,141,144,143,141,137,136,133,144,143,141,101,2
144,143,141,144,143,141,146,145,143,144,143,141,40,1
144,143,141,144,143,141,144,143,141,146,145,143,227,2
144,143,141,144,143,141,151,150,148,144,143,141,329,1
144,143,141,144,143,141,139,138,135,144,143,141,300,2
144,143,141,144,143,141,135,134,131,144,143,141,111,2
144,143,141,144,143,141,148,147,144,144,143,141,327,1
144,143,141,144,143,141,144,143,141,148,147,144,316,2
144,143,141,144,143,141,144,143,141,144,143,141,116,1
144,143,141,144,143,141,144,143,141,153,152,150,44,2
144,143,141,144,143,141,144,143,141,137,136,133,178,1
144,143,141,144,143,141,144,143,141,141,140,137,323,1
144,143,141,144,143,141,144,143,141,135,134,131,56,1
144,143,141,144,143,141,143,141,139,144,143,141,104,2
144,143,141,144,143,141,144,143,141,137,136,133,222,1
144,143,141,144,143,141,144,143,141,143,141,139,258,1
144,143,141,144,143,141,150,149,146,144,143,141,141,1
144,143,141,144,143,141,153,152,150,144,143,141,121,1
144,143,141,144,143,141,148,147,144,144,143,141,30,1
144,143,141,144,143,141,150,149,146,144,143,141,218,1
144,143,141,144,143,141,151,150,148,144,143,141,208,1
144,143,141,144,143,141,139,138,135,144,143,141,3,2
144,143,141,144,143,141,144,143,141,139,138,135,25,1
144,143,141,144,143,141,144,143,141,153,152,150,308,2
144,143,141,144,143,141,146,145,143,144,143,141,18,1
144,143,141,144,143,141,148,147,144,144,143,141,217,1
144,143,141,144,143,141,144,143,141,141,140,137,224,1
144,143,141,144,143,141,144,143,141,143,141,139,38,1
144,143,141,144,143,141,151,150,148,144,143,141,230,1
144,143,141,144,143,141,144,143,141,148,147,144,261,2
144,143,141,144,143,141,144,143,141,146,145,143,326,2
144,143,141,144,143,141,139,138,135,144,143,141,179,2
144,143,141,144,143,141,146,145,143,144,143,141,172,1
144,143,141,144,143,141,144,143,141,143,141,139,280,1
144,143,141,144,143,141,144,143,141,137,136,133,321,1
144,143,141,144,143,141,151,150,148,144,143,141,109,1
144,143,141,144,143,141,144,143,141,141,140,137,257,1
144,143,141,144,143,141,151,150,148,144,143,141,120,1
144,143,141,144,143,141,144,143,141,151,150,148,87,2
144,143,141,144,143,141,144,143,141,144,143,141,39,1
144,143,141,144,143,141,144,143,141,141,140,137,92,1
144,143,141,144,143,141,144,143,141,144,143,141,259,2
144,143,141,144,143,141,144,143,141,139,138,135,91,1
144,143,141,144,143,141,144,143,141,150,149,146,262,2
144,143,141,144,143,141,143,141,139,144,143,141,49,2
144,143,141,144,143,141,144,143,141,150,149,146,31,2
144,143,141,144,143,141,139,138,135,144,143,141,69,2
144,143,141,144,143,141,139,138,135,144,143,141,146,2
144,143,141,144,143,141,144,143,141,135,134,131,177,1
144,143,141,144,143,141,144,143,141,143,141,139,137,1
144,143,141,144,143,141,144,143,141,135,134,131,188,1
144,143,141,144,143,141,137,136,133,144,143,141,24,2
144,143,141,144,143,141,143,141,139,144,143,141,5,2
144,143,141,144,143,141,153,152,150,144,143,141,242,1
144,143,141,144,143,141,151,150,148,144,143,141,142,1
144,143,141,144,143,141,144,143,141,146,145,143,7,2
144,143,141,144,143,141,137,136,133,144,143,141,57,2
144,143,141,144,143,141,144,143,141,153,152,150,253,2
144,143,141,144,143,141,144,143,141,144,143,141,72,2
144,143,141,144,143,141,144,143,141,144,143,141,270,1
144,143,141,144,143,141,144,143,141,135,134,131,287,1
144,143,141,144,143,141,139,138,135,144,143,141,14,2
144,143,141,144,143,141,150,149,146,144,143,141,97,1
144,143,141,144,143,141,144,143,141,137,136,133,310,1
144,143,141,144,143,141,148,147,144,144,143,141,52,1
144,143,141,144,143,141,144,143,141,144,143,141,281,2
144,143,141,144,143,141,144,143,141,144,143,141,193,2
144,143,141,144,143,141,146,145,143,144,143,141,95,1
144,143,141,144,143,141,146,145,143,144,143,141,205,1
144,143,141,144,143,141,144,143,141,141,140,137,103,1
144,143,141,144,143,141,144,143,141,153,152,150,99,2
144,143,141,144,143,141,144,143,141,151,150,148,219,2
144,143,141,144,143,141,141,140,137,144,143,141,191,2
144,143,141,144,143,141,146,145,143,144,143,141,315,1
144,143,141,144,143,141,151,150,148,144,143,141,175,1
144,143,141,144,143,141,144,143,141,139,138,135,267,1
144,143,141,144,143,141,144,143,141,137,136,133,123,1
144,143,141,144,143,141,144,143,141,148,147,144,283,2
144,143,141,144,143,141,144,143,141,135,134,131,12,1
144,143,141,144,143,141,141,140,137,144,143,141,125,2
144,143,141,144,143,141,141,140,137,144,143,141,158,2
144,143,141,144,143,141,139,138,135,144,143,141,201,2
144,143,141,144,143,141,144,143,141,150,149,146,163,2
144,143,141,144,143,141,144,143,141,137,136,133,13,1
144,143,141,144,143,141,144,143,141,148,147,144,74,2
144,143,141,144,143,141,144,143,141,139,138,135,190,1
144,143,141,144,143,141,148,147,144,144,143,141,184,1
144,143,141,144,143,141,144,143,141,146,145,143,249,2
144,143,141,144,143,141,144,143,141,153,152,150,143,2
144,143,141,144,143,141,137,136,133,144,143,141,68,2
144,143,141,144,143,141,135,134,131,144,143,141,133,2
144,143,141,144,143,141,144,143,141,141,140,137,235,1
144,143,141,144,143,141,144,143,141,144,143,141,182,2
144,143,141,144,143,141,146,145,143,144,143,141,128,1
144,143,141,144,143,141,144,143,141,143,141,139,236,1
144,143,141,144,143,141,144,143,141,144,143,141,83,2
144,143,141,144,143,141,144,143,141,135,134,131,199,1
144,143,141,144,143,141,144,143,141,153,152,150,176,2
144,143,141,144,143,141,148,147,144,144,143,141,19,1
144,143,141,144,143,141,139,138,135,144,143,141,256,2
144,143,141,144,143,141,144,143,141,141,140,137,136,1
144,143,141,144,143,141,144,143,141,153,152,150,286,2
144,143,141,144,143,141,144,143,141,137,136,133,46,1
144,143,141,144,143,141,137,136,133,144,143,141,244,2
144,143,141,144,143,141,146,145,143,144,143,141,117,1
144,143,141,144,143,141,139,138,135,144,143,141,102,2
144,143,141,144,143,141,137,136,133,144,143,141,288,2
144,143,141,144,143,141,137,136,133,144,143,141,211,2
144,143,141,144,143,141,143,141,139,144,143,141,16,2
144,143,141,144,143,141,146,145,143,144,143,141,161,1
144,143,141,144,143,141,144,143,141,144,143,141,105,2
144,143,141,144,143,141,146,145,143,144,143,141,238,1
144,143,141,144,143,141,151,150,148,144,143,141,197,1
144,143,141,144,143,141,151,150,148,144,143,141,65,1
144,143,141,144,143,141,144,143,141,151,150,148,43,2
144,143,141,144,143,141,144,143,141,144,143,141,149,1
144,143,141,144,143,141,148,147,144,144,143,141,294,1
144,143,141,144,143,141,144,143,141,137,136,133,90,1
144,143,141,144,143,141,144,143,141,135,134,131,34,1
144,143,141,144,143,141,144,143,141,153,152,150,220,2
144,143,141,144,143,141,144,143,141,141,140,137,202,1
144,143,141,144,143,141,144,143,141,139,138,135,36,1
144,143,141,144,143,141,144,143,141,135,134,131,276,1
144,143,141,144,143,141,141,140,137,144,143,141,59,2
144,143,141,144,143,141,144,143,141,148,147,144,228,2
144,143,141,144,143,141,151,150,148,144,143,141,164,1
144,143,141,144,143,141,144,143,141,148,147,144,250,2
144,143,141,144,143,141,151,150,148,144,143,141,318,1
144,143,141,144,143,141,144,143,141,153,152,150,330,2
144,143,141,144,143,141,143,141,139,144,143,141,302,2
144,143,141,144,143,141,144,143,141,143,141,139,148,1
144,143,141,144,143,141,144,143,141,144,143,141,226,1
144,143,141,144,143,141,144,143,141,144,143,141,94,1
144,143,141,144,143,141,141,140,137,144,143,141,180,2
144,143,141,144,143,141,144,143,141,135,134,131,67,1
144,143,141,144,143,141,144,143,141,153,152,150,55,2
144,143,141,144,143,141,144,143,141,148,147,144,118,2
144,143,141,144,143,141,135,134,131,144,143,141,1,2
144,143,141,144,143,141,143,141,139,144,143,141,27,2
144,143,141,144,143,141,144,143,141,139,138,135,124,1
144,143,141,144,143,141,141,140,137,144,143,141,279,2
144,143,141,144,143,141,144,143,141,148,147,144,85,2
144,143,141,144,143,141,144,143,141,146,145,143,29,2
144,143,141,144,143,141,144,143,141,143,141,139,82,1
144,143,141,144,143,141,144,143,141,151,150,148,54,2
144,143,141,144,143,141,143,141,139,144,143,141,192,2
144,143,141,144,143,141,144,143,141,139,138,135,47,1
144,143,141,144,143,141,144,143,141,143,141,139,170,1
144,143,141,144,143,141,144,143,141,150,149,146,295,2
144,143,141,144,143,141,144,143,141,141,140,137,213,1
144,143,141,144,143,141,144,143,141,135,134,131,221,1
144,143,141,144,143,141,139,138,135,144,143,141,157,2
144,143,141,144,143,141,141,140,137,144,143,141,301,2
144,143,141,144,143,141,144,143,141,143,141,139,60,1
144,143,141,144,143,141,137,136,133,144,143,141,134,2
144,143,141,144,143,141,144,143,141,153,152,150,77,2
144,143,141,144,143,141,135,134,131,144,143,141,23,2
144,143,141,144,143,141,150,149,146,144,143,141,273,1
144,143,141,144,143,141,144,143,141,150,149,146,306,2
144,143,141,144,143,141,144,143,141,135,134,131,144,1
144,143,141,144,143,141,139,138,135,144,143,141,223,2
144,143,141,144,143,141,144,143,141,137,136,133,299,1
144,143,141,144,143,141,135,134,131,144,143,141,232,2
144,143,141,144,143,141,144,143,141,143,141,139,115,1
144,143,141,144,143,141,148,147,144,144,143,141,239,1
144,143,141,144,143,141,144,143,141,144,143,141,303,2
144,143,141,144,143,141,144,143,141,135,134,131,78,1
144,143,141,144,143,141,150,149,146,144,143,141,108,1
144,143,141,144,143,141,150,149,146,144,143,141,174,1
144,143,141,144,143,141,150,149,146,144,143,141,328,1
144,143,141,144,143,141,153,152,150,144,143,141,209,1
144,143,141,144,143,141,144,143,141,144,143,141,138,2
144,143,141,144,143,141,144,143,141,146,145,143,216,2
144,143,141,144,143,141,141,140,137,144,143,141,268,2
144,143,141,144,143,141,144,143,141,153,152,150,275,2
144,143,141,144,143,141,144,143,141,146,145,143,106,2
144,143,141,144,143,141,144,143,141,153,152,150,11,2
144,143,141,144,143,141,148,147,144,144,143,141,195,1
144,143,141,144,143,141,144,143,141,151,150,148,296,2
144,143,141,144,143,141,148,147,144,144,143,141,162,1
144,143,141,144,143,141,144,143,141,153,152,150,187,2
144,143,141,144,143,141,144,143,141,135,134,131,210,1
144,143,141,144,143,141,141,140,137,144,143,141,169,2
144,143,141,144,143,141,144,143,141,144,143,141,28,1
144,143,141,144,143,141,143,141,139,144,143,141,159,2
144,143,141,144,143,141,144,143,141,148,147,144,140,2
144,143,141,144,143,141,143,141,139,144,143,141,214,2
144,143,141,144,143,141,144,143,141,141,140,137,81,1
144,143,141,144,143,141,146,145,143,144,143,141,183,1
144,143,141,144,143,141,148,147,144,144,143,141,305,1
144,143,141,144,143,141,137,136,133,144,143,141,167,2
144,143,141,144,143,141,144,143,141,148,147,144,151,2
144,143,141,144,143,141,144,143,141,150,149,146,240,2
144,143,141,144,143,141,144,143,141,150,149,146,185,2
144,143,141,144,143,141,144,143,141,143,141,139,313,1
144,143,141,144,143,141,139,138,135,144,143,141,234,2
144,143,141,144,143,141,144,143,141,143,141,139,269,1
144,143,141,144,143,141,150,149,146,144,143,141,196,1
144,143,141,144,143,141,137,136,133,144,143,141,145,2
144,143,141,144,143,141,144,143,141,146,145,143,293,2
144,143,141,144,143,141,150,149,146,144,143,141,130,1
144,143,141,144,143,141,144,143,141,146,145,143,51,2
144,143,141,144,143,141,148,147,144,144,143,141,8,1
144,143,141,144,143,141,144,143,141,151,150,148,274,2
144,143,141,144,143,141,150,149,146,144,143,141,53,1
144,143,141,144,143,141,144,143,141,144,143,141,292,1
144,143,141,144,143,141,144,143,141,135,134,131,243,1
144,143,141,144,143,141,144,143,141,146,145,143,282,2
144,143,141,144,143,141,144,143,141,139,138,135,212,1
144,143,141,144,143,141,144,143,141,143,141,139,203,1
144,143,141,144,143,141,144,143,141,146,145,143,194,2
144,143,141,144,143,141,144,143,141,137,136,133,277,1
144,143,141,144,143,141,144,143,141,148,147,144,206,2
144,143,141,144,143,141,144,143,141,146,145,143,139,2
144,143,141,144,143,141,146,145,143,144,143,141,304,1
